ENSMUST00000027027.6|ENSMUSG00000025898|Cwf19l2	51.2	3478108	chr9:3477957-3479236	1.00	0.82	0.76	1.00	1.00	0.84	0.68	0.88	0.70	NA	NA	NA
ENSMUST00000212066.1|ENSMUSG00000025894|Aasdhppt	947.0	4308693	chr9:4294793-4308909	0.04	0.04	0.04	0.04	0.04	0.05	0.04	0.06	0.04	0.04	0.04	0.04
ENSMUST00000212075.1|ENSMUSG00000041124|Msantd4	178.5	4385462	chr9:4385311-4386870	0.83	0.88	0.89	0.91	1.00	0.95	1.00	0.86	0.74	1.00	1.00	0.87
ENSMUST00000238730.1|ENSMUSG00000025888|Casp1	84.4	5304380	chr9:5304229-5307203	NA	0.05	0.06	0.06	0.16	0.08	0.04	0.05	0.04	0.05	0.05	NA
ENSMUST00000159461.7|ENSMUSG00000033538|Casp4	198.2	5324958	chr9:5323716-5336089	0.15	0.13	0.11	0.13	0.16	0.19	0.16	0.16	0.12	0.09	NA	NA
ENSMUST00000151788.7|ENSMUSG00000025887|Casp12	981.0	5353868	chr9:5353649-5372881	0.03	0.02	0.02	0.02	0.02	0.03	0.02	0.02	0.02	0.02	NA	0.03
ENSMUST00000214892.1|ENSMUSG00000032006|Pdgfd	338.5	6377063	chr9:6376905-6378850	0.70	0.70	0.88	0.94	1.00	0.94	0.70	0.73	0.88	0.91	0.80	0.72
ENSMUST00000215683.1|ENSMUSG00000032002|Dcun1d5	1473.2	7206964	chr9:7206772-7208205	0.01	0.04	0.03	0.03	0.03	0.02	0.03	0.04	0.02	0.04	0.06	0.06
ENSMUST00000015394.9|ENSMUSG00000050578|Mmp13	17718.7	7282997	chr9:7282115-7283331	0.74	1.00	0.82	0.80	0.52	0.75	1.00	0.77	0.82	0.84	NA	NA
ENSMUST00000127722.1|ENSMUSG00000049723|Mmp12	8387.4	7348832	chr9:7348604-7358888	0.19	0.19	0.22	0.23	0.13	0.20	0.26	0.24	0.14	0.18	NA	NA
ENSMUST00000034497.7|ENSMUSG00000043613|Mmp3	534200.1	7455838	chr9:7455687-7455975	0.33	0.29	0.28	0.30	0.34	0.38	0.32	0.27	0.33	0.33	NA	NA
ENSMUST00000034488.3|ENSMUSG00000047562|Mmp10	41.0	7510139	chr9:7509988-7510240	NA	NA	NA	0.27	0.08	0.35	NA	NA	0.34	0.27	NA	NA
ENSMUST00000018765.3|ENSMUSG00000005800|Mmp8	127.5	7567838	chr9:7567535-7568485	0.55	NA	0.14	0.18	0.50	0.31	NA	0.17	0.18	0.23	NA	NA
ENSMUST00000152878.2|ENSMUSG00000070323|Mmp27	8.4	7581624	chr9:7581390-7581885	NA	NA	0.40	0.11	0.81	NA	NA	NA	0.22	0.42	NA	NA
ENSMUST00000190341.6|ENSMUSG00000057367|Birc2	183.8	7818463	chr9:7818226-7818752	0.65	0.36	0.46	0.38	0.65	0.52	0.46	0.36	0.56	0.23	0.58	0.37
ENSMUST00000173264.7|ENSMUSG00000053110|Yap1	337.6	7936514	chr9:7934496-7938431	0.00	0.00	0.01	0.03	NA	0.00	0.00	0.04	0.00	0.00	NA	0.10
ENSMUST00000065291.1|ENSMUSG00000053070|Cfap300	24.7	8021975	chr9:8021671-8022418	0.94	NA	0.92	0.99	0.46	0.68	0.36	0.65	0.89	0.73	0.60	0.75
ENSMUST00000093893.11|ENSMUSG00000050730|Arhgap42	29.1	8996962	chr9:8994328-8997599	NA	NA	0.37	0.56	0.38	0.30	NA	0.60	NA	0.64	0.80	NA
ENSMUST00000110582.3|ENSMUSG00000079083|Jrkl	30.2	13243282	chr9:13242606-13244085	0.40	NA	NA	NA	0.15	0.32	NA	NA	NA	0.45	NA	NA
ENSMUST00000217444.1|ENSMUSG00000079084|Ccdc82	103.4	13290112	chr9:13289406-13292520	0.83	0.55	NA	NA	1.00	1.00	NA	1.00	NA	0.77	NA	0.78
ENSMUST00000159294.8|ENSMUSG00000031925|Maml2	137.6	13706826	chr9:13706601-13709388	NA	NA	1.00	0.76	0.74	NA	1.00	1.00	1.00	0.83	NA	NA
ENSMUST00000208222.1|ENSMUSG00000032009|Sesn3	54.7	14325884	chr9:14325703-14333101	0.12	0.33	0.43	0.42	NA	0.25	0.71	0.43	0.28	0.27	0.46	0.56
ENSMUST00000167549.1|ENSMUSG00000037419|Endod1	432.6	14356153	chr9:14353989-14356684	0.70	0.58	0.55	0.59	0.72	0.45	0.82	0.61	0.56	0.59	0.55	0.74
ENSMUST00000004200.8|ENSMUSG00000004096|Cwc15	4297.9	14510477	chr9:14510326-14510577	0.22	0.32	0.19	0.31	0.30	0.25	0.19	0.16	0.12	0.28	0.27	0.27
ENSMUST00000013220.7|ENSMUSG00000013076|Amotl1	746.4	14543641	chr9:14541965-14547794	0.86	0.20	0.37	0.30	1.00	NA	0.23	0.25	0.39	0.33	NA	NA
ENSMUST00000061498.6|ENSMUSG00000049307|Fut4	41.1	14750159	chr9:14748319-14750697	NA	1.00	0.72	1.00	0.55	0.97	1.00	1.00	0.95	1.00	NA	NA
ENSMUST00000115632.9|ENSMUSG00000031928|Mre11a	19.3	14833831	chr9:14833660-14837123	0.29	0.25	0.67	0.56	0.08	0.20	NA	0.54	0.76	0.46	0.63	0.40
ENSMUST00000164273.8|ENSMUSG00000031934|Panx1	57.2	15005967	chr9:15002127-15006140	0.02	0.02	0.02	0.04	0.02	0.02	0.01	0.01	0.01	0.02	0.03	0.04
ENSMUST00000034411.9|ENSMUSG00000031935|Med17	35.0	15261992	chr9:15260350-15262229	0.05	0.04	0.05	0.08	0.05	0.04	0.02	0.08	0.05	0.04	0.05	0.06
ENSMUST00000045620.9|ENSMUSG00000058173|Smco4	31.5	15544947	chr9:15544796-15545260	0.38	0.74	0.49	0.56	0.91	0.72	0.13	NA	0.72	0.32	NA	1.00
ENSMUST00000061568.8|ENSMUSG00000043885|Slc36a4	124.7	15742164	chr9:15738375-15743361	0.42	0.23	0.32	0.24	1.00	0.54	1.00	0.22	0.25	0.22	0.70	0.57
ENSMUST00000216800.1|ENSMUSG00000001774|Chordc1	886.5	18305453	chr9:18305302-18309857	0.08	0.07	0.07	0.07	0.06	0.06	0.07	0.07	0.07	0.07	0.06	0.06
ENSMUST00000172171.7|ENSMUSG00000043943|Naalad2	15.8	18323246	chr9:18321950-18323436	NA	NA	0.22	0.34	0.45	NA	NA	0.30	0.20	0.26	NA	NA
ENSMUST00000208694.1|ENSMUSG00000057551|Zfp317	73.1	19648342	chr9:19648045-19649731	1.00	1.00	0.72	0.68	0.70	0.99	NA	0.77	0.82	1.00	0.90	0.86
ENSMUST00000168095.7|ENSMUSG00000059475|Zfp426	287.2	20472933	chr9:20468548-20473084	1.00	1.00	0.97	0.95	NA	1.00	1.00	1.00	1.00	1.00	1.00	1.00
ENSMUST00000115557.9|ENSMUSG00000058192|Zfp846	3.2	20594979	chr9:20594468-20605409	NA	0.02	NA	0.09	0.04	NA	NA	0.08	NA	NA	NA	0.06
ENSMUST00000131128.1|ENSMUSG00000066892|Fbxl12	54.1	20638039	chr9:20637748-20638379	0.26	0.56	0.33	0.21	0.51	0.29	0.54	0.42	0.23	0.43	0.48	0.59
ENSMUST00000034689.7|ENSMUSG00000032171|Pin1	8858.9	20663530	chr9:20663281-20666584	0.02	0.03	0.05	0.03	0.03	0.02	0.02	0.03	0.02	0.03	0.03	0.04
ENSMUST00000034692.8|ENSMUSG00000032172|Olfm2	157.1	20667896	chr9:20667689-20668109	0.53	0.39	0.40	0.41	0.82	0.45	0.36	0.45	0.31	0.26	0.42	0.43
ENSMUST00000004201.7|ENSMUSG00000004098|Col5a3	118.4	20770371	chr9:20770049-20770837	0.46	0.53	0.57	0.48	1.00	0.92	NA	NA	0.56	0.57	NA	NA
ENSMUST00000043911.7|ENSMUSG00000038884|Shfl	491.1	20874072	chr9:20873768-20874307	0.17	0.13	0.15	0.18	0.35	0.15	0.15	0.13	0.25	0.13	0.12	0.15
ENSMUST00000214331.1|ENSMUSG00000004100|Ppan	4962.8	20891206	chr9:20890970-20891304	0.39	0.11	0.07	0.05	0.21	0.03	0.11	0.14	0.02	0.05	0.03	0.00
ENSMUST00000178110.2|ENSMUSG00000004099|Dnmt1	87.1	20907372	chr9:20907208-20907523	0.25	0.38	0.11	0.18	0.54	0.43	0.12	0.14	0.23	0.19	0.30	0.43
ENSMUST00000054197.6|ENSMUSG00000043895|S1pr2	749.6	20966203	chr9:20962360-20967474	0.02	0.01	0.02	0.02	0.05	0.03	0.04	0.02	0.03	0.03	NA	NA
ENSMUST00000086399.5|ENSMUSG00000037405|Icam1	14989.7	21028479	chr9:21027943-21028817	0.51	0.54	0.47	0.52	0.94	0.68	0.51	0.53	0.51	0.61	0.64	0.65
ENSMUST00000213826.1|ENSMUSG00000111692|Gm49373	636.0	21067620	chr9:21062399-21067771	0.01	0.00	0.00	0.01	0.01	0.01	0.00	0.00	0.01	0.01	0.01	0.01
ENSMUST00000217359.1|ENSMUSG00000111497|Gm38431	5605.1	21073074	chr9:21067513-21075352	0.01	0.00	0.00	0.01	0.00	0.00	0.00	0.03	0.00	0.01	0.00	0.00
ENSMUST00000010348.6|ENSMUSG00000079677|Fdx2	9881.1	21067620	chr9:21067519-21067771	0.26	0.18	0.21	0.25	0.37	0.31	0.18	0.21	0.29	0.26	0.32	0.34
ENSMUST00000115487.2|ENSMUSG00000010205|Raver1	68.4	21075136	chr9:21074157-21075352	0.79	0.95	0.92	0.90	0.68	0.96	1.00	0.82	0.91	1.00	1.00	0.70
ENSMUST00000001036.10|ENSMUSG00000032175|Tyk2	53.3	21104380	chr9:21104068-21105051	0.55	0.91	0.34	0.44	0.98	0.82	0.58	0.77	0.50	0.56	NA	0.88
ENSMUST00000019615.10|ENSMUSG00000019471|Cdc37	2498.7	21139574	chr9:21133221-21139810	0.01	0.01	0.01	0.01	0.01	0.01	0.01	0.01	0.01	0.01	0.01	0.01
ENSMUST00000039413.14|ENSMUSG00000032177|Pde4a	55.6	21211492	chr9:21211341-21213248	0.07	0.11	0.12	0.11	0.29	0.10	0.09	0.15	0.20	0.05	0.10	0.14
ENSMUST00000194542.5|ENSMUSG00000003308|Keap1	429.8	21230216	chr9:21229729-21230704	0.49	0.55	0.51	0.60	0.71	0.47	0.54	0.50	0.51	0.48	0.70	0.51
ENSMUST00000122088.1|ENSMUSG00000045087|S1pr5	19.5	21243417	chr9:21242911-21243928	NA	0.85	NA	NA	NA	0.68	NA	0.82	NA	NA	0.45	0.78
ENSMUST00000065005.4|ENSMUSG00000002820|Atg4d	171.6	21274248	chr9:21273433-21277772	0.13	0.11	0.17	0.19	0.14	0.12	0.12	0.17	0.22	0.14	0.08	0.14
ENSMUST00000038671.9|ENSMUSG00000035047|Kri1	168.2	21273772	chr9:21273456-21273923	0.91	1.00	0.82	0.69	1.00	0.88	0.66	0.64	0.90	0.70	1.00	1.00
ENSMUST00000215574.1|ENSMUSG00000057193|Slc44a2	2095.5	21348626	chr9:21347967-21355027	0.09	0.08	0.06	0.06	0.08	0.06	0.07	0.06	0.06	0.05	NA	NA
ENSMUST00000215169.1|ENSMUSG00000032178|Ilf3	680.9	21399841	chr9:21399121-21405360	0.29	0.32	0.34	0.31	0.30	0.30	0.48	0.28	0.28	0.30	0.20	0.22
ENSMUST00000214681.1|ENSMUSG00000002825|Qtrt1	379.7	21412545	chr9:21412394-21419321	0.05	0.04	0.05	0.04	0.05	0.03	0.05	0.06	0.04	0.04	0.04	0.06
ENSMUST00000174828.1|ENSMUSG00000033335|Dnm2	2787.5	21465778	chr9:21465627-21467700	0.00	0.00	0.00	0.00	0.00	0.00	0.00	0.00	0.00	0.00	0.00	0.00
ENSMUST00000214285.1|ENSMUSG00000032180|Tmed1	95296.4	21508930	chr9:21507556-21509102	0.67	0.70	0.68	0.66	0.36	0.56	0.67	0.63	0.59	0.67	0.50	0.52
ENSMUST00000076326.6|ENSMUSG00000057191|AB124611	62.1	21529083	chr9:21528864-21545331	NA	NA	0.02	0.03	0.03	0.02	0.02	0.05	0.02	0.02	NA	NA
ENSMUST00000078572.8|ENSMUSG00000032182|Yipf2	10664.7	21589498	chr9:21588681-21589649	1.00	1.00	1.00	1.00	1.00	1.00	1.00	1.00	1.00	1.00	1.00	1.00
ENSMUST00000062125.10|ENSMUSG00000048429|Timm29	420.3	21594947	chr9:21593835-21595970	0.68	0.83	0.78	0.80	0.88	0.90	1.00	0.82	0.72	0.80	0.74	0.90
ENSMUST00000098948.9|ENSMUSG00000032187|Smarca4	403.8	21703197	chr9:21702965-21704230	0.07	0.03	0.08	0.05	0.14	0.04	0.05	0.04	0.06	0.05	0.06	0.05
ENSMUST00000034713.8|ENSMUSG00000032193|Ldlr	59.9	21748428	chr9:21748173-21749919	0.84	0.98	0.63	0.85	1.00	0.82	1.00	0.67	1.00	0.64	0.66	1.00
ENSMUST00000216008.1|ENSMUSG00000032194|Kank2	1132.9	21774516	chr9:21768061-21774667	0.10	0.11	0.12	0.10	0.20	0.07	0.12	0.11	0.10	0.09	0.11	0.07
ENSMUST00000215729.1|ENSMUSG00000032198|Dock6	899.3	21801170	chr9:21800179-21802869	0.22	0.18	0.12	0.12	0.21	0.06	0.30	0.27	0.16	0.00	NA	0.18
ENSMUST00000115351.9|ENSMUSG00000019066|Rab3d	366.3	21909225	chr9:21907490-21910486	0.16	0.33	0.27	0.33	0.27	0.32	0.30	0.31	0.29	0.26	0.52	0.52
ENSMUST00000214734.1|ENSMUSG00000006241|Ccdc159	56.0	21934517	chr9:21933708-21935864	NA	NA	NA	0.00	NA	0.00	0.00	0.00	NA	NA	0.00	0.00
ENSMUST00000190387.6|ENSMUSG00000040563|Plppr2	876.3	21948588	chr9:21947633-21948907	0.67	0.88	0.67	0.76	1.00	0.81	1.00	0.73	0.78	0.75	1.00	0.77
ENSMUST00000053583.6|ENSMUSG00000051238|Swsap1	90.4	21957758	chr9:21957267-21958264	0.62	0.70	0.72	1.00	0.81	0.74	0.74	0.61	0.91	0.71	0.91	0.87
ENSMUST00000215851.1|ENSMUSG00000040146|Rgl3	44.2	21987498	chr9:21971527-21987650	0.08	0.08	0.09	0.13	NA	0.09	0.08	0.06	0.06	0.08	0.10	0.09
ENSMUST00000216344.1|ENSMUSG00000003402|Prkcsh	13069.6	22013310	chr9:22013159-22014222	1.00	1.00	1.00	1.00	1.00	1.00	1.00	1.00	1.00	1.00	NA	NA
ENSMUST00000003501.8|ENSMUSG00000003410|Elavl3	731.9	22016338	chr9:22015004-22018505	NA	0.15	0.22	0.15	0.39	0.29	0.22	0.42	NA	NA	0.29	0.43
ENSMUST00000213738.1|ENSMUSG00000111842|Gm49318	312.8	22036617	chr9:22036379-22036768	NA	0.00	0.00	0.00	0.00	0.00	0.00	0.00	NA	NA	0.00	0.00
ENSMUST00000043922.6|ENSMUSG00000038895|Zfp653	26.2	22055567	chr9:22055459-22055718	0.21	0.03	0.23	NA	0.09	0.11	0.37	0.13	0.00	0.13	0.46	0.40
ENSMUST00000001384.5|ENSMUSG00000001349|Cnn1	21.1	22108529	chr9:22108228-22109630	0.04	NA	0.01	NA	0.09	NA	0.00	0.01	0.03	0.01	0.09	0.06
ENSMUST00000166335.1|ENSMUSG00000013822|Elof1	7333.2	22113228	chr9:22112988-22113546	0.43	0.43	0.36	0.45	0.85	0.57	0.40	0.40	0.41	0.46	0.57	0.59
ENSMUST00000069330.13|ENSMUSG00000001348|Acp5	880.6	22126871	chr9:22126726-22127022	0.23	NA	0.34	0.22	0.64	0.47	0.26	0.26	0.27	0.33	NA	NA
ENSMUST00000213371.1|ENSMUSG00000057982|Zfp809	302.6	22236294	chr9:22236029-22239693	0.38	0.44	NA	NA	NA	NA	0.30	0.59	NA	NA	0.35	NA
ENSMUST00000086278.6|ENSMUSG00000066829|Zfp810	30.1	22277521	chr9:22276747-22278227	NA	NA	0.50	1.00	0.34	1.00	1.00	0.78	0.71	0.60	NA	NA
ENSMUST00000040912.8|ENSMUSG00000036777|Anln	46.0	22332542	chr9:22332011-22333052	NA	NA	NA	1.00	1.00	0.78	NA	0.69	0.80	NA	0.79	NA
ENSMUST00000058868.8|ENSMUSG00000036411|9530077C05Rik	11.3	22444395	chr9:22444227-22444681	0.52	0.58	0.31	NA	NA	0.51	0.43	0.20	NA	NA	0.44	NA
ENSMUST00000127296.7|ENSMUSG00000035919|Bbs9	9.0	22655414	chr9:22655263-22888280	0.01	0.01	0.01	0.01	0.01	0.01	0.01	0.01	0.01	0.01	NA	NA
ENSMUST00000071982.6|ENSMUSG00000031963|Bmper	158.2	23484914	chr9:23484029-23485200	NA	1.00	0.63	0.70	NA	0.70	0.79	0.80	0.92	0.80	NA	NA
ENSMUST00000115277.8|ENSMUSG00000043067|Dpy19l1	1778.8	24414118	chr9:24411775-24414269	0.95	0.95	0.95	0.95	1.00	0.91	1.00	1.00	0.97	1.00	1.00	1.00
ENSMUST00000008573.8|ENSMUSG00000008429|Herpud2	1375.3	25108479	chr9:25108131-25108846	0.49	0.39	0.35	0.39	0.66	0.46	0.35	0.33	0.31	0.44	0.43	0.36
ENSMUST00000115272.8|ENSMUSG00000001833|Septin7	11006.4	25308198	chr9:25307549-25308571	0.67	0.60	0.56	0.65	0.97	0.62	0.69	0.60	0.60	0.55	0.74	0.72
ENSMUST00000040677.5|ENSMUSG00000036611|Eepd1	191.3	25603878	chr9:25603605-25604110	0.36	0.44	0.49	0.29	0.72	0.61	0.42	0.37	0.34	0.25	0.43	0.32
ENSMUST00000128923.7|ENSMUSG00000031969|Acad8	733.5	26990119	chr9:26979198-26992244	0.14	0.16	0.13	0.14	0.09	0.12	0.12	0.15	0.10	0.10	0.11	0.11
ENSMUST00000034470.10|ENSMUSG00000031988|Vps26b	252.9	27008955	chr9:27007770-27009893	0.81	0.80	0.76	0.75	0.67	0.99	0.91	0.81	0.82	0.77	1.00	0.93
ENSMUST00000086198.4|ENSMUSG00000035024|Ncapd3	19.3	27095031	chr9:27094777-27095311	0.31	0.11	NA	0.31	0.53	0.18	NA	0.43	0.43	0.17	NA	NA
ENSMUST00000034472.15|ENSMUSG00000031990|Jam3	1000.6	27097820	chr9:27097383-27098368	0.59	0.58	0.50	0.53	1.00	0.78	0.45	0.52	0.60	0.47	0.35	0.80
ENSMUST00000115243.8|ENSMUSG00000062257|Opcml	38.0	28920337	chr9:28920184-28925410	NA	0.33	0.51	0.32	NA	NA	0.24	0.34	NA	NA	0.22	0.50
ENSMUST00000075069.10|ENSMUSG00000059974|Ntm	1808.9	28996154	chr9:28994749-28996536	0.22	0.19	0.23	0.21	0.27	0.20	0.17	0.16	0.37	0.20	0.16	0.21
ENSMUST00000164099.2|ENSMUSG00000031993|Snx19	140.6	30465511	chr9:30464415-30466726	0.23	0.19	0.23	0.21	0.27	0.34	0.34	0.38	0.21	0.24	0.28	0.43
ENSMUST00000065112.6|ENSMUSG00000033453|Adamts15	869.9	30901858	chr9:30899154-30902017	NA	NA	1.00	0.94	1.00	1.00	1.00	1.00	0.94	0.90	NA	NA
ENSMUST00000163037.1|ENSMUSG00000031994|Adamts8	200.4	30953548	chr9:30953397-30963838	0.14	0.10	0.16	NA	0.20	0.08	NA	NA	0.14	0.13	NA	NA
ENSMUST00000115222.9|ENSMUSG00000047412|Zbtb44	58.9	31069703	chr9:31068752-31075885	0.40	0.35	0.78	0.80	0.50	0.30	0.29	0.69	0.76	0.48	NA	NA
ENSMUST00000217641.1|ENSMUSG00000031996|Aplp2	37045.3	31150722	chr9:31149556-31150873	1.00	1.00	1.00	1.00	1.00	1.00	1.00	0.99	0.98	1.00	1.00	1.00
ENSMUST00000016231.13|ENSMUSG00000016087|Fli1	1466.3	32423627	chr9:32422203-32423778	0.76	0.87	0.73	0.75	1.00	1.00	0.98	0.76	0.74	0.89	1.00	0.73
ENSMUST00000034534.12|ENSMUSG00000032035|Ets1	1163.6	32754573	chr9:32754422-32757820	1.00	0.96	0.98	1.00	1.00	0.72	1.00	1.00	0.99	0.99	1.00	0.95
ENSMUST00000187625.6|ENSMUSG00000032036|Kirrel3	30.6	35036077	chr9:35035277-35036716	NA	0.07	NA	NA	NA	NA	NA	0.11	NA	NA	0.51	0.30
ENSMUST00000034537.7|ENSMUSG00000032038|St3gal4	621.5	35046865	chr9:35046575-35047435	0.61	0.53	0.39	0.47	1.00	0.53	0.47	0.59	0.71	0.60	0.71	0.68
ENSMUST00000175765.7|ENSMUSG00000032041|Tirap	106.7	35187057	chr9:35184550-35187913	0.13	0.09	0.10	0.10	0.11	0.09	0.09	0.09	0.14	0.11	0.04	0.12
ENSMUST00000034541.11|ENSMUSG00000032042|Srpr	2816.8	35216655	chr9:35216063-35217014	0.58	0.57	0.50	0.60	0.86	0.69	0.54	0.53	0.53	0.52	0.58	0.77
ENSMUST00000154691.7|ENSMUSG00000039048|Foxred1	1737.5	35209037	chr9:35204205-35210045	0.54	0.64	0.50	0.47	0.40	0.59	0.64	0.60	0.42	0.55	0.48	0.62
ENSMUST00000144582.1|ENSMUSG00000032044|Rpusd4	114.4	35275763	chr9:35275300-35277731	0.03	0.04	0.03	0.03	0.08	0.03	0.02	0.02	0.02	0.03	0.04	0.03
ENSMUST00000034612.6|ENSMUSG00000032101|Ddx25	19.2	35541849	chr9:35536646-35542000	NA	0.00	NA	NA	0.00	NA	NA	NA	NA	NA	0.04	0.04
ENSMUST00000239021.1|ENSMUSG00000062762|Ei24	1099.1	36779459	chr9:36779158-36780109	0.70	0.79	0.42	0.65	0.83	0.69	0.78	0.61	0.67	0.67	0.91	0.88
ENSMUST00000175938.8|ENSMUSG00000035934|Pknox2	224.3	36936308	chr9:36892477-36936459	0.03	0.01	0.02	0.02	0.02	0.02	0.03	0.02	0.01	0.02	0.02	0.02
ENSMUST00000034632.9|ENSMUSG00000032121|Tmem218	507.5	37222986	chr9:37222610-37224700	0.09	0.03	0.05	0.06	0.10	0.06	0.05	0.07	0.06	0.04	0.05	0.07
ENSMUST00000115068.9|ENSMUSG00000032122|Slc37a2	389.5	37230760	chr9:37227584-37231643	0.07	0.06	0.23	0.15	0.09	0.08	0.07	0.14	0.17	0.15	NA	NA
ENSMUST00000215951.1|ENSMUSG00000046240|Hepacam	5211.5	37381823	chr9:37381565-37384731	0.12	0.12	0.12	0.15	0.18	0.13	0.14	0.11	0.09	0.12	0.11	0.11
ENSMUST00000156972.2|ENSMUSG00000032125|Robo4	13003.0	37404521	chr9:37404315-37414019	0.28	0.27	0.25	0.21	0.32	0.29	0.34	0.28	0.32	0.25	0.23	0.26
ENSMUST00000214142.1|ENSMUSG00000001946|Esam	1027921.5	37537132	chr9:37536625-37537547	0.00	0.00	0.00	0.00	0.00	0.00	0.00	0.00	0.00	0.00	0.00	0.01
ENSMUST00000065668.11|ENSMUSG00000053310|Nrgn	7361364.8	37544984	chr9:37544491-37545955	0.43	0.56	0.62	0.50	0.70	0.62	0.40	0.58	0.36	0.58	0.56	0.78
ENSMUST00000215474.1|ENSMUSG00000001942|Siae	205.6	37647834	chr9:37646521-37649655	0.29	0.19	0.13	0.21	0.43	0.29	0.24	0.29	0.24	0.27	0.16	0.21
ENSMUST00000142736.8|ENSMUSG00000011114|Tbrg1	53443.2	37652614	chr9:37649181-37653005	0.31	NA	NA	0.31	0.41	NA	NA	NA	0.30	NA	NA	NA
ENSMUST00000168691.1|ENSMUSG00000025602|Zfp202	30.8	40208515	chr9:40208305-40213604	0.51	0.26	0.18	0.36	0.24	NA	NA	0.23	0.15	0.40	NA	NA
ENSMUST00000034522.7|ENSMUSG00000032024|Clmp	10314.5	40782873	chr9:40782607-40785319	0.11	0.13	0.11	0.11	0.27	0.13	0.17	0.15	0.10	0.12	0.17	0.32
ENSMUST00000044155.14|ENSMUSG00000032020|Ubash3b	14.0	41014120	chr9:41011097-41014901	0.21	0.15	NA	0.15	0.24	0.12	NA	NA	0.11	0.12	0.15	0.12
ENSMUST00000060989.8|ENSMUSG00000049313|Sorl1	34.4	41968454	chr9:41964719-41968605	NA	1.00	NA	NA	0.04	0.29	NA	0.32	NA	NA	0.70	0.51
ENSMUST00000052725.14|ENSMUSG00000032018|Sc5d	411.2	42254427	chr9:42251594-42255344	0.06	0.13	0.10	0.16	0.15	0.10	0.14	0.17	0.11	0.15	0.21	0.27
ENSMUST00000125995.7|ENSMUSG00000037287|Tbcel	101.3	42414230	chr9:42412315-42415833	1.00	0.69	0.52	0.49	NA	0.79	0.44	0.45	0.32	0.49	0.52	0.91
ENSMUST00000114865.7|ENSMUSG00000032017|Grik4	5.9	42520594	chr9:42518134-42520831	NA	NA	NA	NA	NA	NA	0.00	0.01	NA	NA	0.02	0.03
ENSMUST00000165665.8|ENSMUSG00000059495|Arhgef12	365.6	42969033	chr9:42963841-42969184	0.32	0.45	0.70	0.53	0.53	0.86	0.56	0.71	0.49	0.75	0.67	0.85
ENSMUST00000061833.5|ENSMUSG00000048503|Tlcd5	26.3	43110428	chr9:43108649-43111322	0.76	0.87	1.00	1.00	NA	NA	1.00	0.77	1.00	0.68	NA	NA
ENSMUST00000034512.6|ENSMUSG00000032014|Oaf	8969.4	43222092	chr9:43221234-43222576	0.08	0.09	0.12	0.09	0.12	0.09	0.06	0.08	0.10	0.10	0.18	0.15
ENSMUST00000114840.1|ENSMUSG00000032011|Thy1	1141.4	44047599	chr9:44047448-44048579	NA	NA	1.00	1.00	1.00	1.00	1.00	1.00	0.71	0.55	1.00	0.71
ENSMUST00000162126.7|ENSMUSG00000111409|Gm49380	188826.1	44107705	chr9:44066326-44111677	0.06	0.05	0.01	0.01	0.04	0.02	0.01	0.01	0.01	0.01	0.16	0.17
ENSMUST00000175816.1|ENSMUSG00000032010|Usp2	3084.4	44090187	chr9:44090036-44092500	0.36	0.19	0.21	0.21	0.28	0.25	0.24	0.23	0.25	0.27	0.21	0.23
ENSMUST00000065379.4|ENSMUSG00000053128|Rnf26	531934.7	44107705	chr9:44095630-44111677	0.01	0.01	0.01	0.01	0.03	0.01	0.01	0.01	0.01	0.01	0.02	0.02
ENSMUST00000114816.7|ENSMUSG00000079592|C1qtnf5	155897.4	44108965	chr9:44108809-44109187	0.42	0.43	0.39	0.37	0.83	0.50	0.36	0.37	0.43	0.41	0.54	0.47
ENSMUST00000149241.7|ENSMUSG00000032135|Mcam	1725.4	44137305	chr9:44136802-44138934	0.00	0.00	0.00	0.00	0.03	0.01	NA	0.00	0.00	0.00	0.03	0.01
ENSMUST00000206720.1|ENSMUSG00000034342|Cbl	31.3	44149457	chr9:44142975-44151447	0.15	NA	0.07	0.13	NA	0.09	NA	0.19	0.08	0.06	0.21	0.07
ENSMUST00000034621.15|ENSMUSG00000032109|Nlrx1	116.4	44252990	chr9:44252716-44253220	0.45	0.38	0.41	0.40	1.00	0.73	0.44	0.36	0.50	0.46	0.68	0.65
ENSMUST00000162783.7|ENSMUSG00000032131|Abcg4	92.7	44277457	chr9:44275094-44278116	NA	0.00	0.00	0.03	NA	NA	NA	0.00	0.00	0.00	0.00	0.00
ENSMUST00000216508.1|ENSMUSG00000032119|Hinfp	14.2	44295846	chr9:44292439-44296198	0.38	0.16	0.41	0.53	0.08	0.29	NA	0.23	0.25	0.38	NA	NA
ENSMUST00000215050.1|ENSMUSG00000032123|Dpagt1	4551.0	44328166	chr9:44327962-44333894	0.13	0.11	0.12	0.12	0.09	0.11	0.14	0.13	0.09	0.11	0.11	0.11
ENSMUST00000052686.3|ENSMUSG00000049932|H2ax	1357.3	44335713	chr9:44335190-44336077	0.67	0.61	0.55	0.51	0.76	0.67	0.52	0.55	0.48	0.60	0.78	0.73
ENSMUST00000216852.1|ENSMUSG00000032126|Hmbs	3664.8	44340687	chr9:44339509-44341100	0.02	0.01	0.01	0.00	0.00	0.00	0.00	0.00	0.00	0.01	0.00	0.02
ENSMUST00000162560.7|ENSMUSG00000032115|Hyou1	805.9	44389627	chr9:44385586-44391523	0.00	0.00	0.00	0.00	0.00	0.00	0.00	0.00	0.00	0.00	NA	0.00
ENSMUST00000213388.1|ENSMUSG00000032114|Slc37a4	88.7	44402700	chr9:44402465-44402968	0.39	0.29	0.35	0.27	0.97	0.37	0.58	0.42	0.43	0.60	0.53	0.62
ENSMUST00000217163.1|ENSMUSG00000032112|Trappc4	67205.9	44403902	chr9:44403760-44404332	0.71	0.76	NA	NA	0.85	NA	0.71	NA	0.69	NA	NA	NA
ENSMUST00000080300.8|ENSMUSG00000009927|Rps25	10929.7	44410196	chr9:44410045-44410427	0.79	0.07	NA	NA	0.46	0.08	0.11	NA	NA	NA	0.07	0.07
ENSMUST00000214494.1|ENSMUSG00000043923|Ccdc84	104.3	44412916	chr9:44410312-44413160	0.26	NA	0.12	0.15	0.08	NA	0.02	0.14	NA	NA	NA	NA
ENSMUST00000218183.1|ENSMUSG00000063382|Bcl9l	414.7	44510003	chr9:44509780-44511896	NA	NA	1.00	1.00	1.00	NA	0.70	1.00	0.73	0.80	0.70	0.88
ENSMUST00000170489.1|ENSMUSG00000032097|Ddx6	1386.5	44638153	chr9:44635855-44640731	NA	NA	0.02	0.03	NA	0.04	0.02	0.02	0.03	0.02	0.07	0.04
ENSMUST00000034607.9|ENSMUSG00000032096|Arcn1	3040.8	44742380	chr9:44741563-44743929	0.29	0.31	0.21	0.25	0.64	0.37	0.25	0.22	0.30	0.27	0.40	0.36
ENSMUST00000002099.10|ENSMUSG00000002031|Ift46	82.8	44790760	chr9:44790577-44793447	0.02	0.04	0.05	0.02	0.03	0.01	0.02	0.03	0.03	0.03	0.03	0.04
ENSMUST00000132020.1|ENSMUSG00000002032|Tmem25	529.6	44798120	chr9:44793775-44798407	NA	0.37	NA	0.42	NA	NA	NA	0.28	NA	NA	0.27	0.34
ENSMUST00000034600.4|ENSMUSG00000032092|Mpzl2	3619.8	45049863	chr9:45049712-45054015	1.00	NA	NA	NA	NA	NA	NA	1.00	1.00	1.00	NA	NA
ENSMUST00000050020.7|ENSMUSG00000048534|Jaml	16.9	45107592	chr9:45107441-45108534	0.86	NA	0.51	0.49	1.00	0.40	NA	0.95	NA	0.29	NA	NA
ENSMUST00000170998.8|ENSMUSG00000070304|Scn2b	1010.9	45126611	chr9:45126301-45130070	NA	NA	NA	NA	NA	NA	0.19	0.69	NA	NA	0.92	0.78
ENSMUST00000060125.6|ENSMUSG00000046480|Scn4b	128.5	45152059	chr9:45150501-45154152	NA	NA	0.22	0.17	NA	NA	NA	0.26	NA	NA	0.46	0.24
ENSMUST00000217381.1|ENSMUSG00000066705|Fxyd6	19995.0	45392852	chr9:45392701-45396159	1.00	1.00	1.00	1.00	1.00	1.00	1.00	1.00	1.00	1.00	1.00	1.00
ENSMUST00000034591.10|ENSMUSG00000032086|Bace1	257.0	45861990	chr9:45860292-45864399	0.37	0.21	0.17	0.20	0.31	0.31	0.23	0.27	0.19	0.13	0.52	0.36
ENSMUST00000034590.3|ENSMUSG00000032085|Tagln	3779.3	45930165	chr9:45929618-45930373	0.17	0.10	0.11	0.09	0.24	0.13	0.10	0.08	0.14	0.13	0.13	0.13
ENSMUST00000160618.7|ENSMUSG00000034908|Sidt2	20724.5	45944362	chr9:45943595-45945284	0.00	0.00	0.00	0.00	0.00	0.00	0.00	0.00	0.00	0.00	0.00	0.00
ENSMUST00000172450.2|ENSMUSG00000003131|Pafah1b2	3985.7	45965590	chr9:45962858-45968690	0.03	0.06	0.03	0.03	0.07	0.05	0.07	0.05	0.03	0.04	0.07	0.07
ENSMUST00000125239.8|ENSMUSG00000032078|Zpr1	3818.2	46273680	chr9:46273529-46275789	0.22	0.24	0.22	0.20	0.14	0.16	0.22	0.19	0.17	0.21	0.15	0.17
ENSMUST00000124887.1|ENSMUSG00000032077|Bud13	21.4	46292250	chr9:46292097-46298783	0.01	0.01	0.02	0.02	0.03	0.02	0.01	0.03	0.02	0.02	0.01	0.01
ENSMUST00000114548.7|ENSMUSG00000032076|Cadm1	1263.0	47850809	chr9:47850387-47853385	0.12	0.15	0.11	0.17	0.27	0.10	0.16	0.15	0.15	0.21	0.12	0.15
ENSMUST00000034524.4|ENSMUSG00000032026|Rexo2	20754.9	48468668	chr9:48468511-48468819	0.20	0.27	0.21	0.25	0.51	0.28	0.22	0.20	0.32	0.23	0.39	0.37
ENSMUST00000214923.1|ENSMUSG00000042396|Rbm7	6087.7	48494018	chr9:48488708-48494366	0.31	0.29	0.30	0.31	0.18	0.22	NA	0.32	0.31	0.31	0.16	0.16
ENSMUST00000119426.1|ENSMUSG00000032271|Nnmt	757.9	48591971	chr9:48591876-48592122	0.39	NA	0.17	0.28	0.34	0.16	0.13	0.11	0.18	0.21	NA	NA
ENSMUST00000215856.1|ENSMUSG00000032267|Usp28	52.0	49042229	chr9:49041546-49042517	0.22	NA	0.30	0.50	NA	0.59	0.56	NA	0.58	0.41	NA	NA
ENSMUST00000075764.7|ENSMUSG00000032259|Drd2	31.5	49407661	chr9:49407091-49408177	NA	NA	NA	NA	NA	NA	1.00	0.43	NA	NA	0.48	1.00
ENSMUST00000193547.5|ENSMUSG00000039542|Ncam1	764.3	49505294	chr9:49502135-49505445	NA	0.32	0.91	0.70	NA	0.63	NA	NA	0.46	0.80	0.83	0.61
ENSMUST00000034570.6|ENSMUSG00000032067|Pts	2309.8	50521906	chr9:50521616-50522215	0.39	0.39	0.26	0.36	0.58	0.40	0.33	0.30	0.46	0.43	0.47	0.48
ENSMUST00000119103.1|ENSMUSG00000032066|Bco2	38.0	50533257	chr9:50533086-50533408	0.32	0.09	0.13	0.06	0.11	0.25	0.38	0.07	0.52	0.29	0.25	0.45
ENSMUST00000213916.1|ENSMUSG00000039217|Il18	551.6	50581654	chr9:50581503-50581840	0.29	0.28	0.32	0.34	0.44	0.42	0.30	0.33	0.41	0.38	0.49	0.44
ENSMUST00000000175.5|ENSMUSG00000000171|Sdhd	18267.1	50596665	chr9:50596356-50597087	0.62	0.50	0.46	0.43	1.00	0.56	0.44	0.46	0.52	0.50	0.69	0.56
ENSMUST00000044051.5|ENSMUSG00000039016|Timm8b	57309.4	50605248	chr9:50605097-50605320	0.28	0.22	0.32	0.20	0.36	0.26	0.22	0.24	0.25	0.22	0.32	0.33
ENSMUST00000131351.7|ENSMUSG00000059820|Nkapd1	49.9	50606149	chr9:50605239-50607434	0.98	0.37	0.81	0.52	0.63	0.55	0.99	0.72	0.54	0.75	1.00	0.87
ENSMUST00000034567.3|ENSMUSG00000000168|Dlat	524.0	50635982	chr9:50634632-50636427	0.14	0.24	0.23	0.22	0.14	0.13	0.19	0.25	0.15	0.12	0.38	0.32
ENSMUST00000034566.14|ENSMUSG00000032064|Dixdc1	42.7	50664324	chr9:50662751-50666197	NA	NA	0.52	0.52	NA	1.00	1.00	1.00	NA	0.80	0.72	0.68
ENSMUST00000042790.4|ENSMUSG00000038086|Hspb2	34.0	50751130	chr9:50751077-50751281	0.28	0.36	0.23	0.34	0.59	NA	0.38	0.23	0.13	0.35	0.46	0.45
ENSMUST00000042468.8|ENSMUSG00000037971|1110032A03Rik	376.3	50763707	chr9:50762827-50763858	0.21	0.14	0.19	0.20	0.25	0.17	0.24	0.22	0.22	0.25	0.11	0.14
ENSMUST00000176145.1|ENSMUSG00000037845|Fdxacb1	100.5	50770313	chr9:50770147-50771591	0.26	0.15	0.20	0.16	0.22	0.16	0.22	0.25	0.19	0.21	0.20	0.32
ENSMUST00000162073.7|ENSMUSG00000032059|Alg9	190.9	50808806	chr9:50789617-50843542	0.18	0.14	NA	0.16	NA	0.13	NA	0.22	0.13	0.17	NA	NA
ENSMUST00000098782.3|ENSMUSG00000060594|Layn	93.9	51057028	chr9:51056779-51057298	0.56	0.51	0.41	0.42	0.64	0.50	0.49	0.46	0.44	0.53	0.62	0.51
ENSMUST00000034554.8|ENSMUSG00000032053|Pou2af1	360.4	51238528	chr9:51238377-51240079	NA	NA	0.91	1.00	1.00	0.90	1.00	0.93	0.80	0.90	NA	NA
ENSMUST00000215038.2|ENSMUSG00000079559|Colca2	276.8	51270402	chr9:51270257-51270553	NA	0.24	0.29	0.19	0.48	0.48	0.24	0.17	0.29	0.34	0.28	0.76
ENSMUST00000065496.11|ENSMUSG00000053199|Arhgap20	43.9	51852062	chr9:51850396-51853856	0.73	0.84	NA	0.46	NA	NA	NA	0.99	NA	NA	NA	0.77
ENSMUST00000163153.8|ENSMUSG00000032050|Rdx	643.2	52086627	chr9:52086476-52088735	1.00	1.00	0.98	0.83	1.00	1.00	1.00	0.94	1.00	0.88	1.00	1.00
ENSMUST00000065630.7|ENSMUSG00000053289|Ddx10	18.2	53098876	chr9:53098634-53099087	0.54	0.46	0.36	0.35	0.32	0.68	0.21	0.58	0.51	0.44	NA	NA
ENSMUST00000037853.4|ENSMUSG00000034487|Poglut3	476.0	53400332	chr9:53399809-53401867	0.86	0.74	0.64	0.74	0.86	1.00	1.00	0.93	0.77	0.77	0.98	0.95
ENSMUST00000035850.7|ENSMUSG00000033054|Npat	17.4	53573745	chr9:53572645-53574342	0.40	NA	0.29	0.50	1.00	NA	NA	NA	NA	0.33	NA	NA
ENSMUST00000034547.5|ENSMUSG00000032047|Acat1	957.7	53582024	chr9:53580521-53582547	0.07	0.10	0.09	0.13	0.10	0.05	0.12	0.09	0.08	0.07	0.08	0.09
ENSMUST00000166367.7|ENSMUSG00000032030|Cul5	55.6	53617569	chr9:53614581-53617818	0.48	0.52	0.70	0.71	1.00	0.72	0.51	0.69	0.67	0.89	0.96	0.98
ENSMUST00000048670.9|ENSMUSG00000042195|Slc35f2	132.3	53817419	chr9:53816968-53818154	0.74	0.81	0.81	0.74	1.00	1.00	1.00	0.70	0.51	0.81	0.96	0.66
ENSMUST00000041901.6|ENSMUSG00000037493|Cib2	410.0	54545314	chr9:54544793-54545465	0.13	0.21	0.19	0.04	0.43	0.10	0.18	0.28	0.01	0.00	0.14	0.19
ENSMUST00000034822.11|ENSMUSG00000032281|Acsbg1	16076.3	54605137	chr9:54604876-54605393	0.38	0.36	0.40	0.29	0.47	0.46	0.32	0.32	0.33	0.42	0.55	0.49
ENSMUST00000070070.7|ENSMUSG00000032285|Dnaja4	208.5	54715194	chr9:54714673-54716315	0.53	0.51	0.91	0.85	0.95	0.71	0.74	0.75	0.85	0.78	0.72	0.83
ENSMUST00000034830.8|ENSMUSG00000032291|Crabp1	2859.7	54773024	chr9:54772873-54773110	0.24	0.24	NA	NA	0.33	0.21	NA	NA	NA	NA	NA	NA
ENSMUST00000034843.8|ENSMUSG00000032293|Ireb2	70.0	54909889	chr9:54909738-54912530	0.85	NA	1.00	1.00	1.00	1.00	NA	1.00	1.00	1.00	NA	NA
ENSMUST00000039742.7|ENSMUSG00000035878|Hykk	26.5	54947073	chr9:54946523-54949924	NA	NA	0.44	0.33	0.72	0.46	0.11	0.55	0.39	0.42	NA	NA
ENSMUST00000034848.13|ENSMUSG00000032301|Psma4	12847.5	54957937	chr9:54957786-54958030	0.18	0.17	0.21	0.18	0.32	0.22	0.19	0.21	0.18	0.21	0.29	0.31
ENSMUST00000059555.14|ENSMUSG00000032307|Ube2q2	330.5	55206937	chr9:55205988-55207529	0.86	0.72	0.84	0.87	1.00	0.89	1.00	0.78	0.94	0.89	0.97	0.89
ENSMUST00000153970.7|ENSMUSG00000032309|Fbxo22	1581.3	55209559	chr9:55209408-55224431	0.11	0.12	0.11	0.10	0.10	0.10	0.15	0.15	0.11	0.13	0.09	0.10
ENSMUST00000034866.8|ENSMUSG00000032314|Etfa	5544.3	55454575	chr9:55454507-55454726	0.20	0.20	0.14	0.29	0.33	0.27	0.17	0.16	0.14	0.17	0.32	0.16
ENSMUST00000147842.1|ENSMUSG00000032320|Rcn2	54951.2	56045328	chr9:56042638-56061882	0.33	0.35	0.34	0.32	0.39	0.33	0.34	0.35	0.30	0.31	0.35	0.34
ENSMUST00000034876.9|ENSMUSG00000032324|Tspan3	63874.8	56136240	chr9:56135883-56136645	0.56	0.50	0.46	0.45	1.00	0.78	0.48	0.49	0.50	0.44	0.71	0.73
ENSMUST00000034879.4|ENSMUSG00000032329|Hmg20a	866.9	56490207	chr9:56489955-56496936	0.28	0.46	0.52	0.71	0.46	0.39	0.17	0.55	0.71	0.50	0.88	0.84
ENSMUST00000053568.1|ENSMUSG00000049556|Lingo1	230.7	56619215	chr9:56618474-56619461	0.40	0.66	0.47	0.65	0.74	0.54	0.62	0.66	0.20	0.60	0.54	0.62
ENSMUST00000035661.6|ENSMUSG00000032911|Cspg4	273.2	56899038	chr9:56898887-56899870	NA	NA	NA	1.00	1.00	1.00	NA	NA	1.00	1.00	NA	NA
ENSMUST00000050916.6|ENSMUSG00000032733|Snx33	98.4	56917542	chr9:56917192-56918453	0.59	0.79	0.63	0.70	NA	0.96	0.69	0.77	0.70	0.61	0.57	NA
ENSMUST00000034827.9|ENSMUSG00000032288|Imp3	2844.5	56938209	chr9:56938058-56938398	0.34	0.34	0.35	0.27	0.58	0.42	0.25	0.31	0.31	0.33	0.47	0.59
ENSMUST00000068856.4|ENSMUSG00000055334|Snupn	94.4	56983121	chr9:56982970-56983206	0.29	0.84	0.59	0.63	0.47	0.38	0.20	0.29	0.19	0.42	0.68	0.32
ENSMUST00000034832.7|ENSMUSG00000032290|Ptpn9	528.8	57061394	chr9:57061156-57062807	0.74	0.61	0.70	0.75	0.92	0.75	1.00	0.69	0.64	0.57	1.00	0.68
ENSMUST00000167715.7|ENSMUSG00000042557|Sin3a	52.5	57128011	chr9:57127375-57128366	0.39	0.40	0.33	0.46	0.81	0.63	0.47	0.69	0.50	0.40	0.86	NA
ENSMUST00000162915.7|ENSMUSG00000032295|Man2c1	848.9	57131721	chr9:57131570-57136796	0.28	0.32	0.40	0.28	0.21	0.22	0.34	0.26	0.29	0.28	0.31	0.27
ENSMUST00000190245.6|ENSMUSG00000032298|Neil1	30.9	57143074	chr9:57142799-57143258	0.54	0.66	0.41	0.39	0.73	0.33	0.53	0.22	0.50	0.39	0.67	NA
ENSMUST00000034846.6|ENSMUSG00000032300|1700017B05Rik	48.3	57253403	chr9:57253116-57253964	0.72	0.55	0.60	1.00	0.71	0.58	0.81	NA	0.31	0.41	NA	NA
ENSMUST00000213194.1|ENSMUSG00000063849|Ppcdc	55.9	57434778	chr9:57415087-57434929	0.09	0.08	NA	0.13	0.07	0.11	0.10	0.16	0.12	NA	0.08	0.13
ENSMUST00000080514.8|ENSMUSG00000062309|Rpp25	53.0	57505212	chr9:57504833-57505448	0.61	0.22	0.47	NA	NA	0.51	0.68	0.23	NA	NA	0.36	0.57
ENSMUST00000000090.7|ENSMUSG00000000088|Cox5a	48689.6	57531930	chr9:57531779-57532426	0.44	0.41	0.46	0.48	0.45	0.44	0.43	0.47	0.40	0.45	0.45	0.45
ENSMUST00000093833.5|ENSMUSG00000032305|Fam219b	222.7	57541381	chr9:57540658-57543182	0.68	0.65	0.65	0.62	0.86	0.68	0.76	0.54	0.74	0.66	0.57	0.80
ENSMUST00000034856.14|ENSMUSG00000032306|Mpi	360.4	57544508	chr9:57544255-57544722	0.37	0.37	0.49	0.23	0.81	0.34	0.32	0.45	0.45	0.33	0.56	0.59
ENSMUST00000045791.10|ENSMUSG00000040188|Scamp2	1265.4	57588461	chr9:57587553-57588795	0.79	0.80	0.62	0.79	1.00	0.92	0.79	0.62	0.78	0.62	0.51	0.67
ENSMUST00000045068.9|ENSMUSG00000039714|Cplx3	524.9	57601525	chr9:57599991-57602239	0.03	0.07	0.12	0.10	0.11	0.08	0.01	0.12	0.04	0.08	0.07	0.09
ENSMUST00000034863.7|ENSMUSG00000032312|Csk	234.0	57626987	chr9:57626645-57627323	0.30	0.42	0.36	0.44	1.00	0.42	0.41	0.23	0.46	0.28	0.90	0.73
ENSMUST00000137245.7|ENSMUSG00000038957|Edc3	115.8	57727521	chr9:57727192-57751403	0.02	0.02	0.02	0.02	0.02	0.02	0.03	0.02	0.02	0.02	0.02	0.03
ENSMUST00000215233.1|ENSMUSG00000032316|Clk3	8702.9	57751489	chr9:57750710-57751640	1.00	NA	NA	1.00	1.00	NA	NA	NA	NA	NA	NA	1.00
ENSMUST00000043059.8|ENSMUSG00000038264|Sema7a	402.3	57961865	chr9:57961598-57962865	0.72	0.43	0.66	0.85	1.00	0.41	NA	0.35	NA	0.44	1.00	1.00
ENSMUST00000170397.7|ENSMUSG00000032327|Stra6	747.4	58153675	chr9:58153319-58153996	0.45	0.51	0.47	0.34	0.79	0.60	0.43	0.49	0.64	0.41	0.93	0.39
ENSMUST00000041477.14|ENSMUSG00000037206|Islr	37539.7	58156546	chr9:58156267-58156938	0.40	0.45	0.41	0.41	0.82	0.45	0.42	0.39	0.49	0.43	0.60	0.45
ENSMUST00000148301.1|ENSMUSG00000036986|Pml	146.0	58233087	chr9:58229847-58233238	0.06	0.04	0.04	0.04	0.06	0.02	0.02	0.04	0.04	0.04	0.02	0.05
ENSMUST00000216877.1|ENSMUSG00000032333|Stoml1	4281.2	58257224	chr9:58255575-58262520	0.55	0.61	0.43	0.57	0.70	0.51	0.66	0.65	0.61	0.59	0.53	0.56
ENSMUST00000061799.9|ENSMUSG00000032334|Loxl1	5455.2	58288738	chr9:58287737-58288913	0.06	0.39	0.16	0.17	0.13	0.13	0.18	0.18	0.17	0.16	NA	NA
ENSMUST00000165365.2|ENSMUSG00000035914|Cd276	112.2	58526190	chr9:58524297-58526341	NA	0.50	1.00	1.00	0.94	1.00	1.00	0.83	0.95	1.00	NA	0.67
ENSMUST00000175945.6|ENSMUSG00000032336|Nptn	77.0	58628073	chr9:58627922-58643806	0.00	0.02	0.00	0.01	0.01	0.01	0.06	0.01	0.00	0.00	NA	NA
ENSMUST00000068664.6|ENSMUSG00000032340|Neo1	794.6	58876877	chr9:58874686-58877276	0.17	0.24	0.29	0.30	0.54	0.27	0.51	0.39	0.25	0.28	0.81	0.60
ENSMUST00000217570.1|ENSMUSG00000025236|Adpgk	445.2	59315478	chr9:59315279-59316199	0.56	0.64	0.80	0.69	0.68	0.59	0.93	0.60	0.69	0.60	NA	0.73
ENSMUST00000026265.7|ENSMUSG00000025235|Bbs4	74.2	59322318	chr9:59321989-59322872	0.85	0.70	0.41	0.77	1.00	0.64	0.48	0.50	0.64	0.39	0.84	0.68
ENSMUST00000171975.7|ENSMUSG00000025234|Arih1	172.4	59390368	chr9:59388257-59393296	0.08	0.04	0.07	0.07	0.21	0.05	0.06	0.04	0.06	0.03	0.11	0.07
ENSMUST00000055345.8|ENSMUSG00000049526|Tmem202	21.8	59518903	chr9:59518684-59519056	0.67	0.33	0.53	0.33	NA	0.44	0.28	0.25	NA	NA	0.84	0.36
ENSMUST00000026262.7|ENSMUSG00000025232|Hexa	117627.0	59565032	chr9:59564881-59565109	0.26	0.25	0.23	0.24	0.32	0.24	0.25	0.19	0.25	0.24	0.26	0.29
ENSMUST00000129357.7|ENSMUSG00000032297|Celf6	545.8	59603597	chr9:59602811-59607292	NA	0.25	NA	0.24	NA	0.30	0.28	0.33	NA	NA	0.46	0.36
ENSMUST00000167091.2|ENSMUSG00000025237|Parp6	38887.4	59649603	chr9:59648866-59650280	0.64	0.51	0.41	0.63	0.84	0.61	0.64	0.51	0.44	0.55	0.56	0.57
ENSMUST00000034834.15|ENSMUSG00000032294|Pkm	258401.4	59679132	chr9:59678831-59679375	0.43	0.42	0.36	0.38	0.78	0.51	0.38	0.35	0.40	0.37	0.60	0.57
ENSMUST00000051039.4|ENSMUSG00000051705|Senp8	18.9	59736609	chr9:59734258-59737169	0.15	0.31	0.19	0.27	0.41	0.16	0.10	0.36	0.20	0.14	0.23	0.18
ENSMUST00000171654.7|ENSMUSG00000032289|Thsd4	263.6	59969955	chr9:59966930-59972398	NA	NA	0.21	0.22	NA	NA	0.24	0.15	NA	0.13	NA	NA
ENSMUST00000038407.5|ENSMUSG00000034839|Larp6	455.7	60738318	chr9:60738054-60738801	NA	0.19	0.14	0.19	0.26	0.21	0.13	0.20	0.18	0.21	0.33	0.26
ENSMUST00000178113.7|ENSMUSG00000032280|Tle3	80.7	61417498	chr9:61416713-61418497	1.00	NA	0.46	0.38	0.84	NA	1.00	0.70	0.60	0.55	1.00	0.85
ENSMUST00000034817.10|ENSMUSG00000032278|Paqr5	212.9	61954919	chr9:61953737-61956048	0.46	0.42	0.42	0.41	0.46	0.16	0.49	0.40	NA	0.57	0.53	0.52
ENSMUST00000034785.7|ENSMUSG00000032252|Glce	107.8	62059748	chr9:62057247-62060013	0.81	1.00	0.91	0.77	1.00	1.00	1.00	0.87	1.00	0.94	NA	NA
ENSMUST00000048043.11|ENSMUSG00000041729|Coro2b	159.6	62420946	chr9:62419491-62421284	0.70	0.86	0.76	0.97	1.00	1.00	1.00	0.77	0.71	0.85	0.90	0.68
ENSMUST00000034774.8|ENSMUSG00000032243|Itga11	173.5	62782997	chr9:62782696-62783982	NA	0.59	0.47	0.95	0.32	0.78	0.87	0.61	0.83	0.63	NA	NA
ENSMUST00000034775.9|ENSMUSG00000032244|Fem1b	96.3	62795944	chr9:62791820-62796095	1.00	1.00	0.79	1.00	0.85	0.97	NA	1.00	1.00	1.00	0.97	1.00
ENSMUST00000098651.5|ENSMUSG00000032405|Pias1	104.8	62881819	chr9:62878367-62881970	0.34	0.34	0.22	0.37	0.41	0.14	0.28	0.33	0.21	0.28	0.11	0.50
ENSMUST00000034920.10|ENSMUSG00000058444|Map2k5	171.3	63163937	chr9:63163767-63164088	0.41	0.51	0.35	0.24	0.61	0.41	0.35	0.33	0.34	0.27	0.39	0.56
ENSMUST00000041551.8|ENSMUSG00000037257|Aagab	397.2	63641667	chr9:63640281-63644588	0.03	0.03	0.02	0.03	0.06	0.04	0.02	0.03	0.02	0.02	0.04	0.05
ENSMUST00000034973.9|ENSMUSG00000032402|Smad3	168.0	63650113	chr9:63646766-63650264	NA	1.00	1.00	1.00	NA	NA	NA	1.00	1.00	1.00	NA	1.00
ENSMUST00000041029.5|ENSMUSG00000036867|Smad6	347.4	63953375	chr9:63953075-63953526	0.26	0.14	0.20	0.19	1.00	0.19	0.17	0.30	0.24	0.37	0.53	0.29
ENSMUST00000034966.8|ENSMUSG00000032399|Rpl4	16092.7	64178592	chr9:64178441-64178666	0.08	0.02	0.06	0.11	0.05	0.06	0.02	0.00	0.00	0.02	0.01	0.01
ENSMUST00000034965.7|ENSMUSG00000032398|Snapc5	2406.1	64182515	chr9:64182267-64183132	0.08	0.06	0.06	0.06	0.08	0.07	0.08	0.06	0.08	0.06	0.09	0.10
ENSMUST00000005066.8|ENSMUSG00000004936|Map2k1	2163.4	64186176	chr9:64185769-64186687	0.65	0.66	0.49	0.50	0.92	0.75	0.57	0.52	0.53	0.47	0.69	0.68
ENSMUST00000216594.1|ENSMUSG00000032397|Tipin	453.6	64304645	chr9:64304467-64305424	0.14	0.14	0.14	0.17	0.07	0.09	0.15	0.09	0.18	0.13	0.20	0.26
ENSMUST00000168844.8|ENSMUSG00000032396|Dis3l	22.8	64306894	chr9:64306755-64307045	0.48	0.27	0.43	NA	0.33	0.24	0.17	0.16	0.21	0.12	0.33	0.21
ENSMUST00000172298.7|ENSMUSG00000004771|Rab11a	3759.2	64716700	chr9:64715298-64716851	0.40	0.42	0.50	0.40	0.18	0.37	0.25	0.50	0.38	0.41	0.55	0.64
ENSMUST00000038890.5|ENSMUSG00000053641|Dennd4a	47.9	64917479	chr9:64917092-64919667	NA	NA	0.62	1.00	0.24	NA	1.00	1.00	NA	0.50	NA	0.78
ENSMUST00000170517.8|ENSMUSG00000034263|Ints14	359.1	64986422	chr9:64986098-64986978	0.29	0.22	0.13	0.18	0.30	0.25	0.21	0.14	0.14	0.12	0.17	0.28
ENSMUST00000036615.6|ENSMUSG00000033629|Hacd3	1612.4	64987336	chr9:64986982-64988455	0.92	0.89	0.80	0.95	1.00	0.79	0.96	0.82	0.95	0.94	1.00	0.94
ENSMUST00000217434.1|ENSMUSG00000032393|Dpp8	429.4	65055005	chr9:65054435-65081533	0.10	0.09	0.08	0.08	0.12	0.08	0.07	0.10	0.11	0.11	0.05	0.07
ENSMUST00000035499.4|ENSMUSG00000032816|Igdcc4	80.5	65135689	chr9:65135525-65137940	NA	1.00	0.87	0.86	1.00	NA	1.00	1.00	0.77	0.57	NA	1.00
ENSMUST00000113824.7|ENSMUSG00000015357|Clpx	308.6	65330094	chr9:65329901-65330658	0.15	0.22	0.18	0.21	0.19	0.23	0.13	0.20	0.21	0.26	0.19	0.33
ENSMUST00000048184.3|ENSMUSG00000041837|Pdcd7	87.8	65359320	chr9:65358714-65359643	0.61	0.68	0.79	0.46	0.97	1.00	0.33	0.54	0.47	0.38	0.46	0.70
ENSMUST00000074792.6|ENSMUSG00000059183|Mtfmt	23.4	65452353	chr9:65452202-65453054	0.04	0.44	0.55	0.85	0.07	0.59	NA	0.32	0.84	0.58	0.21	NA
ENSMUST00000034955.7|ENSMUSG00000032388|Spg21	5516.8	65487243	chr9:65486946-65488470	0.05	0.05	0.07	0.05	0.07	0.08	0.05	0.04	0.06	0.05	0.08	0.09
ENSMUST00000068944.8|ENSMUSG00000050721|Plekho2	1807.4	65555592	chr9:65554383-65556080	0.79	0.89	0.77	0.75	0.88	0.80	1.00	0.88	0.79	0.83	0.76	1.00
ENSMUST00000153700.8|ENSMUSG00000040652|Oaz2	20196.5	65689805	chr9:65689222-65690300	0.79	0.81	0.72	0.76	1.00	0.79	0.73	0.71	0.79	0.74	0.86	0.85
ENSMUST00000179395.7|ENSMUSG00000032386|Trip4	122.0	65831998	chr9:65828929-65833406	0.07	0.08	0.08	0.04	0.13	0.04	0.05	0.03	0.05	0.04	0.09	0.05
ENSMUST00000045802.6|ENSMUSG00000040204|Pclaf	1081.3	65901921	chr9:65901600-65903266	NA	0.20	0.12	0.23	0.17	0.16	0.41	0.25	0.12	0.18	0.26	0.20
ENSMUST00000034947.6|ENSMUSG00000032383|Ppib	215881.1	66066565	chr9:66066414-66066623	0.23	0.26	0.23	0.23	0.24	0.25	0.24	0.26	0.21	0.23	0.38	0.34
ENSMUST00000044711.6|ENSMUSG00000039452|Snx22	1033171.7	66066294	chr9:66065175-66067103	NA	NA	0.89	0.92	NA	NA	NA	NA	NA	0.88	0.90	0.99
ENSMUST00000034946.14|ENSMUSG00000032382|Snx1	6931.1	66088352	chr9:66088132-66088521	0.32	0.33	0.28	0.30	0.79	0.45	0.29	0.30	0.28	0.25	0.48	0.47
ENSMUST00000034945.5|ENSMUSG00000032381|Ciao2a	6397.8	66138698	chr9:66138431-66138955	0.37	0.36	0.35	0.32	0.72	0.45	0.34	0.39	0.38	0.36	0.47	0.47
ENSMUST00000042824.12|ENSMUSG00000038664|Herc1	41.9	66508554	chr9:66508321-66508775	0.59	0.38	0.43	0.29	0.74	0.60	0.51	0.33	NA	0.25	0.69	0.24
ENSMUST00000139547.7|ENSMUSG00000032376|Usp3	134.5	66540061	chr9:66516233-66547899	0.50	0.35	0.35	0.47	0.30	0.51	NA	0.60	NA	0.28	NA	NA
ENSMUST00000071889.12|ENSMUSG00000032373|Car12	32.9	66764982	chr9:66764354-66766845	NA	NA	0.96	0.79	NA	NA	NA	NA	0.72	1.00	NA	0.89
ENSMUST00000169282.7|ENSMUSG00000053040|Aph1c	32.9	66819053	chr9:66814993-66819296	NA	0.07	0.08	0.08	0.13	0.19	0.02	0.07	0.05	0.11	NA	0.38
ENSMUST00000041139.8|ENSMUSG00000036943|Rab8b	532.6	66845744	chr9:66843663-66847721	0.80	0.74	0.63	0.66	0.94	0.79	1.00	0.71	0.80	0.68	0.61	0.70
ENSMUST00000215172.1|ENSMUSG00000032370|Lactb	137.9	66955799	chr9:66955387-66956096	0.73	0.72	0.52	0.81	1.00	0.73	0.61	0.76	0.55	0.69	1.00	1.00
ENSMUST00000139046.7|ENSMUSG00000032366|Tpm1	106828.8	67033827	chr9:67022621-67033978	0.06	0.05	0.05	0.05	0.05	0.05	0.06	0.06	0.05	0.05	0.05	0.05
ENSMUST00000040025.13|ENSMUSG00000052698|Tln2	52.2	67220886	chr9:67217086-67221392	NA	0.34	0.28	0.28	0.11	0.17	0.18	0.17	0.14	0.18	0.33	0.27
ENSMUST00000034761.14|ENSMUSG00000032235|Ice2	26.7	69432512	chr9:69432166-69433122	NA	0.47	0.39	0.91	0.76	0.70	0.40	0.32	0.96	0.54	NA	0.81
ENSMUST00000034756.14|ENSMUSG00000032231|Anxa2	147696.6	69491653	chr9:69491502-69491795	0.24	0.25	0.22	0.23	0.60	0.29	0.22	0.21	0.24	0.24	0.35	0.46
ENSMUST00000034754.11|ENSMUSG00000011958|Bnip2	2936.2	70007282	chr9:70007112-70008317	0.75	0.69	0.65	0.68	0.93	0.69	0.71	0.65	0.73	0.75	0.79	0.63
ENSMUST00000140265.7|ENSMUSG00000033543|Gtf2a2	5786.8	70019515	chr9:70017081-70022738	0.03	0.00	NA	NA	0.04	0.00	0.00	NA	NA	0.00	NA	NA
ENSMUST00000034749.15|ENSMUSG00000032224|Fam81a	8128.3	70090574	chr9:70088510-70090769	0.08	0.09	0.13	0.12	0.20	0.09	0.05	0.09	0.10	0.07	0.09	0.11
ENSMUST00000034742.7|ENSMUSG00000032218|Ccnb2	586.3	70407770	chr9:70407691-70407921	NA	NA	NA	NA	0.58	0.28	NA	NA	0.02	0.09	NA	NA
ENSMUST00000215848.1|ENSMUSG00000032217|Rnf111	72.0	70426015	chr9:70425428-70426992	0.69	0.62	0.75	1.00	0.75	1.00	NA	0.92	0.67	0.77	NA	1.00
ENSMUST00000213808.1|ENSMUSG00000032212|Sltm	450.4	70559211	chr9:70559060-70579451	0.17	0.13	0.25	0.18	0.09	0.11	0.16	0.18	0.14	0.17	0.10	0.12
ENSMUST00000049031.5|ENSMUSG00000042444|Mindy2	278.9	70604768	chr9:70599013-70605163	0.06	0.06	0.06	0.06	0.08	0.05	0.11	0.06	0.05	0.06	0.06	0.07
ENSMUST00000140205.7|ENSMUSG00000054693|Adam10	1408.5	70767073	chr9:70766922-70778382	0.05	0.04	0.04	0.04	0.04	0.04	0.04	0.04	0.04	0.04	0.03	0.04
ENSMUST00000034723.5|ENSMUSG00000013584|Aldh1a2	27931.8	71293826	chr9:71293675-71296243	0.53	0.59	0.68	0.60	0.64	0.53	0.65	0.58	0.60	0.49	NA	NA
ENSMUST00000169804.1|ENSMUSG00000032199|Polr2m	668.6	71483166	chr9:71481471-71483580	0.00	0.00	0.00	0.00	0.00	0.00	0.00	0.00	0.00	0.00	0.00	0.00
ENSMUST00000093823.7|ENSMUSG00000041361|Myzap	15.2	71504772	chr9:71504346-71505135	1.00	0.11	0.54	0.51	0.39	0.82	1.00	0.37	0.53	NA	NA	NA
ENSMUST00000121322.7|ENSMUSG00000032232|Cgnl1	581.7	71629111	chr9:71626508-71629262	1.00	1.00	1.00	1.00	1.00	NA	NA	1.00	1.00	1.00	NA	NA
ENSMUST00000184312.7|ENSMUSG00000090626|Tex9	16.2	72480596	chr9:72450393-72480772	0.03	0.01	0.02	0.03	0.03	0.03	0.04	0.04	0.02	0.02	0.02	0.03
ENSMUST00000038489.5|ENSMUSG00000034910|Pygo1	50.1	72949014	chr9:72945783-72952181	NA	0.31	0.34	0.37	NA	0.67	0.46	0.20	0.29	0.35	0.26	0.15
ENSMUST00000034734.8|ENSMUSG00000092192|Dnaaf4	7.4	72972595	chr9:72972439-72973064	NA	NA	NA	NA	NA	NA	0.22	0.27	NA	NA	0.99	0.66
ENSMUST00000149692.1|ENSMUSG00000089865|Gm44503	9080.4	72997566	chr9:72997415-73016319	1.00	1.00	1.00	1.00	0.59	0.79	1.00	1.00	1.00	1.00	0.57	0.48
ENSMUST00000124008.1|ENSMUSG00000034563|Ccpg1	8205.7	73005892	chr9:73005656-73013931	0.08	0.07	0.06	0.06	0.09	0.08	0.08	0.07	0.06	0.06	0.08	0.07
ENSMUST00000183746.7|ENSMUSG00000079469|Pigb	10585.1	73011929	chr9:73007418-73016154	0.11	0.11	0.13	0.12	0.07	0.12	NA	0.15	0.12	0.12	NA	0.11
ENSMUST00000184146.7|ENSMUSG00000032202|Rab27a	23.1	73095831	chr9:73095453-73097629	NA	NA	0.30	0.41	NA	NA	NA	NA	1.00	0.68	NA	NA
ENSMUST00000113505.3|ENSMUSG00000032215|Rsl24d1	741.7	73115067	chr9:73114916-73122569	0.10	0.09	0.07	0.09	0.05	0.07	0.16	0.11	0.11	0.12	0.06	0.06
ENSMUST00000184666.7|ENSMUSG00000062151|Unc13c	70.5	73480715	chr9:73479421-73480872	NA	0.56	NA	NA	0.54	0.34	0.18	0.56	NA	NA	0.41	0.62
ENSMUST00000169492.7|ENSMUSG00000007656|Arpp19	11648.4	75057735	chr9:75056802-75060313	0.19	0.21	0.27	0.22	0.24	0.17	0.12	0.25	0.38	0.36	0.10	0.13
ENSMUST00000123531.7|ENSMUSG00000034593|Myo5a	1876.9	75123064	chr9:75122913-75176557	0.10	0.05	0.05	0.05	0.08	0.06	0.07	0.06	0.05	0.05	0.06	0.05
ENSMUST00000168937.7|ENSMUSG00000042688|Mapk6	224.8	75387903	chr9:75386901-75388054	1.00	0.96	1.00	0.89	0.84	1.00	1.00	0.82	1.00	1.00	0.93	0.94
ENSMUST00000072232.8|ENSMUSG00000058587|Tmod3	5603.8	75498390	chr9:75497706-75500118	0.52	0.56	0.39	0.52	1.00	0.69	0.34	0.42	0.55	0.51	0.82	0.88
ENSMUST00000098552.9|ENSMUSG00000032186|Tmod2	2755.5	75573748	chr9:75565620-75574091	0.05	0.04	0.05	0.06	0.06	0.04	0.03	0.07	0.06	0.04	0.03	0.05
ENSMUST00000214961.1|ENSMUSG00000032184|Lysmd2	431.9	75635717	chr9:75635437-75637308	0.04	0.02	0.01	0.02	0.05	0.00	0.00	0.00	0.01	0.01	0.01	0.00
ENSMUST00000215603.1|ENSMUSG00000032181|Scg3	10769.0	75681963	chr9:75665753-75682137	0.04	0.03	0.04	0.04	0.04	0.03	0.05	0.03	0.03	0.04	0.04	0.03
ENSMUST00000012281.7|ENSMUSG00000032179|Bmp5	71.3	75899497	chr9:75898579-75900310	0.49	0.44	0.61	0.77	0.51	0.91	1.00	0.66	0.79	0.68	NA	NA
ENSMUST00000008052.12|ENSMUSG00000007908|Hmgcll1	21.0	76134422	chr9:76133862-76136350	NA	0.45	NA	NA	1.00	0.56	NA	0.28	NA	NA	NA	NA
ENSMUST00000183467.1|ENSMUSG00000032352|Lrrc1	83.5	77433939	chr9:77431088-77434090	NA	NA	0.26	0.52	NA	NA	0.29	0.27	0.26	0.30	NA	NA
ENSMUST00000034905.8|ENSMUSG00000032350|Gclc	664.0	77793428	chr9:77793248-77794485	0.79	0.65	0.61	0.60	1.00	0.80	0.55	0.70	0.66	0.67	0.75	0.72
ENSMUST00000034904.13|ENSMUSG00000032349|Elovl5	1117.2	77982956	chr9:77982805-77984519	0.91	0.93	0.79	0.75	1.00	1.00	1.00	0.93	0.80	0.80	1.00	1.00
ENSMUST00000085311.12|ENSMUSG00000001366|Fbxo9	1405.7	78081754	chr9:78081498-78081982	0.55	0.46	0.36	0.31	0.71	0.56	0.31	0.37	0.33	0.33	0.55	0.47
ENSMUST00000044551.7|ENSMUSG00000009828|Cilk1	13.1	78167902	chr9:78167751-78172107	0.22	0.28	NA	0.22	0.03	0.18	NA	0.49	0.23	0.39	0.25	0.43
ENSMUST00000148238.1|ENSMUSG00000032342|Mto1	225.8	78457606	chr9:78457271-78474152	0.09	0.08	0.07	0.06	0.07	0.07	0.08	0.07	0.07	0.08	0.10	0.09
ENSMUST00000042235.14|ENSMUSG00000037742|Eef1a1	698840.0	78478585	chr9:78478448-78478736	0.30	0.28	0.22	0.22	0.61	0.37	0.24	0.24	0.23	0.24	0.39	0.37
ENSMUST00000052441.11|ENSMUSG00000049624|Slc17a5	86.9	78538002	chr9:78536487-78538164	0.69	0.36	0.68	0.59	0.67	0.61	0.74	0.48	0.55	0.49	0.36	0.23
ENSMUST00000071750.12|ENSMUSG00000032332|Col12a1	7309.7	79601020	chr9:79598990-79601171	NA	NA	1.00	1.00	1.00	1.00	1.00	1.00	1.00	1.00	NA	NA
ENSMUST00000034878.11|ENSMUSG00000032328|Tmem30a	1449.1	79771003	chr9:79768942-79771288	0.64	0.62	0.69	0.62	0.41	0.42	0.52	0.57	0.51	0.57	0.75	0.74
ENSMUST00000093811.10|ENSMUSG00000034898|Filip1	4.1	79815431	chr9:79815050-79815693	0.78	NA	NA	NA	NA	NA	0.36	0.29	NA	NA	NA	0.92
ENSMUST00000175999.7|ENSMUSG00000034252|Senp6	137.3	80092418	chr9:80092267-80144781	0.02	0.02	0.02	0.02	0.02	0.02	0.01	0.02	0.02	0.02	0.01	0.02
ENSMUST00000035889.14|ENSMUSG00000033577|Myo6	230.3	80309232	chr9:80307868-80311729	0.20	0.22	0.26	0.17	0.14	0.21	0.27	0.18	0.17	0.28	0.37	0.35
ENSMUST00000113245.8|ENSMUSG00000032251|Irak1bp1	68.0	82846945	chr9:82846794-82847687	0.18	0.31	0.25	0.49	0.30	0.30	0.14	0.30	0.36	0.31	0.25	0.19
ENSMUST00000186089.6|ENSMUSG00000032253|Phip	1406.3	82926396	chr9:82900655-82928186	0.21	0.23	0.19	0.22	0.32	0.22	0.25	0.19	0.18	0.19	0.29	0.23
ENSMUST00000185315.6|ENSMUSG00000066456|Hmgn3	53047.7	83110817	chr9:83109947-83110968	1.00	1.00	1.00	1.00	1.00	1.00	1.00	1.00	1.00	1.00	1.00	1.00
ENSMUST00000113215.9|ENSMUSG00000032261|Sh3bgrl2	91.7	83600084	chr9:83597233-83601346	0.29	0.27	0.67	0.79	0.51	0.31	0.37	0.76	0.38	0.46	0.73	0.68
ENSMUST00000034796.13|ENSMUSG00000032262|Elovl4	42.8	83779694	chr9:83778691-83780542	0.57	0.68	0.53	0.62	1.00	0.76	NA	0.80	0.40	0.43	0.58	0.60
ENSMUST00000034802.14|ENSMUSG00000032265|Tent5a	136.8	85324222	chr9:85320438-85324459	NA	NA	0.32	0.34	0.51	0.40	0.39	0.34	0.38	0.36	NA	0.11
ENSMUST00000187521.6|ENSMUSG00000035941|Ibtk	115.2	85720743	chr9:85687541-85721287	0.05	0.05	0.06	0.05	0.05	0.05	0.05	0.05	0.05	0.05	NA	0.05
ENSMUST00000006559.13|ENSMUSG00000035274|Tpbg	307.9	85845789	chr9:85845257-85847040	0.09	0.09	0.08	0.10	0.31	0.12	0.05	0.13	0.10	0.11	0.13	0.15
ENSMUST00000070064.10|ENSMUSG00000056131|Pgm3	149.3	86555108	chr9:86554376-86555316	0.20	0.21	0.32	0.48	0.17	0.17	0.29	0.27	0.21	0.27	0.52	0.24
ENSMUST00000034989.14|ENSMUSG00000032418|Me1	472.7	86582550	chr9:86581370-86582739	0.65	0.67	0.90	0.91	0.43	0.60	1.00	0.72	0.83	0.86	0.50	0.58
ENSMUST00000036426.12|ENSMUSG00000033491|Prss35	69.0	86756853	chr9:86756405-86758443	NA	NA	0.29	0.47	NA	NA	NA	1.00	0.49	0.57	NA	NA
ENSMUST00000174294.2|ENSMUSG00000032872|Cyb5r4	94.8	87066880	chr9:87066729-87077381	0.00	0.01	0.01	0.00	0.01	0.00	0.02	0.01	0.00	0.00	0.00	0.00
ENSMUST00000093802.5|ENSMUSG00000056919|Cep162	10.7	87192567	chr9:87189576-87192718	NA	NA	0.48	NA	0.14	NA	NA	0.33	NA	0.47	0.03	NA
ENSMUST00000034991.7|ENSMUSG00000032419|Tbx18	516.0	87704404	chr9:87702799-87705223	0.22	0.13	0.28	0.31	0.27	0.28	0.34	0.33	0.23	0.29	NA	NA
ENSMUST00000034992.7|ENSMUSG00000032420|Nt5e	54.2	88371383	chr9:88370314-88372092	0.73	1.00	1.00	0.80	0.99	0.97	0.89	1.00	1.00	0.82	NA	NA
ENSMUST00000173131.7|ENSMUSG00000092541|Gm20537	77.8	88452772	chr9:88407431-88454256	0.02	0.02	0.04	0.04	0.03	0.03	0.09	0.05	0.03	0.03	0.04	0.05
ENSMUST00000172828.7|ENSMUSG00000032423|Syncrip	1369.5	88476782	chr9:88453937-88476933	0.03	0.03	0.02	0.02	0.04	0.03	0.02	0.02	0.02	0.02	0.03	0.03
ENSMUST00000162827.7|ENSMUSG00000032425|Zfp949	22.0	88570473	chr9:88570187-88571061	0.56	NA	0.35	0.69	NA	NA	1.00	0.77	NA	NA	NA	NA
ENSMUST00000058488.8|ENSMUSG00000032353|Tmed3	26643.6	89699468	chr9:89699205-89699745	0.43	0.43	0.35	0.38	0.80	0.47	0.39	0.37	0.44	0.42	0.53	0.70
ENSMUST00000123320.7|ENSMUSG00000032359|Ctsh	226635.1	90064593	chr9:90062722-90076087	0.33	0.35	0.34	0.30	0.27	0.33	0.36	0.35	0.29	0.32	0.32	0.31
ENSMUST00000190345.1|ENSMUSG00000062270|Morf4l1	13473.7	90100349	chr9:90097885-90100500	0.01	0.00	0.00	0.00	0.01	0.00	0.01	0.00	0.00	0.00	0.00	0.00
ENSMUST00000134996.7|ENSMUSG00000032363|Adamts7	528.4	90196077	chr9:90188271-90200100	NA	NA	0.30	0.31	NA	0.37	NA	0.49	0.33	0.28	NA	NA
ENSMUST00000144348.7|ENSMUSG00000037410|Tbc1d2b	197.3	90270276	chr9:90229052-90270427	0.05	NA	0.03	0.03	0.03	0.02	0.06	0.03	0.03	0.03	NA	NA
ENSMUST00000066384.6|ENSMUSG00000036972|Zic4	1627.1	91387998	chr9:91384327-91389348	NA	NA	0.54	0.32	NA	0.22	0.50	0.49	0.41	0.47	NA	NA
ENSMUST00000093801.9|ENSMUSG00000032369|Plscr1	2911.3	92271779	chr9:92271585-92272278	0.14	0.17	0.14	0.17	0.28	0.17	0.13	0.15	0.18	0.16	0.19	0.21
ENSMUST00000180154.7|ENSMUSG00000032372|Plscr2	704.4	92297436	chr9:92297198-92297752	0.46	0.41	0.23	0.42	1.00	0.38	0.43	0.31	0.53	0.48	0.45	0.84
ENSMUST00000034941.8|ENSMUSG00000032377|Plscr4	120.5	92491540	chr9:92490804-92492456	0.61	0.64	0.56	0.68	1.00	0.64	0.88	0.71	0.79	0.79	0.82	0.54
ENSMUST00000070522.13|ENSMUSG00000032374|Plod2	139.9	92607902	chr9:92607227-92608428	0.49	0.47	0.76	0.73	0.54	0.78	0.95	0.66	0.67	0.56	NA	NA
ENSMUST00000113028.1|ENSMUSG00000045414|Dipk2a	68.5	94519337	chr9:94517863-94520317	1.00	0.59	0.92	0.99	0.65	1.00	1.00	0.77	0.91	1.00	1.00	0.63
ENSMUST00000033463.9|ENSMUSG00000031129|Slc9a9	84.1	95229213	chr9:95229062-95230445	NA	0.79	0.80	0.95	0.72	1.00	0.92	1.00	0.84	0.92	0.79	NA
ENSMUST00000036267.7|ENSMUSG00000033350|Chst2	2996.8	95404251	chr9:95399291-95404701	0.07	0.11	0.07	0.07	0.08	0.11	0.15	0.08	0.05	0.04	0.14	0.14
ENSMUST00000191213.6|ENSMUSG00000032407|U2surp	740.0	95472042	chr9:95461353-95485620	0.09	0.10	0.07	0.07	0.17	0.09	0.07	0.05	0.09	0.09	0.15	0.13
ENSMUST00000034982.15|ENSMUSG00000032411|Tfdp2	41.2	96318730	chr9:96317968-96323646	0.17	0.27	0.32	0.52	0.41	0.17	0.18	0.23	0.29	0.29	0.29	0.47
ENSMUST00000034983.6|ENSMUSG00000032412|Atp1b3	41872.6	96333168	chr9:96332654-96333526	0.60	0.55	0.49	0.46	0.72	0.68	0.52	0.52	0.50	0.49	0.62	0.66
ENSMUST00000057500.5|ENSMUSG00000051234|Rnf7	5448.8	96471239	chr9:96470936-96471736	0.65	0.56	0.44	0.48	0.76	0.51	0.52	0.46	0.51	0.51	0.62	0.70
ENSMUST00000128346.7|ENSMUSG00000032413|Rasa2	89.8	96611285	chr9:96546281-96611436	0.13	0.09	0.17	0.13	0.06	0.08	0.13	0.11	0.09	0.13	0.04	0.05
ENSMUST00000112951.8|ENSMUSG00000043587|Pxylp1	137.2	96823887	chr9:96823335-96824687	NA	NA	0.70	0.52	NA	1.00	0.72	0.53	0.71	0.63	NA	0.39
ENSMUST00000055433.4|ENSMUSG00000046997|Spsb4	21.3	96944324	chr9:96943481-96944579	NA	0.81	NA	0.70	NA	0.68	NA	0.50	NA	NA	1.00	0.94
ENSMUST00000112935.7|ENSMUSG00000032456|Nmnat3	24.5	98410974	chr9:98410438-98411434	0.54	0.90	0.70	0.51	1.00	1.00	0.39	0.63	0.28	0.61	0.60	NA
ENSMUST00000052068.10|ENSMUSG00000046402|Rbp1	226167.4	98446497	chr9:98446346-98446575	0.21	0.11	0.13	0.15	0.19	0.18	0.15	0.15	0.17	0.17	0.20	0.20
ENSMUST00000035033.6|ENSMUSG00000032458|Copb2	2880.7	98588288	chr9:98588137-98588382	0.24	0.29	0.26	0.21	0.35	0.27	0.31	0.20	0.21	0.17	0.29	0.27
ENSMUST00000051312.4|ENSMUSG00000050397|Foxl2	30.9	98957394	chr9:98956785-98958543	0.44	0.63	NA	0.39	NA	NA	0.47	0.34	NA	NA	NA	0.55
ENSMUST00000035038.7|ENSMUSG00000032463|Faim	2132.6	99001852	chr9:99001701-99002021	0.20	0.27	0.23	0.21	0.63	0.34	0.23	0.18	0.26	0.22	0.38	0.38
ENSMUST00000136965.7|ENSMUSG00000032462|Pik3cb	32.1	99064019	chr9:99038400-99064177	0.05	0.06	0.06	0.04	0.04	0.07	NA	0.05	0.09	0.05	0.04	0.10
ENSMUST00000191014.1|ENSMUSG00000056267|Cep70	8.2	99275747	chr9:99275578-99278050	0.02	0.03	0.04	0.03	0.03	0.03	0.03	0.02	NA	NA	0.01	NA
ENSMUST00000035045.14|ENSMUSG00000032470|Mras	1266.0	99388157	chr9:99385419-99388407	0.16	0.23	0.54	0.47	0.20	0.22	0.27	0.44	0.37	0.42	0.36	0.56
ENSMUST00000035043.11|ENSMUSG00000032468|Armc8	87.4	99480385	chr9:99478371-99480746	0.24	0.15	0.17	0.22	0.32	0.15	0.27	0.23	0.18	0.20	0.22	0.30
ENSMUST00000078367.11|ENSMUSG00000037784|Dzip1l	26.0	99668755	chr9:99667800-99669256	NA	0.88	0.53	1.00	NA	NA	1.00	0.91	0.48	0.70	1.00	0.96
ENSMUST00000116522.7|ENSMUSG00000032475|Nck1	322.2	100495187	chr9:100492292-100495479	0.11	0.09	0.05	0.06	0.09	0.07	0.04	0.08	0.07	0.07	0.08	0.21
ENSMUST00000149322.7|ENSMUSG00000032527|Pccb	235.3	100982292	chr9:100982031-100982687	0.50	0.40	0.35	0.41	0.82	0.64	0.52	0.42	0.38	0.42	0.65	0.55
ENSMUST00000085177.4|ENSMUSG00000066415|Msl2	50.1	101103650	chr9:101102159-101104800	0.25	0.21	0.18	0.26	0.27	0.34	0.71	0.10	0.19	0.16	0.41	0.77
ENSMUST00000075941.11|ENSMUSG00000043154|Ppp2r3a	47.9	101107190	chr9:101105083-101107845	NA	0.84	0.39	0.55	NA	NA	0.88	0.42	0.32	0.39	0.56	0.59
ENSMUST00000190279.6|ENSMUSG00000035048|Anapc13	3352.8	102634287	chr9:102634136-102634425	0.01	0.09	0.13	0.00	0.00	0.08	0.05	0.07	0.03	0.11	0.11	0.04
ENSMUST00000176198.7|ENSMUSG00000032547|Ryk	1583.1	102867707	chr9:102867556-102908305	0.06	0.06	0.06	0.05	0.05	0.05	0.06	0.06	0.05	0.05	0.06	0.05
ENSMUST00000035155.7|ENSMUSG00000032549|Rab6b	8816.1	103181394	chr9:103181243-103185276	0.38	0.50	0.46	0.50	0.53	0.43	0.55	0.65	0.35	0.45	0.44	0.52
ENSMUST00000035157.9|ENSMUSG00000032553|Srprb	4410.0	103189341	chr9:103188031-103190210	0.16	0.12	0.13	0.11	0.15	0.11	0.13	0.13	0.11	0.11	0.23	0.28
ENSMUST00000112645.7|ENSMUSG00000032554|Trf	3451.3	103208895	chr9:103204000-103209046	0.00	0.00	0.00	0.00	0.00	0.00	0.00	0.00	0.00	0.00	0.00	0.00
ENSMUST00000185305.1|ENSMUSG00000032555|Topbp1	37.2	103345915	chr9:103345764-103346727	0.00	0.00	0.00	0.05	0.03	0.00	0.00	0.07	0.00	0.00	0.00	0.00
ENSMUST00000049452.14|ENSMUSG00000042757|Tmem108	11.6	103484512	chr9:103482946-103484663	NA	0.35	NA	NA	NA	0.34	NA	NA	NA	NA	0.60	0.48
ENSMUST00000144195.2|ENSMUSG00000032557|Uba5	9262.0	104056821	chr9:104047649-104056972	0.13	0.15	0.13	0.12	0.15	0.15	0.17	0.14	0.13	0.13	0.15	0.16
ENSMUST00000047799.12|ENSMUSG00000090150|Acad11	131.9	104127368	chr9:104126693-104127725	0.42	0.39	0.42	0.41	1.00	0.35	0.48	0.30	0.57	0.40	0.73	0.70
ENSMUST00000142424.1|ENSMUSG00000032563|Mrpl3	1034.8	105054696	chr9:105054545-105077466	0.08	0.08	0.07	0.07	0.07	0.07	0.11	0.09	0.07	0.08	0.06	0.06
ENSMUST00000185533.1|ENSMUSG00000032565|Nudt16	118.5	105129875	chr9:105128902-105130333	0.06	0.05	0.12	0.09	0.21	0.17	0.07	0.09	0.07	0.09	0.15	0.16
ENSMUST00000065778.12|ENSMUSG00000032571|Pik3r4	62.6	105687460	chr9:105687282-105687657	0.25	0.40	0.32	0.45	0.57	0.26	0.17	0.33	0.35	0.28	0.45	0.28
ENSMUST00000216761.1|ENSMUSG00000020257|Wdr82	160.8	106180741	chr9:106180590-106184715	0.16	0.14	0.12	0.14	0.07	0.12	NA	0.13	0.13	0.09	0.13	0.12
ENSMUST00000215742.1|ENSMUSG00000020253|Ppm1m	6402.9	106196592	chr9:106195786-106196853	0.47	0.44	0.50	0.48	0.39	0.52	0.47	0.47	0.47	0.50	0.39	0.52
ENSMUST00000133617.2|ENSMUSG00000032786|Alas1	58711.3	106239531	chr9:106233926-106239708	0.18	0.17	0.17	0.20	0.22	0.16	0.19	0.19	0.17	0.19	0.19	0.18
ENSMUST00000172306.2|ENSMUSG00000053716|Dusp7	1816.1	106375067	chr9:106373943-106375724	0.65	0.64	0.84	0.62	0.92	0.47	0.84	0.58	0.53	0.63	0.64	0.63
ENSMUST00000215506.1|ENSMUSG00000023262|Acy1	863.9	106434529	chr9:106433076-106434809	0.11	0.08	0.08	0.08	0.20	0.11	0.08	0.10	0.11	0.12	0.11	0.11
ENSMUST00000048527.14|ENSMUSG00000042073|Abhd14b	1529.2	106452597	chr9:106452160-106452923	0.48	0.47	0.48	0.36	0.71	0.67	0.42	0.48	0.62	0.41	0.89	0.96
ENSMUST00000185507.6|ENSMUSG00000023495|Pcbp4	54593.9	106462677	chr9:106462410-106463549	0.40	0.44	0.39	0.41	0.54	0.46	0.45	0.33	0.40	0.40	0.42	0.43
ENSMUST00000164834.2|ENSMUSG00000091735|Gpr62	12.3	106464291	chr9:106463961-106464653	NA	NA	NA	NA	NA	0.06	0.14	0.54	NA	NA	1.00	NA
ENSMUST00000067218.13|ENSMUSG00000023249|Parp3	824.1	106470852	chr9:106470321-106471235	0.25	0.27	0.35	0.35	0.49	0.28	0.33	0.21	0.36	0.31	0.37	0.61
ENSMUST00000185336.1|ENSMUSG00000041506|Rrp9	528.3	106484519	chr9:106484320-106485422	0.74	NA	NA	NA	0.42	NA	0.12	0.09	NA	NA	NA	NA
ENSMUST00000023959.12|ENSMUSG00000023192|Grm2	26.8	106644670	chr9:106643116-106645020	NA	0.01	NA	NA	NA	NA	NA	0.02	NA	NA	0.05	0.02
ENSMUST00000169068.7|ENSMUSG00000040813|Tex264	8309.8	106658878	chr9:106658745-106659029	0.23	0.24	0.29	0.24	0.38	0.36	0.25	0.23	0.26	0.25	0.39	0.34
ENSMUST00000161758.2|ENSMUSG00000040325|Dcaf1	58.8	106880140	chr9:106879989-106880992	0.91	0.99	0.68	0.92	1.00	NA	1.00	0.84	0.99	0.64	0.82	NA
ENSMUST00000055843.8|ENSMUSG00000074102|Rbm15b	98.5	106884122	chr9:106880917-106884306	0.27	0.30	0.45	0.61	0.20	0.28	0.56	0.51	0.60	0.67	0.29	0.26
ENSMUST00000035194.7|ENSMUSG00000032577|Mapkapk3	114.4	107255811	chr9:107254926-107256185	0.86	0.97	0.92	0.77	0.83	0.95	1.00	0.84	0.76	0.91	1.00	1.00
ENSMUST00000168260.1|ENSMUSG00000032578|Cish	60.1	107301741	chr9:107300533-107302784	0.11	0.04	0.06	0.11	0.37	0.11	0.05	0.06	0.08	0.05	0.13	0.10
ENSMUST00000035196.13|ENSMUSG00000032579|Hemk1	42.4	107327853	chr9:107327083-107328038	0.12	0.36	0.17	0.21	0.23	0.12	0.14	0.15	0.19	0.19	0.28	0.15
ENSMUST00000010189.2|ENSMUSG00000010045|Tmem115	2268.5	107538384	chr9:107538063-107538673	0.53	0.46	0.35	0.31	0.76	0.45	0.34	0.36	0.42	0.39	0.41	0.59
ENSMUST00000194967.1|ENSMUSG00000037190|Cyb561d2	3335.1	107540913	chr9:107540041-107541064	1.00	1.00	1.00	1.00	0.74	1.00	1.00	1.00	1.00	1.00	1.00	0.80
ENSMUST00000195370.5|ENSMUSG00000010057|Nprl2	2882.9	107544477	chr9:107544217-107544634	0.20	0.01	0.09	0.01	0.14	0.00	0.00	0.02	0.00	0.01	0.00	0.00
ENSMUST00000156198.7|ENSMUSG00000010067|Rassf1	7114.2	107558302	chr9:107557454-107562263	0.03	0.03	0.02	0.03	0.06	0.01	0.05	0.04	0.01	0.01	0.10	0.11
ENSMUST00000010198.4|ENSMUSG00000010054|Tusc2	2927.8	107565666	chr9:107564909-107566112	0.73	0.69	0.73	0.61	1.00	0.79	0.75	0.72	0.72	0.74	0.75	0.78
ENSMUST00000010195.13|ENSMUSG00000010051|Hyal1	149.6	107579876	chr9:107579411-107580978	0.32	0.20	0.22	0.23	0.40	0.46	0.23	0.21	0.14	0.24	0.24	0.20
ENSMUST00000093785.5|ENSMUSG00000079334|Naa80	142.2	107584000	chr9:107583849-107584050	0.23	0.34	0.34	0.27	0.38	0.22	0.34	0.29	0.37	0.21	0.30	0.35
ENSMUST00000123926.7|ENSMUSG00000057969|Sema3b	399.7	107598479	chr9:107597673-107599838	NA	NA	0.16	0.16	NA	NA	0.04	0.22	NA	NA	NA	NA
ENSMUST00000192615.5|ENSMUSG00000032562|Gnai2	1446982.0	107614597	chr9:107614124-107615637	0.58	0.36	0.38	0.36	0.97	0.45	0.30	0.37	0.35	0.40	0.31	0.42
ENSMUST00000167868.7|ENSMUSG00000010064|Slc38a3	2170.8	107651335	chr9:107650633-107651936	0.09	0.07	0.09	0.06	0.20	0.09	0.09	0.08	0.05	0.04	0.11	0.13
ENSMUST00000182371.7|ENSMUSG00000032580|Rbm5	4025.4	107749707	chr9:107740499-107756951	0.45	0.41	0.37	0.39	0.53	0.35	0.32	0.31	0.29	0.36	0.25	0.31
ENSMUST00000181986.7|ENSMUSG00000032582|Rbm6	401.0	107791751	chr9:107773566-107792003	0.07	0.04	0.06	0.06	0.11	0.07	0.08	0.07	0.06	0.06	0.07	0.07
ENSMUST00000195617.5|ENSMUSG00000032584|Mst1r	38.5	107911922	chr9:107911581-107920381	NA	NA	0.35	0.39	NA	NA	0.28	NA	0.46	0.28	NA	NA
ENSMUST00000035700.13|ENSMUSG00000032936|Camkv	5433.4	107948882	chr9:107948337-107949691	0.87	1.00	0.85	0.85	1.00	0.99	1.00	0.92	0.86	0.85	1.00	0.94
ENSMUST00000049348.8|ENSMUSG00000032586|Traip	9.2	107971311	chr9:107971093-107972270	0.11	NA	NA	NA	0.25	0.15	0.38	0.48	0.28	NA	0.20	0.41
ENSMUST00000177039.7|ENSMUSG00000032596|Uba7	2015.7	107980182	chr9:107976706-107984060	0.30	0.25	0.31	0.32	0.29	0.33	0.43	0.32	0.28	0.29	NA	NA
ENSMUST00000176356.7|ENSMUSG00000093456|Gm20662	91.9	108024450	chr9:108024117-108032146	0.05	0.01	0.01	0.01	0.06	0.01	0.03	0.02	0.01	0.01	0.00	0.00
ENSMUST00000176566.1|ENSMUSG00000032594|Ip6k1	1051.8	108032209	chr9:108032049-108045607	0.03	0.02	0.02	0.02	0.05	0.03	0.03	0.03	0.02	0.02	0.02	0.02
ENSMUST00000112295.8|ENSMUSG00000070284|Gmppb	942.7	108051669	chr9:108051454-108052801	0.30	0.28	0.50	0.50	0.37	0.17	0.47	0.41	0.32	0.27	1.00	1.00
ENSMUST00000159306.7|ENSMUSG00000041528|Rnf123	178.5	108056036	chr9:108052224-108056400	0.35	0.13	0.30	0.22	0.25	0.44	0.07	0.11	0.51	0.47	0.03	0.00
ENSMUST00000085060.2|ENSMUSG00000032593|Amigo3	10.8	108055386	chr9:108054903-108055701	0.67	NA	0.24	NA	NA	NA	NA	NA	0.60	0.46	NA	NA
ENSMUST00000191899.5|ENSMUSG00000039952|Dag1	2168.6	108206208	chr9:108204633-108207261	0.65	0.49	0.51	0.50	1.00	0.63	0.81	0.53	0.40	0.49	0.81	0.56
ENSMUST00000035227.7|ENSMUSG00000032606|Nicn1	563.5	108295456	chr9:108295106-108296498	0.69	0.55	0.64	0.57	0.93	0.58	0.50	0.74	0.61	0.70	0.56	0.62
ENSMUST00000044725.8|ENSMUSG00000039461|Tcta	1351.8	108303334	chr9:108302957-108304213	0.78	0.78	0.70	0.82	0.77	0.80	0.72	0.78	0.91	0.63	0.93	0.84
ENSMUST00000007959.13|ENSMUSG00000007815|Rhoa	72781.9	108337274	chr9:108336818-108337934	0.24	0.34	0.36	0.41	0.38	0.38	0.29	0.33	0.40	0.37	0.47	0.44
ENSMUST00000082429.6|ENSMUSG00000063856|Gpx1	728738.0	108340284	chr9:108340133-108340343	0.14	0.16	0.14	0.15	0.22	0.18	0.13	0.15	0.17	0.15	0.23	0.20
ENSMUST00000194224.5|ENSMUSG00000032612|Usp4	8105.6	108384956	chr9:108384401-108385903	0.09	0.00	0.01	0.01	0.02	0.00	0.00	0.04	0.03	0.01	0.00	0.01
ENSMUST00000193286.5|ENSMUSG00000032609|Klhdc8b	248.6	108447902	chr9:108447635-108448291	0.38	0.46	0.57	0.53	1.00	0.42	0.44	0.36	0.52	0.49	0.53	0.55
ENSMUST00000061209.6|ENSMUSG00000049305|Ccdc71	78.9	108464439	chr9:108464288-108465938	0.40	0.43	0.42	0.36	0.44	0.35	0.06	0.57	0.45	0.61	0.29	0.55
ENSMUST00000166103.8|ENSMUSG00000006676|Usp19	300.8	108502121	chr9:108501953-108502337	0.52	0.35	0.37	0.27	0.76	0.54	0.43	0.33	0.21	0.29	0.41	0.60
ENSMUST00000208214.1|ENSMUSG00000032604|Qars	1876.4	108509224	chr9:108508960-108515941	0.79	0.95	0.99	0.76	1.00	0.77	NA	0.85	0.76	0.74	0.80	0.62
ENSMUST00000006851.14|ENSMUSG00000006673|Qrich1	1110.7	108559837	chr9:108559435-108560163	0.44	0.49	0.37	0.30	1.00	0.66	0.74	0.37	0.47	0.36	0.60	0.79
ENSMUST00000074208.5|ENSMUSG00000070283|Ndufaf3	365.0	108565810	chr9:108565536-108565961	0.12	0.35	0.22	0.37	0.44	0.32	0.19	0.13	0.34	0.26	0.23	0.36
ENSMUST00000195249.5|ENSMUSG00000019039|Dalrd3	6794.0	108571173	chr9:108570673-108571519	0.29	0.00	0.08	0.04	0.28	0.00	0.09	0.04	0.02	0.07	0.00	0.01
ENSMUST00000068700.6|ENSMUSG00000066357|Wdr6	1410.3	108572550	chr9:108572310-108572952	0.69	0.51	0.43	0.45	0.76	0.61	0.61	0.44	0.40	0.46	0.76	0.68
ENSMUST00000193552.5|ENSMUSG00000064145|Arih2	517.9	108619943	chr9:108609979-108620094	0.27	0.21	0.27	0.27	0.31	0.26	0.27	0.24	0.27	0.26	0.39	0.24
ENSMUST00000035222.5|ENSMUSG00000032602|Slc25a20	851.1	108684349	chr9:108683891-108684641	0.42	0.46	0.43	0.44	0.68	0.55	0.40	0.43	0.46	0.43	0.77	0.53
ENSMUST00000035220.11|ENSMUSG00000032601|Prkar2a	511.1	108749280	chr9:108746991-108750436	0.47	0.38	0.32	0.32	1.00	0.47	0.42	0.23	0.22	0.29	0.65	0.47
ENSMUST00000192028.5|ENSMUSG00000032599|Ip6k2	313.9	108797581	chr9:108797228-108797994	0.43	0.58	0.53	0.58	0.77	0.39	0.43	0.51	0.27	0.44	0.62	0.72
ENSMUST00000035218.8|ENSMUSG00000032598|Nckipsd	457.4	108818238	chr9:108817742-108818844	0.28	0.14	0.13	0.10	0.41	0.15	0.10	0.08	0.18	0.14	0.16	0.18
ENSMUST00000193874.1|ENSMUSG00000023259|Slc26a6	214.8	108859356	chr9:108857279-108862143	0.33	0.33	0.32	0.37	NA	NA	0.26	0.27	0.27	0.25	NA	NA
ENSMUST00000195738.1|ENSMUSG00000025651|Uqcrc1	238669.3	108944222	chr9:108944071-108944704	0.01	0.00	0.00	0.01	0.01	0.00	0.00	0.00	0.00	0.00	0.00	0.00
ENSMUST00000112070.7|ENSMUSG00000025650|Col7a1	441.2	108984661	chr9:108984509-108984875	0.32	0.56	0.34	0.32	0.70	0.68	0.46	NA	0.44	0.40	NA	NA
ENSMUST00000112059.9|ENSMUSG00000025647|Shisa5	34701.0	109057384	chr9:109056705-109057777	0.60	0.58	0.51	0.50	0.92	0.60	0.49	0.46	0.58	0.51	0.70	0.62
ENSMUST00000160217.7|ENSMUSG00000025646|Atrip	1191.9	109061109	chr9:109057932-109061558	0.75	0.92	1.00	0.99	1.00	1.00	1.00	1.00	1.00	0.92	0.78	1.00
ENSMUST00000167504.2|ENSMUSG00000091537|Tma7	63488.5	109078225	chr9:109077886-109078393	0.13	0.18	0.17	0.14	0.22	0.22	0.14	0.16	0.17	0.14	0.23	0.21
ENSMUST00000026735.8|ENSMUSG00000025645|Ccdc51	55.7	109092415	chr9:109092264-109092489	0.45	0.11	NA	0.00	0.08	0.13	NA	0.34	0.29	NA	NA	NA
ENSMUST00000072093.12|ENSMUSG00000053646|Plxnb1	71.0	109118317	chr9:109117941-109119917	0.89	0.65	0.77	0.65	0.73	0.58	0.78	0.57	NA	NA	0.76	0.70
ENSMUST00000197627.4|ENSMUSG00000032478|Nme6	2631.6	109842209	chr9:109842058-109842724	1.00	1.00	1.00	1.00	1.00	1.00	1.00	1.00	1.00	1.00	1.00	1.00
ENSMUST00000169851.7|ENSMUSG00000032479|Map4	2392.7	110004940	chr9:110002750-110005739	0.51	0.54	0.50	0.55	1.00	0.92	0.77	0.47	0.54	0.82	0.76	0.71
ENSMUST00000198443.1|ENSMUSG00000032480|Dhx30	429.7	110098693	chr9:110092959-110098844	0.05	0.04	0.04	0.04	0.06	0.04	0.09	0.04	0.04	0.04	0.03	0.04
ENSMUST00000198247.4|ENSMUSG00000054836|Elp6	4.6	110315954	chr9:110315803-110319572	0.01	0.00	0.00	0.00	0.00	0.00	0.00	0.00	0.01	0.00	0.00	0.00
ENSMUST00000197336.4|ENSMUSG00000054792|Klhl18	48.1	110437300	chr9:110425927-110437451	0.18	0.12	0.18	0.31	NA	0.17	NA	0.29	0.30	0.20	0.14	NA
ENSMUST00000035069.13|ENSMUSG00000032491|Nradd	2307.0	110621272	chr9:110621134-110621423	0.28	0.27	0.27	0.29	0.50	0.25	0.27	0.26	0.21	0.19	0.19	NA
ENSMUST00000200296.1|ENSMUSG00000019659|Ccdc12	10024.8	110711402	chr9:110711251-110711587	0.37	0.32	0.34	0.34	0.58	0.45	0.36	0.33	0.38	0.40	0.50	0.46
ENSMUST00000050958.8|ENSMUSG00000049555|Tmie	18.4	110866217	chr9:110865710-110866862	NA	0.16	NA	0.33	0.46	0.16	0.09	0.16	NA	NA	0.39	0.33
ENSMUST00000130386.7|ENSMUSG00000044037|Als2cl	56.1	110898644	chr9:110898493-110900530	1.00	1.00	0.97	0.79	1.00	0.82	NA	0.92	NA	NA	NA	0.85
ENSMUST00000196598.1|ENSMUSG00000032495|Lrrc2	8.3	110966597	chr9:110966446-110979530	NA	0.02	NA	NA	NA	0.01	NA	NA	NA	NA	0.04	0.11
ENSMUST00000111888.2|ENSMUSG00000043953|Ccrl2	2212.3	111055025	chr9:111054485-111055348	0.21	0.10	0.18	0.16	0.16	0.12	0.08	0.13	0.14	0.14	0.13	0.18
ENSMUST00000035078.12|ENSMUSG00000032497|Lrrfip2	72.5	111224208	chr9:111224057-111225668	0.36	0.37	0.36	0.66	0.50	0.38	0.26	0.56	0.44	0.50	0.43	0.48
ENSMUST00000060711.7|ENSMUSG00000046785|Epm2aip1	42.2	111275547	chr9:111273778-111279093	0.59	0.99	0.79	0.78	1.00	0.74	NA	0.76	0.81	0.66	0.91	0.76
ENSMUST00000111879.4|ENSMUSG00000032500|Dclk3	14.7	111488836	chr9:111488667-111489118	NA	0.50	NA	1.00	NA	NA	0.81	0.46	NA	NA	0.98	0.77
ENSMUST00000159246.7|ENSMUSG00000032503|Arpp21	51.5	112143262	chr9:112065736-112143413	NA	0.02	NA	0.03	NA	NA	NA	0.02	NA	NA	0.02	0.02
ENSMUST00000035086.12|ENSMUSG00000032504|Pdcd6ip	796.6	113654601	chr9:113651743-113654935	0.07	0.13	0.19	0.20	0.09	0.13	0.21	0.22	0.19	0.23	0.34	0.38
ENSMUST00000215022.1|ENSMUSG00000033392|Clasp2	130.1	113842603	chr9:113841589-113918190	NA	0.14	0.35	0.33	0.28	0.12	NA	0.32	0.43	NA	0.11	0.18
ENSMUST00000084885.11|ENSMUSG00000009741|Ubp1	264.5	113976113	chr9:113975380-113977199	0.86	0.95	0.80	0.55	1.00	1.00	1.00	0.85	0.75	0.73	1.00	1.00
ENSMUST00000084881.4|ENSMUSG00000032431|Crtap	18791.3	114375366	chr9:114375133-114375531	0.41	0.37	0.31	0.31	0.57	0.42	0.31	0.31	0.33	0.34	0.60	0.59
ENSMUST00000111820.3|ENSMUSG00000079260|Tmppe	56.3	114406130	chr9:114405975-114407276	1.00	1.00	0.99	0.70	0.76	1.00	1.00	1.00	1.00	0.85	NA	0.83
ENSMUST00000217148.1|ENSMUSG00000056167|Cnot10	299.9	114614954	chr9:114585965-114615105	0.06	0.05	0.06	0.06	0.07	0.05	0.08	0.05	0.05	0.05	0.04	0.05
ENSMUST00000047404.6|ENSMUSG00000032435|Dync1li1	645.5	114723513	chr9:114723362-114724302	0.69	0.74	0.62	0.65	1.00	0.93	0.70	0.72	0.84	0.77	0.62	0.79
ENSMUST00000035007.9|ENSMUSG00000032434|Cmtm6	2714.2	114746762	chr9:114746573-114749344	0.97	0.96	0.91	0.94	0.89	1.00	1.00	0.97	1.00	0.95	0.92	0.98
ENSMUST00000035009.15|ENSMUSG00000032436|Cmtm7	3837.0	114757090	chr9:114756835-114757280	0.38	0.41	0.35	0.36	0.51	0.47	0.26	0.30	0.33	0.35	0.59	0.81
ENSMUST00000047013.3|ENSMUSG00000041012|Cmtm8	74.0	114789489	chr9:114789344-114789664	0.45	0.28	0.18	0.21	0.53	0.75	0.51	0.29	0.05	0.08	0.45	0.57
ENSMUST00000146623.7|ENSMUSG00000050627|Gpd1l	1696.8	114902257	chr9:114899340-114902408	0.83	1.00	1.00	1.00	1.00	1.00	1.00	1.00	1.00	0.82	1.00	1.00
ENSMUST00000182199.7|ENSMUSG00000040875|Osbpl10	11.2	115109621	chr9:115109470-115232219	NA	NA	NA	NA	NA	0.01	0.01	0.01	NA	0.01	0.01	0.02
ENSMUST00000035010.9|ENSMUSG00000032437|Stt3b	1296.1	115243816	chr9:115242580-115243967	0.76	0.82	0.91	0.93	0.90	0.87	1.00	0.91	0.91	0.91	0.91	0.71
ENSMUST00000061101.11|ENSMUSG00000032440|Tgfbr2	3771.2	116087928	chr9:116084292-116090380	0.02	0.02	0.01	0.01	0.07	0.04	0.04	0.01	0.02	0.02	0.05	0.04
ENSMUST00000111773.9|ENSMUSG00000039607|Rbms3	994.3	116577765	chr9:116572745-116578698	0.09	0.11	0.11	0.09	0.07	0.09	0.15	0.13	0.10	0.11	0.18	0.16
ENSMUST00000044220.10|ENSMUSG00000039163|Cmc1	84.4	118065079	chr9:118064521-118065230	0.94	0.99	1.00	0.96	0.51	0.88	0.80	0.87	0.90	0.72	0.72	1.00
ENSMUST00000044165.13|ENSMUSG00000039115|Itga9	25.5	118898848	chr9:118897329-118901003	1.00	NA	0.59	0.38	0.34	NA	NA	0.66	0.66	NA	NA	NA
ENSMUST00000073109.11|ENSMUSG00000047409|Ctdspl	77.0	119040797	chr9:119040646-119043998	0.34	0.39	0.24	0.23	0.38	0.22	0.35	0.41	0.20	0.53	0.10	0.32
ENSMUST00000213464.1|ENSMUSG00000010660|Plcd1	2367.2	119073762	chr9:119071526-119073917	0.33	0.29	0.27	0.27	0.34	0.34	0.34	0.28	0.24	0.30	0.30	0.51
ENSMUST00000035092.6|ENSMUSG00000032508|Myd88	53056.0	119337207	chr9:119335933-119337358	1.00	1.00	1.00	1.00	1.00	1.00	1.00	1.00	1.00	1.00	NA	1.00
ENSMUST00000176546.1|ENSMUSG00000036138|Acaa1a	99264.3	119349100	chr9:119348616-119349526	0.00	0.00	0.00	0.00	0.00	0.00	0.00	0.00	0.00	0.00	0.00	0.00
ENSMUST00000216838.1|ENSMUSG00000035769|Xylb	12.4	119364657	chr9:119364506-119393797	NA	NA	NA	0.08	NA	NA	NA	NA	NA	0.07	0.06	0.07
ENSMUST00000215307.1|ENSMUSG00000032512|Wdr48	131.4	119925625	chr9:119924801-119926587	0.63	0.73	1.00	0.94	0.82	0.63	0.94	0.76	0.83	0.71	1.00	0.93
ENSMUST00000177637.1|ENSMUSG00000052336|Cx3cr1	333.6	120049523	chr9:119901615-120051272	0.06	0.04	0.01	0.01	0.03	0.01	0.06	0.05	0.01	0.01	0.01	0.00
ENSMUST00000035099.8|ENSMUSG00000032513|Gorasp1	399.8	119926850	chr9:119925256-119927776	0.46	0.38	0.42	0.47	0.47	0.29	0.42	0.41	0.40	0.33	0.49	0.51
ENSMUST00000035101.8|ENSMUSG00000032515|Csrnp1	601.2	119972091	chr9:119971162-119972242	1.00	1.00	0.96	0.78	1.00	1.00	1.00	0.99	1.00	1.00	0.92	0.45
ENSMUST00000217356.1|ENSMUSG00000032518|Rpsa	1233030.7	120130363	chr9:120130191-120131559	0.24	0.24	0.22	0.24	0.36	0.25	0.30	0.24	0.23	0.22	0.31	0.28
ENSMUST00000174193.7|ENSMUSG00000032517|Mobp	223738.0	120173375	chr9:120173187-120181484	0.06	0.07	0.06	0.06	0.08	0.07	0.06	0.07	0.06	0.06	0.06	0.06
ENSMUST00000048121.12|ENSMUSG00000041794|Myrip	108.4	120473259	chr9:120472801-120474841	NA	0.74	1.00	0.61	1.00	0.94	1.00	0.91	0.79	NA	0.88	0.64
ENSMUST00000007139.5|ENSMUSG00000006941|Eif1b	17383.5	120495121	chr9:120494954-120495330	0.32	0.35	0.30	0.32	0.65	0.41	0.29	0.29	0.33	0.34	0.41	0.44
ENSMUST00000047687.8|ENSMUSG00000041608|Entpd3	54.8	120567583	chr9:120566539-120568327	0.21	0.12	0.13	0.12	NA	NA	0.16	0.10	NA	NA	NA	NA
ENSMUST00000216990.1|ENSMUSG00000025794|Rpl14	1431643.2	120573817	chr9:120573659-120574435	0.83	0.81	0.78	0.82	0.83	0.87	0.81	0.74	0.84	0.82	0.87	0.89
ENSMUST00000163844.7|ENSMUSG00000006932|Ctnnb1	276372.9	120951787	chr9:120951046-120959517	0.28	0.27	0.26	0.29	0.29	0.27	0.38	0.28	0.28	0.27	0.29	0.26
ENSMUST00000209211.1|ENSMUSG00000032536|Trak1	1.9	121392051	chr9:121391887-121431525	0.01	0.00	0.00	0.00	0.01	0.00	0.01	0.00	0.00	0.00	0.00	0.00
ENSMUST00000182179.7|ENSMUSG00000032525|Nktr	257.5	121731629	chr9:121731478-121748193	0.11	0.11	0.11	0.12	0.18	0.08	0.12	0.11	0.10	0.10	0.09	0.13
ENSMUST00000093772.3|ENSMUSG00000013419|Zfp651	645.1	121768992	chr9:121767766-121771742	0.08	0.08	0.05	0.05	0.17	0.12	0.09	0.10	0.04	0.07	0.13	0.11
ENSMUST00000155511.7|ENSMUSG00000079235|Ccdc13	219.9	121798964	chr9:121797632-121799115	NA	0.40	0.52	0.42	0.41	0.60	0.43	0.45	NA	0.41	0.32	0.40
ENSMUST00000217610.1|ENSMUSG00000066235|Pomgnt2	62.6	121981822	chr9:121981605-121981973	0.30	0.18	0.31	0.55	0.80	0.47	0.22	0.29	0.30	0.39	0.63	0.47
ENSMUST00000118886.8|ENSMUSG00000038145|Snrk	1138.6	122167857	chr9:122167400-122169702	0.19	0.16	0.19	0.19	0.21	0.20	0.15	0.15	0.20	0.19	0.21	0.16
ENSMUST00000035128.10|ENSMUSG00000032540|Abhd5	1461.6	122368261	chr9:122365146-122379825	0.20	0.19	0.20	0.24	0.16	0.17	0.26	0.22	0.18	0.22	0.14	0.22
ENSMUST00000136274.2|ENSMUSG00000046603|Tcaim	29.9	122819026	chr9:122818875-122836327	0.05	0.05	0.03	NA	0.06	0.05	0.03	0.03	0.02	0.03	0.06	0.08
ENSMUST00000216063.1|ENSMUSG00000047036|Zfp445	44.6	122851226	chr9:122848909-122851916	0.77	0.60	0.76	0.85	1.00	0.95	1.00	0.64	0.63	0.95	0.52	0.78
ENSMUST00000035154.3|ENSMUSG00000032551|1110059G10Rik	74.7	122947687	chr9:122945088-122947896	0.02	0.02	0.02	0.01	0.02	0.01	0.03	0.01	0.01	0.01	0.03	0.08
ENSMUST00000084733.6|ENSMUSG00000066233|Tmem42	309.4	123023178	chr9:123022970-123023487	0.34	0.34	0.17	0.25	0.51	0.44	0.24	0.29	0.28	0.18	0.46	0.46
ENSMUST00000140497.7|ENSMUSG00000025786|Zdhhc3	5752.8	123088979	chr9:123066159-123089130	0.11	0.10	0.11	0.08	0.13	0.08	0.09	0.10	0.09	0.09	0.12	0.14
ENSMUST00000026890.5|ENSMUSG00000025784|Clec3b	60.2	123157295	chr9:123157144-123157432	NA	NA	0.29	0.25	NA	NA	NA	0.47	0.42	0.33	NA	NA
ENSMUST00000068140.5|ENSMUSG00000054871|Tmem158	1186.8	123259328	chr9:123259052-123259687	0.37	0.41	0.38	0.25	1.00	0.71	0.27	0.35	0.38	0.36	0.76	0.66
ENSMUST00000026269.3|ENSMUSG00000025239|Limd1	479.5	123520454	chr9:123519240-123521552	0.24	0.19	0.16	0.17	0.36	0.28	0.42	0.20	0.17	0.18	0.31	0.32
ENSMUST00000217045.1|ENSMUSG00000025240|Sacm1l	69.8	123549013	chr9:123548862-123552754	0.00	0.00	0.00	0.00	0.00	0.00	0.02	0.00	0.00	0.00	0.00	0.00
ENSMUST00000171647.8|ENSMUSG00000036814|Slc6a20a	5542.0	123636343	chr9:123634769-123636998	0.06	0.03	0.04	0.03	0.09	0.06	0.04	0.04	0.03	0.03	0.08	0.08
ENSMUST00000166236.8|ENSMUSG00000029530|Ccr9	15.7	123781276	chr9:123780361-123784330	NA	NA	0.04	NA	0.04	NA	0.19	0.09	NA	NA	NA	NA
ENSMUST00000084715.13|ENSMUSG00000025241|Fyco1	78.4	123792525	chr9:123789499-123792676	NA	0.77	0.99	1.00	0.91	NA	NA	1.00	NA	NA	1.00	1.00
ENSMUST00000026911.5|ENSMUSG00000025804|Ccr1	95.7	123963011	chr9:123962123-123963426	0.23	0.13	0.26	0.24	0.22	0.30	NA	NA	0.26	0.14	NA	NA
ENSMUST00000177714.7|ENSMUSG00000074829|2010315B03Rik	38.4	124292114	chr9:124291803-124292993	NA	0.87	0.53	0.69	0.79	0.76	0.74	0.59	0.74	0.60	0.47	0.72
ENSMUST00000217354.1|ENSMUSG00000093803|Ppp2r3d	11.9	124476649	chr9:124474341-124476800	0.48	0.38	0.21	0.20	0.11	0.07	NA	NA	0.21	0.12	0.12	0.23
