Gene	fit_value	Predicted_Proximal_APA	Loci	/home/taylor/stroke_APA_work/bedgraph/day1_rep1_PDUI	/home/taylor/stroke_APA_work/bedgraph/day1_rep2_PDUI	/home/taylor/stroke_APA_work/bedgraph/day21_rep1_PDUI	/home/taylor/stroke_APA_work/bedgraph/day21_rep2_PDUI	/home/taylor/stroke_APA_work/bedgraph/day3_rep1_PDUI	/home/taylor/stroke_APA_work/bedgraph/day3_rep2_PDUI	/home/taylor/stroke_APA_work/bedgraph/day60_rep1_PDUI	/home/taylor/stroke_APA_work/bedgraph/day60_rep2_PDUI	/home/taylor/stroke_APA_work/bedgraph/day7_rep1_PDUI	/home/taylor/stroke_APA_work/bedgraph/day7_rep2_PDUI	/home/taylor/stroke_APA_work/bedgraph/sham1_PDUI	/home/taylor/stroke_APA_work/bedgraph/sham2_PDUI
ENSMUST00000043374.6|ENSMUSG00000040653|Ppp1r14c	52.9	3464394	chr10:3463460-3464975	NA	0.52	NA	NA	NA	0.59	NA	NA	NA	NA	0.92	0.99
ENSMUST00000045730.6|ENSMUSG00000038587|Akap12	36036.3	4358079	chr10:4357928-4359470	1.00	1.00	1.00	1.00	1.00	1.00	1.00	1.00	1.00	1.00	NA	NA
ENSMUST00000100077.4|ENSMUSG00000075327|Zbtb2	66.3	4368331	chr10:4367074-4368482	1.00	1.00	0.96	0.89	0.87	0.96	1.00	0.77	1.00	0.94	0.87	1.00
ENSMUST00000042251.10|ENSMUSG00000019763|Rmnd1	30.6	4403299	chr10:4401914-4403471	0.08	0.11	0.09	0.06	0.03	0.08	0.09	0.09	0.07	0.07	0.08	0.16
ENSMUST00000041639.6|ENSMUSG00000096054|Syne1	42.0	5338521	chr10:5336940-5339205	NA	0.58	NA	NA	NA	NA	NA	0.59	NA	NA	0.78	0.83
ENSMUST00000051809.9|ENSMUSG00000046916|Myct1	58.8	5604872	chr10:5604698-5606904	0.42	0.48	0.39	0.28	0.24	0.22	0.65	0.53	NA	NA	0.29	0.46
ENSMUST00000019908.8|ENSMUSG00000019774|Mtrf1l	11.3	5813057	chr10:5811886-5813208	NA	NA	0.51	NA	0.15	0.58	NA	0.66	NA	NA	0.08	NA
ENSMUST00000131996.7|ENSMUSG00000019775|Rgs17	34.5	5832412	chr10:5825662-5832955	NA	0.04	NA	NA	NA	0.03	NA	NA	NA	NA	0.04	0.06
ENSMUST00000150282.1|ENSMUSG00000015202|Cnksr3	46.6	7119935	chr10:7119062-7120290	0.45	0.46	0.50	0.51	0.66	NA	0.69	0.69	0.50	0.69	NA	1.00
ENSMUST00000130590.7|ENSMUSG00000019796|Lrp11	126.4	7623801	chr10:7623650-7625483	0.88	1.00	0.86	0.90	1.00	1.00	1.00	0.95	1.00	0.93	1.00	1.00
ENSMUST00000161123.7|ENSMUSG00000019795|Pcmt1	9241.3	7637791	chr10:7629372-7648622	0.06	0.00	NA	NA	NA	NA	0.00	0.02	NA	NA	0.00	0.00
ENSMUST00000173400.7|ENSMUSG00000019794|Katna1	708.9	7748996	chr10:7748845-7752749	0.11	0.10	0.10	0.13	0.13	0.09	0.11	0.11	0.11	0.09	0.09	0.10
ENSMUST00000039763.13|ENSMUSG00000040006|Ginm1	10954.6	7768208	chr10:7767946-7768479	0.43	0.36	0.34	0.39	0.71	0.45	0.31	0.39	0.41	0.38	0.43	0.43
ENSMUST00000146444.7|ENSMUSG00000015755|Tab2	394.9	7906403	chr10:7905652-7907437	1.00	0.82	0.56	0.59	1.00	1.00	0.57	0.60	0.57	0.45	0.86	1.00
ENSMUST00000061601.8|ENSMUSG00000047712|Ust	83.2	8206203	chr10:8204808-8207389	0.92	1.00	0.93	0.84	1.00	0.86	1.00	0.95	0.77	1.00	0.72	0.92
ENSMUST00000100070.4|ENSMUSG00000060487|Samd5	43.7	9627735	chr10:9622935-9628989	0.10	0.17	0.17	0.14	0.15	0.10	0.11	0.20	0.19	0.14	0.13	0.26
ENSMUST00000038213.13|ENSMUSG00000019790|Stxbp5	32.6	9760039	chr10:9755546-9760915	0.25	0.25	0.29	0.38	0.26	NA	0.79	0.39	0.24	0.21	0.49	0.52
ENSMUST00000129456.7|ENSMUSG00000047648|Fbxo30	48.4	11295986	chr10:11295417-11298052	0.28	0.40	0.44	0.45	0.37	0.29	0.35	0.32	0.40	0.26	0.63	0.72
ENSMUST00000042861.6|ENSMUSG00000039232|Stx11	205.8	12940220	chr10:12938208-12941117	0.21	0.17	0.23	0.19	0.16	0.12	0.14	0.26	0.29	0.23	NA	NA
ENSMUST00000105139.4|ENSMUSG00000078348|Sf3b5	9021.2	13009031	chr10:13008880-13009183	0.26	0.31	0.27	0.27	0.46	0.28	0.23	0.23	0.30	0.27	0.43	0.35
ENSMUST00000121646.7|ENSMUSG00000019817|Plagl1	64.7	13129252	chr10:13129101-13131694	NA	NA	NA	NA	NA	NA	NA	NA	1.00	1.00	0.89	0.98
ENSMUST00000019950.5|ENSMUSG00000019814|Ltv1	179.0	13178737	chr10:13178139-13178888	0.10	0.14	0.18	0.19	0.18	0.13	0.12	0.05	0.14	0.17	0.08	0.11
ENSMUST00000105545.11|ENSMUSG00000062866|Phactr2	215.2	13213671	chr10:13207716-13214260	0.19	0.16	0.36	0.32	0.18	0.28	0.22	0.26	0.32	0.26	0.19	0.32
ENSMUST00000121465.2|ENSMUSG00000019810|Fuca2	923.7	13515422	chr10:13514844-13519035	0.02	0.06	0.02	0.04	0.04	0.02	0.03	0.02	0.02	0.02	0.04	0.11
ENSMUST00000019945.14|ENSMUSG00000019809|Pex3	112.5	13524413	chr10:13524115-13524887	0.78	0.36	0.43	0.53	1.00	0.47	0.75	0.53	0.72	0.53	0.70	0.71
ENSMUST00000162610.7|ENSMUSG00000019806|Aig1	3085.9	13647380	chr10:13647053-13647671	0.49	0.48	0.38	0.40	0.72	0.49	0.41	0.38	0.37	0.49	0.74	0.75
ENSMUST00000191138.6|ENSMUSG00000015501|Hivep2	508.3	14149884	chr10:14149733-14151374	NA	0.78	1.00	0.86	0.47	1.00	1.00	1.00	NA	NA	1.00	1.00
ENSMUST00000020018.11|ENSMUSG00000019868|Vta1	1417.3	14684855	chr10:14655354-14685006	0.03	0.04	0.05	0.03	0.02	0.02	0.04	0.04	0.04	0.04	0.02	0.02
ENSMUST00000038107.8|ENSMUSG00000039910|Cited2	806.1	17725373	chr10:17724752-17725674	0.69	0.71	0.48	0.61	0.63	0.65	0.68	0.62	0.72	0.61	0.42	0.52
ENSMUST00000037879.7|ENSMUSG00000039879|Heca	56.9	17900826	chr10:17899034-17902215	0.72	0.72	0.66	0.61	0.83	0.73	0.62	0.60	0.85	0.72	1.00	0.93
ENSMUST00000020002.8|ENSMUSG00000078453|Abracl	2572.8	18011448	chr10:18011259-18011634	0.37	0.45	0.27	0.40	0.55	0.36	0.31	0.34	0.37	0.38	0.38	0.42
ENSMUST00000155284.7|ENSMUSG00000019854|Reps1	201.5	18096364	chr10:18096213-18125144	0.03	0.02	0.03	0.03	0.05	0.03	0.04	0.03	0.03	0.03	0.03	0.03
ENSMUST00000037341.13|ENSMUSG00000039835|Nhsl1	107.8	18532121	chr10:18531970-18533892	NA	0.90	1.00	0.78	1.00	NA	NA	NA	0.65	0.83	1.00	1.00
ENSMUST00000020000.6|ENSMUSG00000019853|Hebp2	212.3	18540928	chr10:18539497-18541136	0.12	0.13	0.19	0.12	0.18	0.15	0.14	0.14	0.17	0.10	0.14	0.10
ENSMUST00000215836.1|ENSMUSG00000019852|Arfgef3	49.3	18588136	chr10:18581838-18589583	NA	NA	0.28	NA	NA	NA	0.95	0.15	NA	NA	0.56	0.34
ENSMUST00000019998.8|ENSMUSG00000019851|Perp	445.8	18856750	chr10:18855873-18857073	0.82	0.76	0.69	0.77	1.00	0.61	0.79	0.74	0.79	0.77	0.69	0.57
ENSMUST00000019997.10|ENSMUSG00000019850|Tnfaip3	487.8	19002132	chr10:19000909-19002733	0.84	0.72	0.79	0.85	1.00	1.00	1.00	0.97	0.71	0.79	NA	NA
ENSMUST00000164591.2|ENSMUSG00000020009|Ifngr1	29267.7	19601483	chr10:19601331-19610229	0.08	0.10	0.09	0.08	0.08	0.08	0.09	0.09	0.08	0.09	0.09	0.08
ENSMUST00000020182.15|ENSMUSG00000020003|Pex7	96.5	19860663	chr10:19853899-19860928	0.02	0.02	0.03	0.03	0.02	0.02	0.02	0.01	0.03	0.03	0.03	0.03
ENSMUST00000095806.9|ENSMUSG00000071369|Map3k5	39.8	20142138	chr10:20141577-20142753	NA	NA	NA	0.09	0.16	NA	NA	0.05	0.00	0.13	0.18	0.10
ENSMUST00000116259.4|ENSMUSG00000019996|Map7	38.5	20281119	chr10:20280003-20281590	0.50	0.93	NA	NA	NA	0.61	0.93	NA	NA	NA	0.49	0.81
ENSMUST00000186100.6|ENSMUSG00000037608|Bclaf1	247.6	20334645	chr10:20332432-20340266	0.00	NA	NA	0.05	0.00	NA	NA	0.00	NA	NA	NA	NA
ENSMUST00000061324.5|ENSMUSG00000019977|Hbs1l	19.9	21310631	chr10:21309744-21311206	1.00	0.76	0.65	0.66	1.00	NA	0.76	0.94	0.71	0.81	0.38	NA
ENSMUST00000020145.11|ENSMUSG00000019970|Sgk1	31977.8	21999277	chr10:21998824-21999903	0.75	0.70	0.60	0.53	1.00	0.97	0.73	0.67	0.62	0.61	0.79	0.76
ENSMUST00000179054.7|ENSMUSG00000097327|E030030I06Rik	18.1	22113566	chr10:22113049-22114134	0.24	NA	NA	NA	0.00	NA	0.19	0.11	0.45	0.21	NA	NA
ENSMUST00000042261.4|ENSMUSG00000037490|Slc2a12	146.5	22703476	chr10:22702172-22704285	NA	NA	0.37	0.35	NA	0.40	0.94	0.46	0.34	0.49	NA	NA
ENSMUST00000127698.7|ENSMUSG00000071359|Tbpl1	210.1	22705526	chr10:22703878-22705818	0.42	0.37	0.41	0.57	0.13	0.44	0.39	0.47	0.44	0.41	0.55	0.58
ENSMUST00000218142.1|ENSMUSG00000061983|Rps12	186241.3	23785575	chr10:23785182-23786660	0.15	0.00	NA	NA	0.16	NA	NA	NA	NA	NA	0.00	NA
ENSMUST00000127841.1|ENSMUSG00000037455|Slc18b1	70.1	23816503	chr10:23816352-23819081	0.00	0.00	0.00	0.00	0.00	0.00	0.00	0.00	0.00	0.00	0.00	0.00
ENSMUST00000041416.7|ENSMUSG00000037440|Vnn1	46.7	23905023	chr10:23904651-23905343	0.48	0.46	0.48	0.51	NA	NA	0.64	0.26	NA	NA	NA	NA
ENSMUST00000220041.1|ENSMUSG00000019998|Stx7	5329.8	24188741	chr10:24187717-24190222	0.04	0.06	0.04	0.03	0.12	0.05	0.04	0.03	0.04	0.05	0.08	0.07
ENSMUST00000095784.2|ENSMUSG00000020000|Moxd1	5628.3	24302397	chr10:24301626-24302790	NA	0.36	0.55	0.53	0.67	0.63	0.54	0.53	0.53	0.57	NA	NA
ENSMUST00000039882.12|ENSMUSG00000037370|Enpp1	40123.9	24661801	chr10:24641434-24661952	0.10	0.11	0.12	0.11	0.12	0.12	0.15	0.12	0.11	0.12	NA	NA
ENSMUST00000020161.9|ENSMUSG00000019987|Arg1	1855.1	24915382	chr10:24915220-24915612	0.27	0.23	NA	NA	0.69	0.36	NA	NA	NA	NA	NA	NA
ENSMUST00000100012.2|ENSMUSG00000039166|Akap7	147.1	25169987	chr10:25169089-25171054	0.93	0.71	0.68	0.78	1.00	0.94	0.63	0.61	0.54	0.67	0.71	0.54
ENSMUST00000218232.1|ENSMUSG00000049420|Tmem200a	16.1	25992745	chr10:25991185-25992896	0.64	NA	NA	NA	NA	NA	NA	NA	0.54	0.78	NA	0.58
ENSMUST00000105519.9|ENSMUSG00000039089|L3mbtl3	58.7	26275767	chr10:26274467-26276122	0.36	NA	0.89	0.81	1.00	0.42	1.00	0.44	0.58	0.53	NA	1.00
ENSMUST00000039557.8|ENSMUSG00000039031|Arhgap18	90.6	26918172	chr10:26917093-26918648	1.00	0.81	0.64	0.58	0.59	1.00	1.00	0.60	0.69	0.97	0.94	0.73
ENSMUST00000092639.11|ENSMUSG00000019899|Lama2	234.3	26981346	chr10:26981284-26981497	NA	NA	0.22	0.02	0.00	NA	0.15	0.12	0.21	0.15	NA	NA
ENSMUST00000166468.1|ENSMUSG00000019889|Ptprk	85.6	28596003	chr10:28595852-28597397	0.34	0.27	0.31	0.56	0.29	0.34	0.70	0.51	0.38	0.32	0.19	0.58
ENSMUST00000092629.3|ENSMUSG00000038916|Soga3	67.0	29199280	chr10:29199052-29199630	NA	0.25	NA	NA	0.36	0.36	0.32	NA	NA	NA	0.23	0.23
ENSMUST00000217011.1|ENSMUSG00000110723|Gm49353	8.7	29199280	chr10:29199052-29221940	NA	0.04	NA	NA	0.05	0.07	0.04	NA	NA	NA	0.06	0.10
ENSMUST00000020034.5|ENSMUSG00000019883|Echdc1	2637.0	29345668	chr10:29344746-29347469	0.67	0.50	1.00	0.96	0.98	0.48	1.00	0.93	0.93	1.00	0.70	0.62
ENSMUST00000160144.8|ENSMUSG00000038876|Rnf146	1843.1	29346508	chr10:29344175-29346811	0.60	0.83	0.33	0.41	0.70	0.80	0.28	0.39	0.41	0.34	0.68	0.86
ENSMUST00000092623.4|ENSMUSG00000019880|Rspo3	18.9	29453306	chr10:29452417-29454132	0.16	0.05	0.12	0.04	0.26	0.07	0.17	0.09	0.10	0.06	NA	0.27
ENSMUST00000215595.1|ENSMUSG00000019792|Trmt11	76.0	30590024	chr10:30534714-30590901	0.11	0.09	0.10	0.11	0.06	0.11	0.17	0.13	0.12	0.08	NA	NA
ENSMUST00000019924.8|ENSMUSG00000019789|Hey2	18.5	30832823	chr10:30832358-30833738	0.94	1.00	0.48	NA	NA	NA	NA	NA	NA	NA	0.60	NA
ENSMUST00000159194.2|ENSMUSG00000000295|Hddc2	324.2	31326177	chr10:31326026-31328184	0.00	0.00	0.00	0.00	0.00	0.00	0.00	0.00	0.00	0.00	0.00	0.00
ENSMUST00000214644.1|ENSMUSG00000000296|Tpd52l1	563.8	31332738	chr10:31332376-31332962	0.55	0.46	0.34	0.43	1.00	0.61	0.47	0.36	0.43	0.40	0.65	0.52
ENSMUST00000081989.7|ENSMUSG00000063760|Rnf217	16.8	31502083	chr10:31493192-31502660	0.04	0.04	0.05	0.05	0.05	0.03	0.18	0.03	0.05	0.04	0.03	0.06
ENSMUST00000069125.7|ENSMUSG00000049872|Calhm5	5964.7	34091683	chr10:34087814-34092128	0.01	0.02	0.03	0.03	0.05	0.03	0.02	0.02	0.04	0.03	0.03	NA
ENSMUST00000048010.8|ENSMUSG00000039497|Dse	1625.9	34151934	chr10:34151392-34152218	0.42	0.51	0.53	0.63	1.00	0.80	0.59	0.59	0.69	0.62	NA	NA
ENSMUST00000061372.6|ENSMUSG00000047514|Tspyl1	2995.0	34284678	chr10:34283417-34285275	0.25	0.22	0.14	0.19	0.65	0.30	0.24	0.15	0.17	0.20	0.38	0.29
ENSMUST00000105512.7|ENSMUSG00000039480|Nt5dc1	57.0	34304236	chr10:34303608-34304851	0.83	0.84	0.68	0.56	0.62	0.61	0.90	0.81	0.91	0.66	NA	0.53
ENSMUST00000047935.7|ENSMUSG00000039485|Tspyl4	371.1	34298927	chr10:34298731-34301320	0.93	0.90	0.95	1.00	1.00	0.95	1.00	0.92	0.87	0.83	0.94	0.89
ENSMUST00000105511.1|ENSMUSG00000039462|Col10a1	8982.5	34396713	chr10:34396073-34397085	NA	0.35	NA	NA	NA	1.00	NA	NA	0.74	0.65	NA	NA
ENSMUST00000019913.14|ENSMUSG00000019779|Frk	32.6	34609659	chr10:34608568-34611278	NA	NA	0.14	0.30	NA	0.08	0.71	0.31	0.26	0.16	NA	NA
ENSMUST00000080898.3|ENSMUSG00000063953|Amd2	700.3	35709670	chr10:35708674-35710557	0.28	0.26	0.27	0.21	0.38	0.18	0.37	0.19	NA	0.20	0.32	0.28
ENSMUST00000092584.5|ENSMUSG00000069662|Marcks	90908.3	37135045	chr10:37133374-37136110	0.26	0.26	0.24	0.26	0.30	0.26	0.28	0.30	0.29	0.32	0.27	0.28
ENSMUST00000063091.12|ENSMUSG00000019843|Fyn	1864.6	39564241	chr10:39563969-39565381	0.26	0.28	0.25	0.28	0.26	0.28	0.20	0.34	0.20	0.26	0.22	0.27
ENSMUST00000019987.6|ENSMUSG00000019842|Traf3ip2	26.7	39654688	chr10:39654526-39655307	0.03	0.01	0.06	0.03	0.16	0.07	0.05	0.11	NA	0.00	0.00	0.00
ENSMUST00000045114.12|ENSMUSG00000038510|Rpf2	83.0	40223592	chr10:40223245-40223743	0.12	0.24	0.27	0.17	0.05	0.25	NA	0.18	0.03	0.27	0.25	0.14
ENSMUST00000217537.1|ENSMUSG00000019837|Gtf3c6	116.9	40248790	chr10:40247702-40249535	0.86	0.74	0.71	0.83	0.83	0.92	0.77	0.95	0.63	0.81	0.97	0.85
ENSMUST00000099945.5|ENSMUSG00000075232|Amd1	335.9	40288864	chr10:40287457-40289331	0.83	0.91	0.93	0.94	0.73	0.66	0.83	0.87	1.00	0.97	0.85	0.87
ENSMUST00000215000.1|ENSMUSG00000038481|Cdk19	17.4	40434458	chr10:40434307-40483818	NA	0.02	0.04	0.05	0.08	NA	0.04	0.04	0.03	0.03	0.02	0.03
ENSMUST00000213856.1|ENSMUSG00000063428|Ddo	28.4	40649838	chr10:40637418-40681847	0.00	0.00	0.02	0.01	NA	0.01	0.12	0.01	NA	0.00	0.01	0.00
ENSMUST00000044166.8|ENSMUSG00000038446|Cdc40	143.1	40832015	chr10:40831620-40833181	0.78	0.71	0.66	0.84	1.00	0.87	1.00	0.85	1.00	0.85	0.60	0.78
ENSMUST00000105509.1|ENSMUSG00000019831|Wasf1	179.3	40938175	chr10:40937800-40938570	0.59	0.59	0.55	0.64	1.00	0.69	1.00	0.51	0.76	0.74	0.72	0.81
ENSMUST00000043814.4|ENSMUSG00000038417|Fig4	139.8	41188373	chr10:41188171-41188524	0.29	0.37	0.33	0.26	0.52	0.50	0.14	0.31	0.37	0.28	0.40	0.49
ENSMUST00000126436.1|ENSMUSG00000019823|Mical1	1509.1	41486667	chr10:41486440-41487032	0.76	0.63	0.57	0.50	1.00	0.92	1.00	0.71	0.59	0.58	0.59	0.73
ENSMUST00000155411.7|ENSMUSG00000019822|Smpd2	10071.3	41487992	chr10:41487638-41488950	0.05	0.00	0.03	0.08	0.02	0.03	0.00	0.02	0.04	0.00	0.00	0.01
ENSMUST00000186388.1|ENSMUSG00000019818|Cd164	8403.6	41523353	chr10:41523202-41526876	0.07	0.06	0.06	0.06	0.05	0.06	0.06	0.06	0.06	0.06	0.05	0.06
ENSMUST00000105505.9|ENSMUSG00000019813|Cep57l1	32.4	41719383	chr10:41718839-41719697	0.80	NA	NA	NA	1.00	0.48	1.00	0.73	0.51	0.48	NA	NA
ENSMUST00000099931.10|ENSMUSG00000038332|Sesn1	1066.9	41908015	chr10:41907355-41908424	0.70	0.68	0.69	0.53	1.00	0.86	0.76	0.65	0.79	0.57	0.66	0.88
ENSMUST00000161927.7|ENSMUSG00000071324|Armc2	0.6	41999977	chr10:41916806-42000419	NA	0.00	0.01	NA	NA	0.00	0.02	NA	NA	NA	NA	NA
ENSMUST00000105499.1|ENSMUSG00000019804|Snx3	96317.1	42535084	chr10:42534755-42535381	0.39	0.39	0.33	0.38	0.59	0.42	0.33	0.35	0.39	0.35	0.50	0.48
ENSMUST00000019938.10|ENSMUSG00000019803|Nr2e1	46.3	42562755	chr10:42561962-42563366	NA	0.65	0.82	0.63	1.00	0.62	NA	0.55	NA	NA	0.55	0.82
ENSMUST00000040718.5|ENSMUSG00000038280|Ostm1	579.9	42700686	chr10:42700535-42702459	0.64	0.83	0.75	0.94	0.94	0.82	1.00	1.00	0.83	0.74	0.80	0.95
ENSMUST00000019937.4|ENSMUSG00000019802|Sec63	204.2	42830140	chr10:42829031-42832514	0.05	0.04	0.08	0.10	0.04	0.09	0.23	0.06	0.05	0.04	0.06	0.08
ENSMUST00000063063.13|ENSMUSG00000044770|Scml4	69.9	42958289	chr10:42957741-42960780	NA	NA	0.80	0.78	NA	NA	0.87	0.78	1.00	0.64	NA	NA
ENSMUST00000058714.9|ENSMUSG00000047139|Cd24a	97.5	43583328	chr10:43582762-43584265	0.87	0.65	0.71	0.89	0.92	0.83	0.98	1.00	0.71	1.00	0.77	0.77
ENSMUST00000020012.6|ENSMUSG00000019863|Qrsl1	21.2	43874334	chr10:43874187-43874485	0.16	0.19	0.19	0.29	NA	0.70	0.23	0.32	0.42	0.38	0.47	0.38
ENSMUST00000054418.11|ENSMUSG00000019864|Rtn4ip1	57.6	43946697	chr10:43946525-43947862	0.79	0.73	0.78	0.86	1.00	0.91	0.87	0.64	1.00	0.84	1.00	1.00
ENSMUST00000039286.4|ENSMUSG00000038160|Atg5	624.5	44363267	chr10:44363049-44364291	0.52	0.54	0.46	0.59	0.78	0.67	0.32	0.48	0.51	0.54	0.48	0.74
ENSMUST00000099858.3|ENSMUSG00000019849|Prep	103.7	45158808	chr10:45158523-45167198	0.02	0.02	0.02	0.02	0.02	0.02	0.02	0.03	0.03	0.02	0.02	0.03
ENSMUST00000037044.12|ENSMUSG00000038822|Hace1	63.7	45712009	chr10:45711533-45712345	0.26	0.33	0.13	0.12	0.58	0.32	0.13	0.24	0.23	0.10	0.34	0.26
ENSMUST00000219226.1|ENSMUSG00000038774|Ascc3	29.5	50618271	chr10:50617765-50618936	0.08	0.12	0.07	0.03	0.00	0.06	0.14	0.04	0.05	0.03	0.09	0.00
ENSMUST00000218123.1|ENSMUSG00000062593|Gm49339	8721.5	51496059	chr10:51494869-51496481	0.55	NA	0.68	0.80	0.64	0.35	NA	0.13	0.61	NA	NA	NA
ENSMUST00000219960.1|ENSMUSG00000112023|Lilr4b	2197.3	51481869	chr10:51481181-51486703	0.52	NA	0.53	0.52	0.49	0.23	0.35	0.32	0.33	0.27	NA	NA
ENSMUST00000218617.1|ENSMUSG00000112148|Lilrb4a	12476.4	51492163	chr10:51491475-51496609	0.18	0.09	0.21	0.26	0.22	0.11	0.11	0.18	0.13	0.12	NA	NA
ENSMUST00000218582.1|ENSMUSG00000019891|Dcbld1	30.5	52320195	chr10:52319993-52321378	0.60	0.44	0.54	0.57	0.75	0.56	0.64	0.75	0.60	0.59	NA	NA
ENSMUST00000105475.8|ENSMUSG00000019861|Gopc	113.1	52338453	chr10:52337023-52339725	0.41	0.36	0.52	0.38	0.33	0.45	0.82	0.41	0.61	0.57	0.37	0.66
ENSMUST00000023830.15|ENSMUSG00000023068|Nus1	708.0	52437881	chr10:52436664-52440183	0.38	0.31	0.43	0.44	0.48	0.43	0.76	0.49	0.46	0.42	0.47	0.52
ENSMUST00000046221.7|ENSMUSG00000038583|Pln	68.1	53344280	chr10:53344019-53345987	NA	NA	NA	1.00	0.55	NA	NA	0.18	NA	NA	0.51	0.65
ENSMUST00000020004.7|ENSMUSG00000019857|Asf1a	158.9	53608025	chr10:53607874-53609225	0.08	0.36	0.42	0.36	0.11	0.18	0.27	0.41	0.44	0.28	0.67	0.50
ENSMUST00000218317.1|ENSMUSG00000003746|Man1a	1292.5	53933378	chr10:53907014-53933529	0.11	0.11	0.10	0.10	0.11	0.12	0.11	0.10	0.11	0.08	NA	NA
ENSMUST00000063138.7|ENSMUSG00000047669|Msl3l2	110.9	56116580	chr10:56116293-56116880	0.47	0.55	0.38	0.36	0.83	0.45	0.46	0.34	0.45	0.41	0.58	0.57
ENSMUST00000068581.8|ENSMUSG00000050953|Gja1	11885.9	56388989	chr10:56388692-56390415	0.85	0.86	0.74	0.85	1.00	1.00	0.88	0.84	0.94	0.81	1.00	0.86
ENSMUST00000020027.10|ENSMUSG00000019877|Serinc1	5903.0	57516165	chr10:57515773-57517159	0.80	0.87	0.61	0.69	1.00	0.89	0.92	0.74	0.72	0.72	0.93	0.95
ENSMUST00000075992.11|ENSMUSG00000019876|Pkib	53.8	57736935	chr10:57736354-57741112	NA	0.06	0.04	0.04	0.05	0.03	0.00	0.06	0.04	0.06	0.05	0.07
ENSMUST00000020024.11|ENSMUSG00000019874|Fabp7	148205.8	57788321	chr10:57788170-57788450	0.18	0.23	0.25	0.26	0.52	0.28	0.15	0.17	0.21	0.19	0.29	0.36
ENSMUST00000020022.7|ENSMUSG00000019872|Smpdl3a	5110.9	57811663	chr10:57811512-57811830	0.29	0.26	0.30	0.29	0.58	0.34	0.34	0.22	0.34	0.26	0.38	0.47
ENSMUST00000162984.1|ENSMUSG00000038039|Gcc2	30.3	58258407	chr10:58258256-58269463	0.00	0.02	0.01	0.00	0.00	0.00	0.00	0.04	0.00	0.00	0.00	0.00
ENSMUST00000020078.13|ENSMUSG00000019920|Lims1	1026.0	58421716	chr10:58421565-58424691	0.44	0.37	0.43	0.47	0.40	0.30	0.38	0.51	0.38	0.51	0.21	0.39
ENSMUST00000003310.6|ENSMUSG00000003226|Ranbp2	38.4	58494116	chr10:58493965-58494356	0.94	1.00	0.50	0.65	0.32	0.39	0.60	1.00	0.38	0.85	0.59	0.74
ENSMUST00000036576.9|ENSMUSG00000038010|Ccdc138	15.5	58576002	chr10:58575851-58576244	NA	NA	NA	0.24	0.82	0.04	NA	0.50	NA	NA	NA	NA
ENSMUST00000003312.4|ENSMUSG00000003227|Edar	26.8	58601440	chr10:58600788-58602864	NA	NA	0.62	0.47	NA	NA	0.77	0.66	NA	NA	NA	NA
ENSMUST00000153031.1|ENSMUSG00000037990|Sh3rf3	47.2	59136405	chr10:59135985-59138916	NA	NA	0.55	0.95	NA	NA	NA	1.00	NA	0.58	1.00	0.87
ENSMUST00000165971.2|ENSMUSG00000019917|Septin10	163.6	59164581	chr10:59164119-59164931	0.51	0.38	0.35	0.44	1.00	0.65	0.28	0.34	0.37	0.54	0.54	0.64
ENSMUST00000182161.1|ENSMUSG00000098188|Sowahc	59.4	59223730	chr10:59223579-59226434	NA	NA	0.73	1.00	0.87	1.00	NA	NA	0.68	1.00	NA	NA
ENSMUST00000009789.14|ENSMUSG00000019916|P4ha1	2312.4	59371808	chr10:59371071-59373304	0.07	0.08	0.05	0.07	0.08	0.04	0.06	0.06	0.07	0.05	0.16	0.11
ENSMUST00000165563.7|ENSMUSG00000020111|Micu1	919.7	59863822	chr10:59863333-59864132	0.61	0.50	0.66	0.62	0.90	0.56	0.53	0.50	0.55	0.48	0.64	0.71
ENSMUST00000131810.7|ENSMUSG00000020109|Dnajb12	1086.0	59893017	chr10:59892735-59898014	0.11	0.16	0.11	0.10	0.24	0.12	0.11	0.11	0.11	0.11	0.20	0.23
ENSMUST00000020308.4|ENSMUSG00000020108|Ddit4	25.5	59950297	chr10:59949668-59950538	0.34	0.27	0.28	0.52	1.00	NA	0.37	0.53	0.37	NA	0.40	NA
ENSMUST00000182898.7|ENSMUSG00000020107|Anapc16	6540.1	59988158	chr10:59987408-59988725	0.24	0.16	0.18	0.21	0.36	0.20	0.28	0.18	0.24	0.27	0.18	0.19
ENSMUST00000121820.8|ENSMUSG00000058297|Spock2	1864.6	60132163	chr10:60131478-60135198	0.37	0.51	0.58	0.63	0.91	0.38	0.70	0.55	0.62	0.54	0.62	0.56
ENSMUST00000179238.7|ENSMUSG00000004207|Psap	177807.9	60302248	chr10:60301726-60302597	0.69	0.51	0.57	0.63	1.00	0.79	0.64	0.57	0.69	0.62	0.91	0.88
ENSMUST00000020301.13|ENSMUSG00000020101|Vsir	501.1	60369633	chr10:60368936-60372684	0.17	0.18	0.18	0.19	0.17	0.08	0.15	0.23	0.20	0.19	0.16	0.28
ENSMUST00000150845.7|ENSMUSG00000020100|Slc29a3	373.0	60723763	chr10:60715228-60723928	0.03	0.02	0.03	0.03	0.02	0.02	0.02	0.02	0.02	0.03	0.02	0.03
ENSMUST00000020298.7|ENSMUSG00000020098|Pcbd1	59.4	61094091	chr10:61093902-61094324	0.66	0.31	0.32	0.44	0.56	0.90	0.17	0.37	0.43	0.47	0.50	0.55
ENSMUST00000092486.10|ENSMUSG00000059901|Adamts14	35.4	61198329	chr10:61197111-61198480	1.00	0.77	0.68	0.90	NA	NA	NA	NA	1.00	0.79	NA	NA
ENSMUST00000020289.9|ENSMUSG00000020092|Pald1	324.8	61320286	chr10:61319655-61321092	1.00	1.00	1.00	0.78	1.00	0.97	1.00	1.00	0.78	0.84	1.00	0.77
ENSMUST00000020288.14|ENSMUSG00000020091|Eif4ebp2	118.9	61432758	chr10:61428490-61433799	0.27	0.13	0.13	0.14	NA	0.16	0.85	0.19	0.11	0.18	0.29	0.38
ENSMUST00000049242.8|ENSMUSG00000037151|Lrrc20	83.6	61582051	chr10:61580281-61582791	NA	NA	0.30	0.32	1.00	0.67	0.25	0.61	0.23	0.61	0.58	0.27
ENSMUST00000020286.6|ENSMUSG00000020089|Ppa1	3588.1	61673998	chr10:61673847-61674168	0.34	0.28	0.24	0.25	0.46	0.31	0.27	0.21	0.34	0.26	0.43	0.38
ENSMUST00000020285.9|ENSMUSG00000020088|Sar1a	6403.6	61691590	chr10:61691398-61693297	0.92	0.92	0.99	0.96	1.00	1.00	1.00	1.00	0.99	0.99	1.00	1.00
ENSMUST00000020284.4|ENSMUSG00000020087|Tysnd1	809.8	61702510	chr10:61702248-61702773	0.59	0.36	0.34	0.38	0.62	0.60	0.39	0.35	0.44	0.43	0.54	0.38
ENSMUST00000067857.10|ENSMUSG00000020085|Aifm2	101.0	61738516	chr10:61736731-61739260	0.28	0.19	0.16	0.26	0.57	0.31	0.16	0.15	0.25	0.21	0.21	0.21
ENSMUST00000020283.4|ENSMUSG00000020086|Macroh2a2	1235.7	61739023	chr10:61738664-61739299	0.56	0.58	0.47	0.47	1.00	0.81	0.37	0.46	0.51	0.35	0.54	0.69
ENSMUST00000125704.7|ENSMUSG00000020083|Fam241b	340.7	62108399	chr10:62107654-62108856	0.04	0.07	0.04	0.05	NA	0.10	0.07	0.02	NA	0.02	0.09	0.07
ENSMUST00000047883.10|ENSMUSG00000037031|Tspan15	203.9	62187570	chr10:62185395-62188015	0.09	0.07	0.15	0.10	0.12	0.11	0.04	0.07	0.12	0.16	0.05	0.12
ENSMUST00000099691.10|ENSMUSG00000037012|Hk1	6536.2	62269318	chr10:62268854-62269911	0.17	0.17	0.19	0.15	0.40	0.16	0.17	0.13	0.18	0.17	0.29	0.27
ENSMUST00000162023.1|ENSMUSG00000020079|Supv3l1	279.8	62441084	chr10:62429254-62441235	0.15	0.15	0.15	0.17	0.22	0.14	0.15	0.13	0.12	0.14	0.14	0.23
ENSMUST00000219574.1|ENSMUSG00000020078|Vps26a	4375.0	62469870	chr10:62455271-62470021	0.05	0.05	0.05	0.05	0.05	0.05	0.06	0.06	0.05	0.05	0.06	0.04
ENSMUST00000160987.7|ENSMUSG00000020077|Srgn	20387.5	62494569	chr10:62493832-62494868	0.07	0.05	0.04	0.05	0.10	0.06	0.07	0.05	0.05	0.05	0.08	0.10
ENSMUST00000045866.8|ENSMUSG00000020075|Ddx21	115.4	62582201	chr10:62580250-62582352	0.98	0.85	0.95	1.00	0.67	0.81	1.00	1.00	0.83	1.00	NA	1.00
ENSMUST00000218304.1|ENSMUSG00000020076|Ddx50	697.8	62616089	chr10:62615894-62616240	0.11	0.09	0.04	0.04	0.13	0.14	0.07	0.07	0.13	0.05	0.10	0.06
ENSMUST00000218229.1|ENSMUSG00000020074|Ccar1	8.4	62780440	chr10:62776863-62780608	0.00	0.00	0.00	0.00	0.00	0.00	0.00	0.00	0.00	0.00	0.00	0.00
ENSMUST00000044977.9|ENSMUSG00000071253|Slc25a16	152.3	62944619	chr10:62944468-62946498	1.00	0.90	1.00	1.00	1.00	1.00	1.00	1.00	0.92	1.00	1.00	1.00
ENSMUST00000140743.7|ENSMUSG00000020069|Hnrnph3	5943.0	63017973	chr10:63015427-63018124	0.52	0.49	0.48	0.51	0.46	0.44	0.68	0.52	0.38	0.51	0.44	0.43
ENSMUST00000043317.6|ENSMUSG00000036764|Dnajc12	59.8	63408591	chr10:63408280-63410576	0.06	0.07	0.07	0.06	0.08	0.07	0.07	0.04	0.04	0.01	0.06	0.06
ENSMUST00000105439.1|ENSMUSG00000042846|Lrrtm3	29.3	63929555	chr10:63928471-63930060	NA	NA	NA	NA	0.40	0.41	NA	NA	NA	NA	0.26	0.38
ENSMUST00000051446.15|ENSMUSG00000037876|Jmjd1c	109.6	67255685	chr10:67255534-67256326	1.00	0.58	0.65	0.87	1.00	NA	1.00	0.71	0.75	0.67	1.00	0.82
ENSMUST00000159002.1|ENSMUSG00000075000|Nrbf2	280.9	67269977	chr10:67267840-67270128	0.05	0.00	0.03	0.01	0.00	0.01	0.00	0.02	0.00	0.00	0.00	0.00
ENSMUST00000048289.13|ENSMUSG00000037868|Egr2	184.9	67541317	chr10:67540985-67542188	0.41	0.89	0.70	0.63	1.00	1.00	0.87	0.78	0.77	0.66	0.86	0.80
ENSMUST00000075686.6|ENSMUSG00000057134|Ado	284.8	67547854	chr10:67544510-67548005	0.47	0.70	0.85	0.74	0.37	0.69	0.35	0.96	0.66	0.61	1.00	1.00
ENSMUST00000064656.7|ENSMUSG00000037855|Zfp365	16950.5	67887802	chr10:67886102-67888832	0.82	0.54	0.49	0.48	1.00	0.70	0.54	0.55	0.58	0.53	0.68	0.68
ENSMUST00000020099.12|ENSMUSG00000019942|Cdk1	126.7	69338349	chr10:69335145-69338500	NA	NA	NA	NA	0.01	0.01	NA	NA	0.00	0.01	NA	NA
ENSMUST00000046807.6|ENSMUSG00000037762|Slc16a9	282.4	70284872	chr10:70284052-70285968	0.61	0.58	0.48	0.59	1.00	0.51	0.65	0.58	0.48	0.64	0.27	0.47
ENSMUST00000173042.8|ENSMUSG00000043259|Fam13c	116.0	70557880	chr10:70557360-70558736	0.84	0.80	0.80	0.93	1.00	0.89	1.00	0.94	0.87	0.92	0.99	0.88
ENSMUST00000046513.9|ENSMUSG00000037747|Phyhipl	631.0	70558887	chr10:70557681-70559249	1.00	0.29	0.37	0.42	1.00	0.20	0.56	0.52	0.41	0.43	0.37	0.43
ENSMUST00000131445.7|ENSMUSG00000014329|Bicc1	521.1	70927590	chr10:70925101-70927741	NA	NA	0.03	0.04	0.26	0.15	0.12	0.13	0.01	0.01	NA	NA
ENSMUST00000092430.10|ENSMUSG00000003923|Tfam	170.6	71228152	chr10:71225463-71228561	0.07	0.14	0.11	0.14	0.08	0.09	0.07	0.08	0.13	0.13	0.11	0.11
ENSMUST00000020085.6|ENSMUSG00000019927|Ube2d1	519.3	71255399	chr10:71254979-71255831	0.46	0.40	0.41	0.41	0.80	0.36	0.41	0.33	0.45	0.33	0.51	0.45
ENSMUST00000045887.8|ENSMUSG00000037710|Cisd1	9823.4	71330841	chr10:71330479-71331039	0.19	0.19	0.22	0.22	0.28	0.22	0.18	0.22	0.19	0.19	0.32	0.32
ENSMUST00000141984.1|ENSMUSG00000060733|Ipmk	32.4	71383983	chr10:71381815-71433180	0.01	0.01	0.02	0.01	0.02	0.01	0.05	0.02	0.01	0.01	0.02	0.02
ENSMUST00000020081.10|ENSMUSG00000019923|Zwint	705.3	72657534	chr10:72657383-72674964	0.15	0.07	0.08	0.11	0.27	0.11	0.07	0.08	0.16	0.10	0.01	0.02
ENSMUST00000037813.4|ENSMUSG00000040009|Gnaz	239.2	75015710	chr10:75015209-75016907	0.08	0.25	0.12	0.10	0.28	0.29	0.23	0.19	0.18	0.04	0.14	0.22
ENSMUST00000147802.8|ENSMUSG00000020175|Rab36	73.8	75052754	chr10:75052526-75054748	NA	0.52	0.64	0.58	0.28	0.63	0.43	0.37	0.70	0.70	0.58	0.65
ENSMUST00000164107.2|ENSMUSG00000009681|Bcr	478.7	75182563	chr10:75182326-75184921	0.17	0.32	0.58	0.72	0.17	0.32	0.39	0.66	0.43	0.33	0.54	0.51
ENSMUST00000105421.9|ENSMUSG00000033444|Specc1l	368.4	75310027	chr10:75309876-75312743	1.00	1.00	0.81	0.95	1.00	0.89	1.00	1.00	0.88	1.00	1.00	1.00
ENSMUST00000105420.2|ENSMUSG00000020178|Adora2a	23.8	75334316	chr10:75333933-75334784	NA	0.77	NA	0.83	0.86	0.52	NA	0.23	NA	NA	0.83	0.64
ENSMUST00000020397.10|ENSMUSG00000020180|Snrpd3	718.0	75535470	chr10:75535319-75537381	0.08	0.08	0.14	0.17	0.00	0.08	0.13	0.27	0.09	0.03	0.46	0.58
ENSMUST00000051129.9|ENSMUSG00000046807|Lrrc75b	31.8	75551873	chr10:75550124-75553597	NA	0.79	NA	NA	NA	NA	0.38	NA	NA	NA	1.00	0.72
ENSMUST00000095541.10|ENSMUSG00000006342|Susd2	53.4	75637016	chr10:75636705-75637348	NA	NA	0.47	0.31	NA	0.75	0.49	0.44	0.38	0.57	NA	NA
ENSMUST00000172820.1|ENSMUSG00000001666|Ddt	6503.1	75771285	chr10:75771229-75771436	0.22	0.17	0.14	0.15	0.16	0.20	0.20	0.15	0.15	0.23	0.22	0.24
ENSMUST00000174187.1|ENSMUSG00000001665|Gstt3	395.9	75778007	chr10:75776753-75778158	0.00	0.00	0.00	0.00	0.00	0.00	0.00	0.00	0.00	0.00	0.00	0.00
ENSMUST00000001713.9|ENSMUSG00000001663|Gstt1	12026.2	75783890	chr10:75783812-75784041	0.11	0.18	0.17	0.18	0.24	0.21	0.25	0.22	0.20	0.22	0.33	0.30
ENSMUST00000220440.1|ENSMUSG00000033318|Gstt2	14.1	75831636	chr10:75831113-75831887	0.20	NA	0.13	0.37	0.18	0.17	0.20	0.07	NA	NA	NA	NA
ENSMUST00000009236.5|ENSMUSG00000009092|Derl3	25.4	75895611	chr10:75895316-75895941	NA	NA	0.55	0.43	NA	NA	0.30	0.56	NA	0.28	NA	NA
ENSMUST00000140388.1|ENSMUSG00000000902|Smarcb1	14201.1	75910127	chr10:75897527-75910278	0.04	0.04	0.04	0.04	0.04	0.04	0.04	0.04	0.04	0.04	0.04	0.04
ENSMUST00000132869.1|ENSMUSG00000000901|Mmp11	19044.4	75923570	chr10:75923221-75923984	0.76	0.40	0.53	0.56	0.80	0.64	0.54	0.49	0.62	0.56	NA	0.35
ENSMUST00000061617.6|ENSMUSG00000049764|Zfp280b	24.4	76040277	chr10:76039890-76043234	0.52	0.37	0.61	0.78	0.77	NA	NA	1.00	0.61	0.77	0.43	0.81
ENSMUST00000128099.7|ENSMUSG00000020230|Prmt2	3462.1	76217313	chr10:76207231-76217479	0.03	0.03	0.04	0.03	0.04	0.03	0.04	0.04	0.04	0.03	0.03	0.04
ENSMUST00000036387.7|ENSMUSG00000033208|S100b	12705.8	76260865	chr10:76260065-76261159	0.81	0.72	0.58	0.63	1.00	0.74	0.62	0.57	0.62	0.56	0.89	0.84
ENSMUST00000162524.1|ENSMUSG00000020231|Dip2a	61119.0	76264472	chr10:76259428-76264623	NA	NA	NA	1.00	NA	NA	NA	1.00	0.45	0.76	1.00	1.00
ENSMUST00000049185.5|ENSMUSG00000033126|Ybey	18.9	76462190	chr10:76459566-76463235	NA	0.45	NA	0.40	0.83	0.45	0.50	0.34	0.56	0.69	0.59	0.61
ENSMUST00000218881.1|ENSMUSG00000001150|Mcm3ap	15.8	76484825	chr10:76484674-76489367	NA	NA	0.03	0.03	NA	NA	NA	0.02	0.02	0.03	NA	0.01
ENSMUST00000048678.6|ENSMUSG00000033105|Lss	48.2	76553655	chr10:76553065-76555479	0.05	0.07	0.06	0.08	0.33	0.07	0.06	0.10	0.13	0.03	0.08	0.09
ENSMUST00000105413.7|ENSMUSG00000020241|Col6a2	72.7	76599277	chr10:76597834-76599600	NA	NA	0.54	0.61	NA	0.23	1.00	0.53	0.63	0.59	NA	NA
ENSMUST00000001147.4|ENSMUSG00000001119|Col6a1	26111.8	76709118	chr10:76708791-76709561	0.66	0.66	0.50	0.54	0.87	0.62	0.56	0.49	0.57	0.52	1.00	NA
ENSMUST00000001148.10|ENSMUSG00000001120|Pcbp3	194.1	76762140	chr10:76761856-76762492	0.51	0.50	0.45	0.32	0.83	0.58	0.35	0.28	0.30	0.21	0.59	0.52
ENSMUST00000081654.12|ENSMUSG00000001435|Col18a1	20046.9	77052529	chr10:77052177-77053196	0.53	0.61	0.58	0.61	1.00	0.67	0.61	0.60	0.66	0.62	NA	0.56
ENSMUST00000126073.7|ENSMUSG00000020262|Adarb1	42.9	77321648	chr10:77290726-77322570	0.03	0.02	0.02	0.03	NA	0.02	0.03	0.02	0.03	0.02	0.02	0.02
ENSMUST00000045454.8|ENSMUSG00000032977|Fam207a	308.1	77487773	chr10:77486660-77488352	0.80	0.79	0.73	0.70	0.97	0.78	0.95	0.89	0.66	0.65	0.82	0.97
ENSMUST00000161789.7|ENSMUSG00000009291|Pttg1ip	16989.1	77589742	chr10:77587257-77593899	0.06	0.02	0.05	0.03	0.02	0.01	0.01	0.03	0.02	0.00	0.00	0.00
ENSMUST00000020501.14|ENSMUSG00000020265|Sumo3	25183.2	77617207	chr10:77616255-77618331	0.07	0.07	0.07	0.07	0.15	0.08	0.05	0.05	0.06	0.06	0.11	0.11
ENSMUST00000174113.7|ENSMUSG00000112241|Gm49325	55.9	77630894	chr10:77630728-77641543	0.01	0.01	0.02	0.02	0.00	0.00	NA	0.01	NA	NA	0.00	0.00
ENSMUST00000174510.7|ENSMUSG00000009293|Ube2g2	1329.1	77645471	chr10:77644556-77645993	0.65	0.86	0.66	0.74	1.00	0.71	0.71	0.72	0.79	0.64	0.75	0.85
ENSMUST00000057608.4|ENSMUSG00000051652|Lrrc3	28.0	77899979	chr10:77897574-77900829	0.31	NA	0.58	0.29	0.22	0.36	NA	NA	0.38	0.72	0.70	0.39
ENSMUST00000105398.1|ENSMUSG00000020284|Cfap410	137.6	77985300	chr10:77985053-77986905	0.03	0.03	0.03	0.04	0.07	0.02	0.10	0.02	0.01	0.02	0.03	0.04
ENSMUST00000218383.1|ENSMUSG00000020277|Pfkl	22322.0	78001310	chr10:77999892-78001471	0.18	0.16	0.19	0.19	0.14	0.16	0.20	0.19	0.16	0.19	0.17	0.15
ENSMUST00000105393.2|ENSMUSG00000000732|Icosl	47.8	78078116	chr10:78077900-78079525	0.79	1.00	1.00	1.00	1.00	0.64	1.00	1.00	0.81	0.89	NA	0.61
ENSMUST00000042556.10|ENSMUSG00000032834|Pwp2	63.2	78171252	chr10:78170908-78171962	0.71	0.60	1.00	0.73	1.00	0.44	1.00	0.65	0.83	0.67	0.81	0.85
ENSMUST00000217980.1|ENSMUSG00000000374|Trappc10	2.8	78220188	chr10:78217186-78220369	0.02	0.01	0.01	0.00	0.02	0.01	0.01	0.03	0.00	0.00	0.01	0.00
ENSMUST00000001240.11|ENSMUSG00000001211|Agpat3	423.5	78271713	chr10:78269177-78273689	0.15	0.17	0.14	0.12	0.18	0.15	0.36	0.18	0.12	0.09	0.44	0.38
ENSMUST00000219374.1|ENSMUSG00000061032|Rrp1	50279.4	78404924	chr10:78400383-78409164	1.00	NA	NA	NA	0.51	0.70	0.51	0.47	NA	NA	NA	NA
ENSMUST00000041616.14|ENSMUSG00000032788|Pdxk	1183.4	78439285	chr10:78436743-78440803	0.44	0.39	0.47	0.48	0.59	0.39	0.29	0.45	0.46	0.57	0.35	0.48
ENSMUST00000040580.6|ENSMUSG00000032714|Syde1	154.4	78584861	chr10:78584502-78585504	0.56	0.63	0.67	0.66	0.83	0.64	0.98	0.50	0.44	0.47	1.00	0.73
ENSMUST00000039271.6|ENSMUSG00000060301|2610008E11Rik	47.0	79066076	chr10:79064373-79066473	NA	NA	0.74	1.00	1.00	0.39	0.48	0.81	0.96	0.62	NA	0.68
ENSMUST00000165233.2|ENSMUSG00000052151|Plpp2	75.0	79530433	chr10:79527449-79530584	0.00	0.00	0.00	0.00	0.00	0.00	0.00	0.00	0.00	0.00	0.00	NA
ENSMUST00000218964.1|ENSMUSG00000020307|Cdc34	7388.6	79688083	chr10:79687892-79688394	0.44	0.40	0.35	0.40	0.77	0.36	0.34	0.41	0.36	0.42	0.50	0.47
ENSMUST00000178383.7|ENSMUSG00000023175|Bsg	76277257.1	79711430	chr10:79711279-79711823	1.00	NA	NA	1.00	NA	NA	1.00	1.00	NA	NA	1.00	NA
ENSMUST00000099513.7|ENSMUSG00000020331|Hcn2	325.4	79735876	chr10:79735537-79736108	1.00	0.43	0.34	0.51	1.00	1.00	0.50	0.43	0.40	0.49	0.87	0.83
ENSMUST00000162694.7|ENSMUSG00000020329|Polrmt	616.1	79737263	chr10:79736173-79738377	0.17	0.18	0.17	0.16	0.27	0.19	0.15	0.15	0.20	0.16	0.21	0.24
ENSMUST00000047203.8|ENSMUSG00000035890|Rnf126	191.6	79758769	chr10:79758514-79759089	0.51	0.40	0.42	0.37	0.70	0.54	0.33	0.30	0.30	0.47	0.70	0.63
ENSMUST00000020575.4|ENSMUSG00000020325|Fstl3	96.2	79782160	chr10:79781472-79782630	0.39	0.56	0.40	0.47	1.00	0.64	0.22	0.26	0.46	0.42	0.61	NA
ENSMUST00000165704.7|ENSMUSG00000006498|Ptbp1	5124.1	79864166	chr10:79863274-79864771	0.13	0.12	0.11	0.12	0.36	0.12	0.21	0.12	0.18	0.15	0.24	0.25
ENSMUST00000006679.14|ENSMUSG00000057729|Prtn3	86.6	79883124	chr10:79882973-79883174	NA	NA	NA	0.14	0.05	0.20	0.40	0.34	NA	0.27	0.00	0.19
ENSMUST00000105378.8|ENSMUSG00000013833|Med16	1733.7	79895069	chr10:79894707-79895286	0.21	0.24	0.35	0.28	0.68	0.27	0.28	0.26	0.22	0.24	0.37	0.48
ENSMUST00000045628.14|ENSMUSG00000035781|R3hdm4	92397.6	79910433	chr10:79910051-79911041	0.37	0.43	0.41	0.42	0.52	0.42	0.40	0.35	0.42	0.33	0.46	0.43
ENSMUST00000045529.2|ENSMUSG00000035773|Kiss1r	28.5	79922152	chr10:79922001-79922273	NA	0.09	NA	NA	NA	NA	0.17	0.10	NA	NA	0.56	0.45
ENSMUST00000045247.8|ENSMUSG00000035754|Wdr18	101.9	79969058	chr10:79967596-79970203	0.14	0.10	0.12	0.10	0.48	0.10	0.14	0.13	0.23	0.07	0.12	0.13
ENSMUST00000052885.13|ENSMUSG00000013858|Tmem259	481.7	79977270	chr10:79977117-79977421	0.39	0.34	0.51	0.39	0.59	0.36	0.36	0.43	0.32	0.38	0.52	0.37
ENSMUST00000004784.10|ENSMUSG00000004665|Cnn2	36275.2	79995126	chr10:79994611-79996062	0.08	0.08	0.08	0.09	0.18	0.12	0.07	0.06	0.08	0.07	0.10	0.11
ENSMUST00000099501.9|ENSMUSG00000035697|Arhgap45	152.5	80031249	chr10:80031045-80031472	NA	0.29	0.41	0.36	0.81	0.45	0.21	0.25	0.40	0.40	0.45	NA
ENSMUST00000004786.9|ENSMUSG00000004667|Polr2e	34462.1	80036089	chr10:80035948-80036535	0.82	0.70	0.47	0.72	1.00	1.00	0.73	0.70	0.79	0.70	1.00	0.98
ENSMUST00000105372.7|ENSMUSG00000075706|Gpx4	696557.6	80056366	chr10:80056215-80056439	0.29	0.26	0.28	0.26	0.35	0.27	0.26	0.23	0.22	0.25	0.31	0.30
ENSMUST00000219258.1|ENSMUSG00000035673|Sbno2	422.6	80080796	chr10:80070620-80081304	1.00	NA	1.00	0.88	NA	NA	0.60	1.00	NA	NA	NA	NA
ENSMUST00000105371.8|ENSMUSG00000003068|Stk11	2638.8	80128100	chr10:80124867-80130470	0.15	0.08	0.13	0.04	0.16	0.00	0.10	0.03	NA	0.01	0.00	0.00
ENSMUST00000105366.1|ENSMUSG00000003072|Atp5d	158481.7	80145641	chr10:80145490-80145812	0.27	0.32	0.31	0.29	0.59	0.32	0.26	0.27	0.28	0.27	0.39	0.39
ENSMUST00000042057.11|ENSMUSG00000035621|Midn	7.6	80156810	chr10:80156639-80158368	NA	NA	0.05	0.19	NA	0.11	NA	NA	0.11	0.22	NA	0.07
ENSMUST00000105365.8|ENSMUSG00000045193|Cirbp	5178.7	80171328	chr10:80170995-80171655	0.51	0.49	0.42	0.43	0.64	0.52	0.37	0.39	0.42	0.40	0.47	0.53
ENSMUST00000003154.6|ENSMUSG00000003070|Efna2	157.1	80189447	chr10:80188787-80190010	0.35	0.24	0.31	0.23	0.69	0.43	0.26	0.30	0.24	0.24	0.43	0.34
ENSMUST00000020365.14|ENSMUSG00000020156|Pwwp3a	365.2	80243791	chr10:80243640-80243903	0.19	0.30	0.49	0.34	0.28	0.38	0.30	0.41	0.29	0.25	0.68	0.59
ENSMUST00000105362.7|ENSMUSG00000069565|Dazap1	523.6	80288090	chr10:80287708-80288408	0.46	0.65	0.37	0.52	0.58	0.55	0.94	0.49	0.34	0.52	0.69	0.59
ENSMUST00000105359.7|ENSMUSG00000020135|Apc2	165.5	80316284	chr10:80316022-80318263	NA	1.00	1.00	1.00	NA	NA	1.00	1.00	0.46	NA	1.00	0.90
ENSMUST00000020341.8|ENSMUSG00000020133|2310011J03Rik	2918.6	80318904	chr10:80318253-80319350	0.28	0.37	0.44	0.41	0.39	0.33	0.45	0.46	0.45	0.39	0.54	0.62
ENSMUST00000105354.7|ENSMUSG00000035504|Reep6	57.6	80336038	chr10:80335114-80336441	0.61	0.69	NA	NA	1.00	0.78	NA	NA	NA	NA	0.90	0.81
ENSMUST00000095446.9|ENSMUSG00000043822|Adamtsl5	13.0	80341006	chr10:80340840-80341157	NA	NA	0.67	0.43	0.34	NA	0.82	0.38	0.68	0.20	0.60	1.00
ENSMUST00000105350.2|ENSMUSG00000048696|Mex3d	71.1	80380687	chr10:80380354-80381227	0.45	0.40	0.67	0.34	1.00	0.61	0.53	0.45	0.50	0.36	1.00	0.53
ENSMUST00000142997.7|ENSMUSG00000035478|Mbd3	211503.0	80392760	chr10:80392538-80393102	0.51	0.44	0.42	0.36	0.98	0.54	0.37	0.39	0.48	0.40	0.68	0.62
ENSMUST00000020372.5|ENSMUSG00000020163|Uqcr11	152355.4	80404017	chr10:80402996-80404168	0.00	0.01	0.01	0.01	0.00	0.00	0.02	0.01	0.01	0.00	0.00	0.00
ENSMUST00000105344.7|ENSMUSG00000020167|Tcf3	3587.9	80409859	chr10:80409513-80410134	0.39	0.34	0.29	0.28	0.75	0.42	0.34	0.29	0.31	0.28	0.55	0.40
ENSMUST00000038558.8|ENSMUSG00000035397|Klf16	56.0	80568634	chr10:80567123-80568923	1.00	0.78	1.00	0.79	NA	NA	1.00	NA	0.54	0.49	0.69	0.87
ENSMUST00000191440.6|ENSMUSG00000003346|Abhd17a	2219606.3	80583831	chr10:80583654-80584141	0.48	0.42	0.40	0.45	0.75	0.52	0.39	0.37	0.50	0.45	0.55	0.55
ENSMUST00000038411.4|ENSMUSG00000113640|Adat3	9.0	80607527	chr10:80607376-80607654	0.52	0.89	NA	0.64	0.73	NA	NA	NA	NA	0.70	NA	NA
ENSMUST00000218067.1|ENSMUSG00000035370|Gm49322	11566.4	80612459	chr10:80607376-80615784	0.01	0.00	NA	0.00	0.01	NA	NA	NA	NA	0.00	NA	NA
ENSMUST00000079773.13|ENSMUSG00000003345|Csnk1g2	20887.3	80640462	chr10:80640073-80640741	0.61	0.54	0.45	0.54	0.82	0.59	0.54	0.45	0.55	0.47	0.64	0.60
ENSMUST00000126980.7|ENSMUSG00000003344|Btbd2	1203.9	80642942	chr10:80642616-80643532	0.74	0.68	0.50	0.54	0.98	0.68	0.59	0.48	0.57	0.51	0.79	0.74
ENSMUST00000200082.4|ENSMUSG00000020190|Mknk2	467.0	80666753	chr10:80665326-80667109	1.00	1.00	1.00	0.89	1.00	0.83	1.00	0.93	0.72	1.00	1.00	0.98
ENSMUST00000003438.10|ENSMUSG00000003348|Mob3a	392.8	80686753	chr10:80685252-80687146	0.90	0.87	0.82	0.73	1.00	0.96	0.91	0.93	0.74	0.82	1.00	1.00
ENSMUST00000218330.1|ENSMUSG00000055862|Izumo4	369.6	80704802	chr10:80704651-80705133	0.94	0.41	NA	0.42	NA	NA	0.23	0.42	0.51	1.00	0.40	1.00
ENSMUST00000219356.1|ENSMUSG00000020198|Ap3d1	1292.1	80727053	chr10:80722912-80727889	NA	NA	0.00	0.02	NA	NA	NA	0.02	0.00	0.00	NA	0.00
ENSMUST00000219378.1|ENSMUSG00000035278|Plekhj1	63801.3	80796590	chr10:80796425-80796788	0.68	0.51	0.54	0.49	0.51	0.49	0.54	0.52	0.46	0.48	0.49	0.49
ENSMUST00000179341.1|ENSMUSG00000035242|Oaz1	1276171.2	80829076	chr10:80828912-80829285	0.33	0.31	0.29	0.28	0.63	0.38	0.28	0.29	0.30	0.28	0.50	0.45
ENSMUST00000220091.1|ENSMUSG00000035206|Sppl2b	4733.1	80866671	chr10:80866520-80868704	0.72	0.70	0.64	0.78	0.80	0.53	1.00	0.90	0.75	0.66	0.68	0.75
ENSMUST00000020440.6|ENSMUSG00000020219|Timm13	25752.8	80900001	chr10:80899449-80900163	0.14	0.12	0.15	0.13	0.10	0.11	0.12	0.11	0.12	0.13	0.12	0.12
ENSMUST00000057623.13|ENSMUSG00000062075|Lmnb2	118.5	80901656	chr10:80901202-80902861	0.68	0.60	0.30	0.46	0.81	0.55	0.57	0.70	0.70	0.37	0.80	0.76
ENSMUST00000015456.9|ENSMUSG00000015312|Gadd45b	5108.8	80931946	chr10:80931643-80932204	0.48	0.57	0.45	0.46	0.61	0.52	0.42	0.43	0.52	0.46	0.46	0.61
ENSMUST00000099462.7|ENSMUSG00000048240|Gng7	7796.0	80951472	chr10:80948623-80951623	1.00	1.00	1.00	1.00	0.98	1.00	1.00	1.00	1.00	1.00	1.00	1.00
ENSMUST00000055125.4|ENSMUSG00000043670|Diras1	564.1	81020740	chr10:81019588-81021821	NA	0.85	1.00	0.61	1.00	0.90	1.00	1.00	1.00	NA	0.93	1.00
ENSMUST00000117276.10|ENSMUSG00000046822|Slc39a3	199.5	81030808	chr10:81028537-81030959	0.98	1.00	0.93	0.98	0.48	0.99	1.00	1.00	0.87	1.00	1.00	0.94
ENSMUST00000005067.5|ENSMUSG00000004937|Sgta	152730.6	81046046	chr10:81044074-81046197	1.00	1.00	1.00	1.00	1.00	1.00	1.00	1.00	1.00	1.00	1.00	1.00
ENSMUST00000005057.6|ENSMUSG00000004929|Thop1	187.5	81082167	chr10:81082016-81082559	0.06	0.03	0.04	0.02	0.11	0.02	0.02	0.02	0.03	0.02	0.06	0.02
ENSMUST00000048223.13|ENSMUSG00000035027|Map2k2	51893.9	81119703	chr10:81119057-81123845	0.09	0.07	0.08	0.08	0.14	0.09	0.08	0.08	0.07	0.08	0.09	0.10
ENSMUST00000048128.14|ENSMUSG00000035011|Zbtb7a	121.4	81149000	chr10:81148432-81152222	NA	NA	NA	1.00	NA	1.00	NA	NA	NA	0.31	1.00	0.84
ENSMUST00000005064.13|ENSMUSG00000004934|Pias4	117.2	81153593	chr10:81153265-81154103	0.49	0.64	0.46	0.35	0.66	0.64	0.63	0.45	0.40	0.42	0.59	0.77
ENSMUST00000047864.10|ENSMUSG00000034994|Eef2	127306.8	81182262	chr10:81182079-81182498	0.34	0.35	0.32	0.30	1.00	0.41	0.32	0.29	0.31	0.33	0.50	0.52
ENSMUST00000178422.8|ENSMUSG00000034974|Dapk3	151.1	81193092	chr10:81192941-81193197	0.53	NA	0.52	0.53	0.00	NA	0.42	NA	0.66	0.59	0.24	0.72
ENSMUST00000146030.7|ENSMUSG00000034958|Atcay	1600.0	81214665	chr10:81204507-81214816	0.19	0.18	0.21	0.23	NA	0.16	0.15	0.16	NA	NA	0.21	0.17
ENSMUST00000117798.7|ENSMUSG00000034949|Zfr2	95.8	81251760	chr10:81251431-81252123	NA	0.59	0.41	0.45	NA	0.80	0.36	0.71	0.77	0.58	0.73	0.58
ENSMUST00000128576.7|ENSMUSG00000004933|Matk	89187.7	81262156	chr10:81260934-81263365	0.67	0.69	0.53	0.72	1.00	0.76	0.76	0.63	0.97	0.77	0.76	0.78
ENSMUST00000161854.7|ENSMUSG00000034902|Pip5k1c	65423.7	81315118	chr10:81305766-81319972	0.03	0.02	0.01	0.01	0.07	0.01	0.01	0.01	0.01	0.01	0.02	0.02
ENSMUST00000050867.7|ENSMUSG00000034889|Cactin	574.0	81326102	chr10:81325951-81326242	0.30	0.28	0.24	0.18	0.55	0.28	0.25	0.16	0.28	0.26	0.46	0.35
ENSMUST00000105325.3|ENSMUSG00000034881|Tbxa2r	34.9	81334879	chr10:81334704-81335172	0.52	0.33	0.25	0.36	0.61	NA	0.34	0.59	0.41	0.43	0.39	0.30
ENSMUST00000105323.7|ENSMUSG00000020232|Hmg20b	121.9	81346283	chr10:81346047-81346467	0.58	NA	0.44	0.46	1.00	0.91	0.49	0.24	0.33	0.55	0.87	1.00
ENSMUST00000044844.8|ENSMUSG00000034854|Mfsd12	235.1	81364163	chr10:81363789-81366225	NA	0.71	0.96	0.91	0.85	1.00	1.00	1.00	0.79	0.76	1.00	1.00
ENSMUST00000131736.7|ENSMUSG00000020234|4930404N11Rik	494.0	81363552	chr10:81363066-81363968	0.98	0.02	0.06	0.04	0.00	0.05	0.00	0.01	0.06	0.02	0.01	0.00
ENSMUST00000140901.7|ENSMUSG00000020235|Fzr1	1392.6	81367088	chr10:81366221-81367511	0.09	0.09	0.07	0.06	0.27	0.12	0.08	0.06	0.07	0.08	0.08	0.13
ENSMUST00000072751.12|ENSMUSG00000078440|Dohh	6689.5	81388171	chr10:81388020-81388352	0.37	0.32	0.36	0.26	0.68	0.35	0.27	0.26	0.30	0.36	0.45	0.47
ENSMUST00000144647.7|ENSMUSG00000113262|Gm48551	42.6	81390584	chr10:81390366-81391560	0.69	NA	0.65	0.58	NA	0.40	NA	0.50	NA	NA	0.80	0.60
ENSMUST00000125635.1|ENSMUSG00000114004|Gm48552	11.6	81391153	chr10:81390991-81391267	NA	0.77	NA	0.91	1.00	NA	0.77	0.81	NA	0.37	1.00	1.00
ENSMUST00000105322.8|ENSMUSG00000078439|Smim24	25.3	81395124	chr10:81394893-81395392	NA	NA	0.45	0.24	0.78	0.43	0.46	0.33	0.38	0.48	0.68	0.49
ENSMUST00000105321.9|ENSMUSG00000055053|Nfic	3790.4	81399365	chr10:81396185-81401056	0.05	0.05	0.04	0.04	0.09	0.05	0.05	0.04	0.04	0.04	0.11	0.08
ENSMUST00000118763.7|ENSMUSG00000034818|Celf5	60.5	81460738	chr10:81459226-81462328	NA	0.07	NA	0.26	NA	NA	0.02	NA	NA	NA	0.37	0.35
ENSMUST00000020463.13|ENSMUSG00000020238|Ncln	2417.8	81486699	chr10:81486248-81487548	0.30	0.30	0.30	0.24	0.92	0.44	0.30	0.25	0.37	0.25	0.58	0.52
ENSMUST00000043709.7|ENSMUSG00000034792|Gna15	232.6	81502643	chr10:81502312-81502881	0.44	NA	0.47	0.27	1.00	0.38	NA	NA	0.29	0.48	0.68	0.63
ENSMUST00000043604.5|ENSMUSG00000034781|Gna11	5219.9	81530646	chr10:81528723-81530797	1.00	1.00	1.00	1.00	0.71	0.75	1.00	1.00	1.00	1.00	0.71	0.83
ENSMUST00000002518.8|ENSMUSG00000054452|Tle5	503392.7	81565992	chr10:81565690-81566362	0.24	0.24	0.23	0.21	0.45	0.27	0.20	0.20	0.21	0.20	0.33	0.33
ENSMUST00000151858.7|ENSMUSG00000034758|Tle6	186.8	81596069	chr10:81595992-81596220	NA	NA	0.84	1.00	NA	0.94	1.00	1.00	1.00	1.00	0.77	0.55
ENSMUST00000119324.7|ENSMUSG00000034748|Sirt6	21.6	81622264	chr10:81621784-81622415	0.42	NA	0.73	NA	1.00	1.00	0.30	0.43	0.92	0.83	0.85	0.44
ENSMUST00000200889.3|ENSMUSG00000096795|Zfp433	12.7	81721676	chr10:81721465-81721976	0.60	0.75	0.49	0.42	NA	0.22	NA	0.36	0.65	NA	NA	NA
ENSMUST00000218939.1|ENSMUSG00000094622|Gm3055	40.7	81744293	chr10:81742820-81745985	NA	0.78	0.40	0.40	NA	0.61	0.19	0.50	0.36	0.22	NA	0.81
ENSMUST00000220314.1|ENSMUSG00000112640|Gm32687	13.9	81880786	chr10:81880575-81881081	0.60	0.75	0.49	0.35	NA	0.27	NA	0.38	0.66	NA	NA	NA
ENSMUST00000219144.1|ENSMUSG00000096718|Zfp781	44.1	81903383	chr10:81901910-81905075	NA	0.96	0.40	0.40	NA	0.53	0.21	0.53	0.38	0.22	NA	0.74
ENSMUST00000209622.1|ENSMUSG00000061371|Zfp873	15.3	82060323	chr10:82059668-82061586	NA	NA	NA	1.00	NA	0.50	0.77	1.00	NA	NA	NA	NA
ENSMUST00000156218.1|ENSMUSG00000062931|Zfp938	189.3	82227378	chr10:82224853-82227529	0.79	NA	NA	NA	0.24	1.00	NA	NA	NA	NA	1.00	1.00
ENSMUST00000176200.7|ENSMUSG00000063320|1190007I07Rik	56.9	82619973	chr10:82619850-82620124	0.21	0.18	0.63	NA	0.23	0.04	NA	0.13	NA	0.36	0.37	0.20
ENSMUST00000176195.7|ENSMUSG00000034674|Tdg	1464.0	82644772	chr10:82644621-82648879	0.15	0.14	0.13	0.16	0.20	0.14	0.22	0.17	0.19	0.15	0.17	0.15
ENSMUST00000125505.1|ENSMUSG00000020251|Glt8d2	9.6	82662109	chr10:82654771-82662260	NA	NA	NA	0.07	NA	NA	NA	0.07	0.04	0.08	0.03	0.04
ENSMUST00000162422.1|ENSMUSG00000020246|Hcfc2	78.3	82710142	chr10:82709991-82712230	0.07	0.00	0.01	0.02	0.00	0.00	0.02	0.04	0.02	0.05	0.00	0.00
ENSMUST00000130911.7|ENSMUSG00000020248|Nfyb	451.3	82749683	chr10:82748700-82750417	0.80	1.00	1.00	1.00	0.59	0.70	1.00	1.00	0.79	0.93	0.86	0.96
ENSMUST00000219368.1|ENSMUSG00000020250|Txnrd1	1002.7	82896357	chr10:82896042-82897712	0.86	0.82	0.80	0.79	1.00	1.00	1.00	0.87	0.82	0.79	0.98	1.00
ENSMUST00000039956.5|ENSMUSG00000034591|Slc41a2	36.6	83233053	chr10:83230847-83233567	NA	1.00	1.00	0.86	NA	1.00	NA	1.00	1.00	1.00	NA	0.70
ENSMUST00000020488.8|ENSMUSG00000020255|D10Wsu102e	4.2	83368643	chr10:83365919-83488505	0.00	0.00	0.00	0.00	0.00	0.00	0.01	0.00	0.00	0.00	0.02	0.01
ENSMUST00000217842.1|ENSMUSG00000034560|Washc4	478.2	83556157	chr10:83556006-83595434	0.08	0.10	0.12	0.09	0.32	0.12	0.13	0.09	0.12	0.08	NA	0.10
ENSMUST00000150459.2|ENSMUSG00000087651|1500009L16Rik	5485.1	83759745	chr10:83759594-83762762	0.44	0.42	0.48	0.60	0.49	0.53	0.54	0.54	0.50	0.47	0.42	0.38
ENSMUST00000053871.4|ENSMUSG00000046841|Ckap4	3233.7	84526662	chr10:84526304-84527472	0.53	0.64	0.61	0.64	0.69	0.58	0.65	0.56	0.64	0.64	0.65	0.74
ENSMUST00000020223.7|ENSMUSG00000020034|Tcp11l2	1419.3	84614030	chr10:84613723-84614359	0.54	0.51	0.40	0.44	0.85	0.62	0.39	0.35	0.56	0.46	0.80	0.90
ENSMUST00000095388.4|ENSMUSG00000020037|Rfx4	40.9	84905981	chr10:84905224-84906538	0.39	0.54	NA	NA	NA	1.00	NA	NA	NA	NA	0.98	0.88
ENSMUST00000038523.14|ENSMUSG00000035620|Ric8b	131.6	85015401	chr10:85015184-85016447	0.76	1.00	1.00	0.68	1.00	0.81	1.00	1.00	1.00	1.00	1.00	0.68
ENSMUST00000216771.1|ENSMUSG00000060935|Tmem263	453.7	85117405	chr10:85114691-85120618	0.06	0.05	0.03	0.02	0.09	0.02	0.06	0.02	0.02	0.02	0.08	0.08
ENSMUST00000105307.7|ENSMUSG00000020042|Btbd11	16.5	85658611	chr10:85658346-85660292	0.64	0.67	1.00	0.54	NA	NA	0.68	0.98	NA	0.76	NA	1.00
ENSMUST00000219256.1|ENSMUSG00000001785|Pwp1	1221.3	85876582	chr10:85876301-85882099	0.11	0.13	0.12	0.13	0.12	0.13	0.13	0.12	0.10	0.09	0.16	0.13
ENSMUST00000001834.3|ENSMUSG00000001783|Rtcb	4169.0	85938852	chr10:85938636-85939014	0.39	0.41	0.30	0.35	0.69	0.41	0.30	0.34	0.37	0.31	0.41	0.42
ENSMUST00000001837.13|ENSMUSG00000001786|Fbxo7	380.0	86029236	chr10:86029054-86048293	0.03	0.02	0.03	0.03	0.04	0.03	0.03	0.03	0.03	0.03	0.03	0.03
ENSMUST00000020234.13|ENSMUSG00000020044|Timp3	10710.7	86348184	chr10:86345899-86349506	0.62	0.52	0.52	0.49	0.95	0.62	0.81	0.57	0.44	0.53	0.82	0.61
ENSMUST00000020238.13|ENSMUSG00000020048|Hsp90b1	40115.6	86690953	chr10:86690839-86691104	0.24	0.24	0.17	0.19	0.42	0.30	0.20	0.19	0.23	0.18	0.31	0.30
ENSMUST00000095360.10|ENSMUSG00000020053|Igf1	13121.2	87934094	chr10:87930731-87937042	NA	NA	0.15	0.14	0.34	0.18	0.32	0.17	0.14	0.17	NA	NA
ENSMUST00000219121.1|ENSMUSG00000035351|Nup37	203.3	88178303	chr10:88178152-88178383	0.13	0.22	0.19	0.19	0.45	0.27	0.07	0.11	0.22	0.09	NA	NA
ENSMUST00000151273.7|ENSMUSG00000035311|Gnptab	218.6	88412117	chr10:88411966-88447320	0.23	0.17	0.23	0.23	0.16	0.16	0.13	0.20	0.23	0.22	0.11	0.13
ENSMUST00000148899.7|ENSMUSG00000060002|Chpt1	11.4	88470998	chr10:88452744-88471412	0.03	0.04	0.12	0.07	0.03	0.05	0.03	0.06	0.03	NA	0.04	0.03
ENSMUST00000116234.8|ENSMUSG00000060904|Arl1	8412.9	88743707	chr10:88743050-88744094	0.65	0.60	0.69	0.75	0.78	0.58	0.73	0.60	0.66	0.66	0.71	0.65
ENSMUST00000099374.8|ENSMUSG00000074802|Gas2l3	11.7	89412678	chr10:89408822-89413205	NA	NA	NA	NA	NA	0.08	NA	0.13	0.10	0.16	NA	NA
ENSMUST00000058126.14|ENSMUSG00000047638|Nr1h4	20.2	89454561	chr10:89454233-89454712	NA	NA	0.02	0.10	NA	0.23	0.06	0.12	0.07	0.10	NA	NA
ENSMUST00000174252.7|ENSMUSG00000069539|Scyl2	18.7	89639738	chr10:89638720-89640471	0.12	NA	0.38	0.27	0.07	NA	0.33	0.46	0.17	0.28	NA	NA
ENSMUST00000218776.1|ENSMUSG00000019951|Uhrf1bp1l	446.5	89806796	chr10:89803045-89818402	0.25	0.18	0.16	0.21	0.25	0.19	NA	0.27	0.17	0.23	0.25	0.21
ENSMUST00000159110.7|ENSMUSG00000019979|Apaf1	90.6	90990531	chr10:90989310-90991452	0.80	NA	NA	NA	1.00	NA	NA	1.00	0.63	1.00	NA	NA
ENSMUST00000020149.5|ENSMUSG00000019975|Ikbip	183.9	91097561	chr10:91096614-91098657	0.60	0.54	0.51	0.53	0.48	0.57	1.00	0.62	0.47	0.63	0.67	NA
ENSMUST00000163246.7|ENSMUSG00000061904|Slc25a3	325174.4	91121921	chr10:91116790-91122173	0.48	NA	0.54	0.46	0.34	0.46	NA	0.52	0.45	0.48	NA	NA
ENSMUST00000072239.13|ENSMUSG00000019961|Tmpo	457.6	91149236	chr10:91147570-91149478	0.53	0.48	0.62	0.72	0.56	0.50	0.70	0.72	0.65	0.75	0.52	0.73
ENSMUST00000129827.7|ENSMUSG00000008398|Elk3	1031.6	93254595	chr10:93249322-93254746	0.01	0.00	0.00	0.00	0.00	0.00	0.01	0.01	0.00	0.00	0.00	0.00
ENSMUST00000020203.6|ENSMUSG00000020018|Snrpf	773.8	93583315	chr10:93583028-93583466	0.26	0.15	NA	0.29	0.12	0.22	0.20	NA	NA	NA	0.21	0.20
ENSMUST00000020204.4|ENSMUSG00000020019|Ntn4	137.9	93746206	chr10:93745850-93747207	0.49	0.29	0.32	0.37	0.82	0.76	0.44	0.37	0.40	0.27	0.41	0.39
ENSMUST00000047910.14|ENSMUSG00000036112|Metap2	1520.3	93861094	chr10:93858488-93861352	0.06	0.07	0.07	0.06	0.06	0.05	0.05	0.06	0.07	0.06	0.07	0.10
ENSMUST00000119818.7|ENSMUSG00000036099|Vezt	19.2	93969926	chr10:93961521-93970195	0.06	0.05	0.03	0.05	0.04	0.01	0.10	0.03	0.03	0.03	0.10	0.06
ENSMUST00000020208.4|ENSMUSG00000020021|Fgd6	28.4	94141937	chr10:94141786-94145339	0.48	NA	0.79	NA	0.26	NA	NA	1.00	0.58	NA	NA	NA
ENSMUST00000105290.8|ENSMUSG00000005897|Nr2c1	45.2	94195499	chr10:94195348-94197211	0.33	0.34	0.44	0.66	0.38	0.40	0.45	0.56	0.77	0.78	0.36	0.58
ENSMUST00000135292.2|ENSMUSG00000020022|Ndufa12	260.2	94203524	chr10:94203373-94221423	0.00	0.03	NA	NA	0.01	0.01	NA	NA	NA	NA	0.00	0.00
ENSMUST00000065060.11|ENSMUSG00000020023|Tmcc3	398.1	94588443	chr10:94587027-94590956	0.15	0.19	0.11	0.14	0.44	0.22	0.32	0.15	0.13	0.16	0.27	0.14
ENSMUST00000020212.5|ENSMUSG00000020024|Cep83	35.2	94790196	chr10:94789805-94790853	0.02	0.01	0.00	0.03	0.06	0.10	0.00	NA	NA	0.05	0.11	0.11
ENSMUST00000181244.1|ENSMUSG00000074785|Plxnc1	6.0	94864716	chr10:94854451-94864997	NA	NA	0.01	0.01	NA	0.00	NA	0.00	0.01	0.00	NA	NA
ENSMUST00000220279.1|ENSMUSG00000045867|Cradd	49.1	95175451	chr10:95174745-95175679	0.28	0.51	0.45	0.53	0.53	0.64	0.20	0.59	0.42	0.35	0.43	0.63
ENSMUST00000099329.4|ENSMUSG00000074781|Ube2n	18493.6	95542750	chr10:95542309-95545657	0.05	0.06	0.07	0.07	0.07	0.05	0.03	0.05	0.06	0.05	0.15	0.27
ENSMUST00000020217.6|ENSMUSG00000020029|Nudt4	2049.3	95548947	chr10:95547006-95549290	1.00	1.00	1.00	1.00	0.77	0.87	1.00	1.00	1.00	1.00	1.00	1.00
ENSMUST00000218291.1|ENSMUSG00000036499|Eea1	284.7	95990465	chr10:95990257-96026626	0.06	0.09	0.07	0.06	0.10	0.05	0.05	0.07	0.08	0.06	0.07	0.09
ENSMUST00000038377.8|ENSMUSG00000036478|Btg1	8501.7	96619464	chr10:96618640-96622809	0.02	0.01	0.02	0.01	0.03	0.02	0.01	0.01	0.01	0.01	0.02	0.03
ENSMUST00000105287.10|ENSMUSG00000019929|Dcn	869897.4	97517890	chr10:97517652-97518143	0.47	0.44	0.41	0.41	0.66	0.51	0.43	0.40	0.44	0.46	0.89	1.00
ENSMUST00000038160.5|ENSMUSG00000036446|Lum	1009056.2	97572419	chr10:97572048-97572703	0.58	0.54	0.48	0.48	0.83	0.58	0.50	0.45	0.54	0.50	NA	NA
ENSMUST00000105285.3|ENSMUSG00000019936|Epyc	102.2	97681502	chr10:97681267-97682454	NA	NA	0.06	0.08	0.12	0.12	0.07	0.14	0.14	0.10	0.77	NA
ENSMUST00000020107.7|ENSMUSG00000019943|Atp2b1	233.5	99023588	chr10:99023116-99026143	0.26	0.26	0.21	0.21	0.40	0.45	0.23	0.26	0.24	0.35	0.40	0.32
ENSMUST00000161240.3|ENSMUSG00000090035|Galnt4	86.3	99110663	chr10:99110148-99113247	0.64	0.69	0.53	0.98	0.37	0.66	NA	0.84	0.81	0.99	NA	NA
ENSMUST00000220291.1|ENSMUSG00000019960|Dusp6	3124.5	99267085	chr10:99266296-99267489	0.51	0.57	0.51	0.49	1.00	0.72	0.73	0.60	0.64	0.59	0.60	0.70
ENSMUST00000105283.8|ENSMUSG00000019966|Kitl	1469.1	100089383	chr10:100089232-100100416	0.20	0.24	0.20	0.21	0.28	0.18	0.15	0.21	0.18	0.28	0.19	0.26
ENSMUST00000058154.14|ENSMUSG00000036676|Tmtc3	47.3	100446702	chr10:100443901-100446931	1.00	0.98	0.83	0.69	0.65	NA	NA	0.90	1.00	0.90	NA	NA
ENSMUST00000220346.1|ENSMUSG00000019971|Cep290	36.3	100573255	chr10:100573104-100573655	1.00	1.00	1.00	0.66	0.66	1.00	0.79	0.85	1.00	1.00	1.00	1.00
ENSMUST00000054471.9|ENSMUSG00000046567|4930430F08Rik	43.9	100572782	chr10:100572264-100573568	0.82	0.63	0.21	0.61	1.00	0.75	0.45	0.67	0.56	0.84	0.65	0.67
ENSMUST00000020049.8|ENSMUSG00000019897|Ccdc59	121.7	105847326	chr10:105847175-105847833	0.42	0.52	0.72	0.34	0.30	0.38	0.39	0.44	0.42	0.25	0.24	0.35
ENSMUST00000165067.8|ENSMUSG00000035948|Acss3	49.8	106934921	chr10:106933516-106936166	NA	NA	0.83	0.83	NA	NA	NA	0.78	NA	0.74	NA	NA
ENSMUST00000095313.4|ENSMUSG00000035873|Pawr	388.4	108413902	chr10:108413751-108414240	0.76	0.73	0.77	0.83	1.00	1.00	0.73	0.77	0.94	0.70	1.00	0.84
ENSMUST00000105276.7|ENSMUSG00000035864|Syt1	371.6	108498344	chr10:108497649-108500542	0.97	1.00	1.00	1.00	1.00	0.69	NA	0.99	NA	NA	1.00	0.75
ENSMUST00000032719.14|ENSMUSG00000020181|Nav3	81.1	109682843	chr10:109681258-109684122	NA	0.64	0.42	0.44	NA	NA	0.70	0.45	0.61	0.53	0.80	0.79
ENSMUST00000219502.1|ENSMUSG00000020186|Csrp2	13189.4	110938848	chr10:110938697-110939328	0.48	0.19	0.17	0.10	0.24	0.06	0.14	0.14	0.12	0.06	0.17	0.10
ENSMUST00000220247.1|ENSMUSG00000035798|Zdhhc17	24.5	110967653	chr10:110942580-110967804	0.12	0.03	0.06	0.06	NA	0.05	0.06	0.05	0.04	0.04	0.04	0.04
ENSMUST00000105275.8|ENSMUSG00000020189|Osbpl8	60.5	111294656	chr10:111293221-111297249	NA	NA	1.00	1.00	0.93	1.00	NA	0.75	0.65	1.00	NA	1.00
ENSMUST00000218828.1|ENSMUSG00000058799|Nap1l1	1264.6	111496722	chr10:111496072-111498150	0.22	0.20	0.24	0.30	0.23	0.18	0.29	0.33	0.23	0.25	0.39	0.47
ENSMUST00000164773.1|ENSMUSG00000020205|Phlda1	7915.7	111507770	chr10:111507619-111508645	1.00	1.00	1.00	1.00	1.00	1.00	1.00	1.00	1.00	1.00	1.00	1.00
ENSMUST00000163048.7|ENSMUSG00000063334|Krr1	273.7	111985898	chr10:111984678-111988432	0.04	0.04	0.09	0.10	0.27	0.12	0.11	0.07	0.14	0.14	0.13	0.16
ENSMUST00000099276.3|ENSMUSG00000074748|Atxn7l3b	2959.6	112926883	chr10:112925429-112928431	0.33	0.24	0.23	0.24	0.55	0.26	0.44	0.29	0.26	0.24	0.35	0.35
ENSMUST00000020339.9|ENSMUSG00000020130|Tbc1d15	361.4	115198676	chr10:115197871-115199554	0.11	0.07	0.07	0.06	0.19	0.11	0.17	0.09	0.13	0.09	0.15	0.20
ENSMUST00000020343.8|ENSMUSG00000020132|Rab21	1033.1	115290304	chr10:115287083-115290774	0.09	0.14	0.16	0.15	0.14	0.12	0.09	0.13	0.15	0.13	0.18	0.20
ENSMUST00000218731.1|ENSMUSG00000069520|Tmem19	278.8	115340966	chr10:115339673-115342508	0.06	0.04	0.07	0.07	0.10	0.09	0.13	0.07	0.05	0.06	0.10	0.04
ENSMUST00000218842.1|ENSMUSG00000020137|Thap2	18.4	115372307	chr10:115368403-115372562	0.36	NA	0.45	NA	NA	NA	1.00	0.32	NA	0.51	NA	NA
ENSMUST00000036044.8|ENSMUSG00000034163|Zfc3h1	40.8	115432519	chr10:115432030-115432772	0.50	NA	0.27	NA	0.72	NA	0.84	NA	NA	0.71	NA	NA
ENSMUST00000063470.10|ENSMUSG00000020151|Ptprr	141.1	116274326	chr10:116273823-116274932	0.59	0.72	0.51	0.49	1.00	0.86	0.33	0.37	0.52	1.00	0.51	0.57
ENSMUST00000092167.6|ENSMUSG00000020154|Ptprb	87.4	116384096	chr10:116383872-116389535	0.44	0.69	NA	0.97	0.22	NA	0.97	0.68	NA	0.49	0.39	0.63
ENSMUST00000068233.10|ENSMUSG00000054934|Kcnmb4	2758.4	116418067	chr10:116417860-116418240	0.33	0.41	0.33	0.31	1.00	0.28	0.27	0.28	0.35	0.53	0.50	0.49
ENSMUST00000169576.7|ENSMUSG00000020166|Cnot2	550.8	116498085	chr10:116485164-116537352	NA	NA	0.00	0.05	NA	NA	0.00	0.00	0.00	0.00	0.00	0.00
ENSMUST00000020375.6|ENSMUSG00000064181|Rab3ip	39.3	116906857	chr10:116905783-116907038	0.44	0.28	0.59	0.43	0.11	0.26	0.03	0.65	0.55	0.30	0.25	0.32
ENSMUST00000047672.8|ENSMUSG00000034024|Cct2	3903.8	117051097	chr10:117051000-117051248	0.17	0.17	0.16	0.17	0.38	0.22	0.17	0.13	0.20	0.14	0.36	0.29
ENSMUST00000020381.4|ENSMUSG00000020170|Frs2	127.7	117073545	chr10:117069426-117073931	0.80	1.00	0.71	0.95	NA	NA	NA	0.91	1.00	1.00	1.00	0.90
ENSMUST00000218887.1|ENSMUSG00000020171|Yeats4	441.9	117220257	chr10:117215220-117220408	0.10	0.10	0.11	0.13	0.10	0.10	0.12	0.11	0.12	0.16	0.12	0.09
ENSMUST00000092163.8|ENSMUSG00000069516|Lyz2	3054306.2	117277632	chr10:117277330-117278123	0.49	0.48	0.42	0.46	0.91	0.54	0.42	0.42	0.51	0.47	0.71	0.57
ENSMUST00000092162.6|ENSMUSG00000069515|Lyz1	655.8	117288224	chr10:117287796-117288585	NA	NA	0.70	0.68	1.00	0.67	0.66	0.60	0.88	0.68	NA	NA
ENSMUST00000069168.12|ENSMUSG00000055531|Cpsf6	1500.1	117347460	chr10:117344672-117355940	0.50	NA	0.94	0.68	0.55	0.12	NA	0.87	1.00	0.64	NA	NA
ENSMUST00000020399.5|ENSMUSG00000020183|Cpm	179.3	117684639	chr10:117683517-117687352	0.17	0.17	0.17	0.17	0.69	0.18	0.17	0.21	0.25	0.21	NA	0.11
ENSMUST00000155285.7|ENSMUSG00000020184|Mdm2	2648.1	117694830	chr10:117688894-117694981	0.37	0.35	0.36	0.30	0.48	0.40	0.28	0.35	0.43	0.32	0.54	0.37
ENSMUST00000079041.6|ENSMUSG00000060181|Slc35e3	171.2	117735061	chr10:117733678-117736049	0.81	0.89	0.79	0.80	1.00	1.00	1.00	0.82	0.85	0.82	1.00	1.00
ENSMUST00000218576.1|ENSMUSG00000052798|Nup107	206.3	117774401	chr10:117750620-117774552	0.16	0.09	0.13	0.10	0.15	0.10	0.17	0.11	0.14	0.11	0.10	NA
ENSMUST00000064667.8|ENSMUSG00000052681|Rap1b	330109.1	117817225	chr10:117813870-117817376	1.00	1.00	1.00	1.00	1.00	1.00	1.00	1.00	1.00	1.00	1.00	1.00
ENSMUST00000020437.12|ENSMUSG00000020212|Mdm1	74.3	118168311	chr10:118168160-118168997	0.82	0.58	0.42	1.00	1.00	0.64	0.68	0.39	0.56	0.54	NA	NA
ENSMUST00000004281.9|ENSMUSG00000028630|Dyrk2	76.8	118858142	chr10:118855602-118859554	NA	0.47	0.26	0.30	1.00	0.38	0.28	0.26	0.25	0.29	0.29	0.36
ENSMUST00000020315.12|ENSMUSG00000020114|Cand1	128.9	119202768	chr10:119199254-119202983	0.04	0.11	0.07	0.10	0.03	0.05	0.02	0.05	0.07	0.05	0.13	0.21
ENSMUST00000141206.7|ENSMUSG00000020225|Tmbim4	15659.3	120222195	chr10:120222044-120224839	0.04	0.04	0.04	0.04	0.04	0.04	0.04	0.04	0.04	0.04	0.04	0.04
ENSMUST00000020444.15|ENSMUSG00000020224|Llph	1591.6	120231564	chr10:120231369-120232582	0.11	0.14	0.10	0.13	0.10	0.14	0.13	0.12	0.11	0.14	0.16	0.11
ENSMUST00000092143.11|ENSMUSG00000051236|Msrb3	352.3	120782050	chr10:120781095-120784070	0.34	0.25	0.23	0.24	0.69	0.53	0.30	0.28	0.21	0.31	0.28	0.38
ENSMUST00000119944.7|ENSMUSG00000048661|Lemd3	26.8	120925042	chr10:120923412-120925395	0.76	NA	0.88	0.60	NA	NA	0.86	1.00	0.60	0.86	1.00	0.79
ENSMUST00000020439.10|ENSMUSG00000020218|Wif1	155.1	121100316	chr10:121099876-121100650	NA	NA	0.38	0.55	0.89	0.49	0.46	0.45	0.55	0.40	NA	NA
ENSMUST00000219851.1|ENSMUSG00000034707|Gns	23996.2	121371301	chr10:121371150-121376691	0.21	0.23	0.22	0.21	0.17	0.23	0.30	0.23	0.19	0.23	0.19	0.20
ENSMUST00000026902.8|ENSMUSG00000025795|Rassf3	355.1	121411992	chr10:121410349-121412938	0.85	0.74	0.70	0.76	0.88	0.75	1.00	0.79	0.69	0.68	0.70	0.79
ENSMUST00000219400.1|ENSMUSG00000020115|Tbk1	476.2	121571842	chr10:121546459-121572015	0.11	0.07	0.06	0.07	0.08	0.14	0.12	0.10	0.08	0.10	0.12	0.09
ENSMUST00000039810.7|ENSMUSG00000034667|Xpot	132.0	121589788	chr10:121587379-121590196	0.17	0.28	0.31	0.32	0.16	0.24	0.29	0.41	0.39	0.37	0.38	0.41
ENSMUST00000020323.6|ENSMUSG00000020123|Avpr1a	26.1	122452835	chr10:122452357-122453452	0.62	NA	0.69	0.76	0.51	0.50	NA	0.83	NA	NA	NA	NA
ENSMUST00000067918.11|ENSMUSG00000034613|Ppm1h	37.7	122942378	chr10:122941369-122945795	0.03	0.09	0.18	0.21	0.17	0.13	0.09	0.17	0.18	0.11	0.19	0.27
ENSMUST00000073792.10|ENSMUSG00000034602|Mon2	17.3	122995296	chr10:122992059-122995672	0.09	0.08	0.05	0.06	0.19	0.05	0.04	0.05	0.04	0.08	0.11	0.12
ENSMUST00000220377.1|ENSMUSG00000020124|Usp15	34.0	123111953	chr10:123105005-123113507	0.04	0.01	0.04	0.05	0.11	0.04	0.14	0.07	0.03	0.05	0.07	0.09
ENSMUST00000238972.1|ENSMUSG00000044071|Tafa2	104.3	123739341	chr10:123738912-123741204	NA	1.00	NA	NA	NA	1.00	NA	NA	NA	NA	1.00	0.89
ENSMUST00000211781.1|ENSMUSG00000020102|Slc16a7	2.6	125227731	chr10:125219269-125228014	NA	NA	NA	0.04	NA	0.03	NA	NA	0.07	0.07	0.15	0.16
ENSMUST00000074807.7|ENSMUSG00000020105|Lrig3	31.7	126015068	chr10:126014917-126015359	NA	NA	0.16	0.07	0.44	0.21	0.10	0.11	0.04	0.12	NA	NA
ENSMUST00000168520.2|ENSMUSG00000025436|Atp23	30.2	126887342	chr10:126887248-126887493	0.28	0.19	0.47	NA	0.44	0.39	0.33	0.20	0.09	0.34	0.45	0.34
ENSMUST00000105255.2|ENSMUSG00000078429|Ctdsp2	1730.1	126996634	chr10:126996483-126999975	1.00	1.00	1.00	1.00	1.00	1.00	1.00	1.00	1.00	1.00	1.00	1.00
ENSMUST00000139486.1|ENSMUSG00000006732|Mettl1	900.7	127045127	chr10:127044793-127045899	0.34	0.30	0.24	0.22	0.55	0.30	0.39	0.25	0.26	0.29	0.23	0.44
ENSMUST00000040307.5|ENSMUSG00000040502|Marchf9	12.7	127056238	chr10:127055010-127056573	NA	NA	NA	0.30	NA	NA	0.12	0.40	NA	0.14	0.28	0.33
ENSMUST00000142558.7|ENSMUSG00000006728|Cdk4	221842.7	127065002	chr10:127064838-127067002	0.20	0.21	0.18	0.19	0.22	0.18	0.20	0.19	0.20	0.20	0.18	0.20
ENSMUST00000060991.5|ENSMUSG00000006736|Tspan31	33778.4	127067704	chr10:127067279-127068118	0.48	0.54	0.49	0.51	0.69	0.50	0.53	0.44	0.53	0.51	0.52	0.57
ENSMUST00000218798.1|ENSMUSG00000040462|Os9	146086.4	127098340	chr10:127098008-127098855	0.00	0.00	0.00	0.00	0.00	0.00	0.00	0.00	0.00	0.00	0.01	0.00
ENSMUST00000217678.1|ENSMUSG00000006731|B4galnt1	23292.5	127170168	chr10:127169788-127172330	NA	0.80	0.60	0.68	0.49	0.64	0.76	0.58	0.74	0.69	0.74	0.66
ENSMUST00000222911.2|ENSMUSG00000040441|Slc26a10	8640.7	127172389	chr10:127171510-127172540	1.00	1.00	1.00	1.00	1.00	NA	NA	1.00	NA	NA	NA	NA
ENSMUST00000038217.13|ENSMUSG00000040415|Dtx3	2226.2	127190629	chr10:127190377-127190966	0.43	0.42	0.38	0.39	1.00	0.43	0.31	0.30	0.36	0.43	0.61	0.51
ENSMUST00000013970.8|ENSMUSG00000025417|Pip4k2c	291.7	127198876	chr10:127197066-127199066	0.86	1.00	1.00	1.00	1.00	0.66	1.00	0.85	1.00	0.92	1.00	1.00
ENSMUST00000218298.1|ENSMUSG00000074657|Kif5a	3390457.0	127248029	chr10:127236944-127248262	0.27	0.27	0.29	0.28	0.22	0.27	0.24	0.26	0.23	0.29	0.25	0.26
ENSMUST00000026479.10|ENSMUSG00000025410|Dctn2	11399.1	127281682	chr10:127281484-127281950	0.36	0.28	0.24	0.30	0.40	0.36	0.24	0.25	0.33	0.29	0.42	0.37
ENSMUST00000026475.14|ENSMUSG00000025408|Ddit3	2885.2	127296239	chr10:127296088-127296288	0.34	0.21	0.25	0.31	0.71	0.42	0.22	0.24	0.28	0.41	0.28	0.25
ENSMUST00000219026.1|ENSMUSG00000040345|Arhgap9	140.0	127329818	chr10:127329667-127329943	NA	NA	0.29	0.25	0.30	0.27	0.22	0.17	0.22	0.42	NA	NA
ENSMUST00000035735.10|ENSMUSG00000040280|Ndufa4l2	2305.0	127516915	chr10:127516496-127517154	0.54	0.53	0.53	0.44	0.89	0.57	0.40	0.43	0.51	0.50	0.58	0.62
ENSMUST00000219239.1|ENSMUSG00000025403|Shmt2	1264.9	127517521	chr10:127517122-127517791	0.17	0.17	0.21	0.25	0.42	0.22	0.25	0.17	0.15	0.23	0.30	0.33
ENSMUST00000095266.2|ENSMUSG00000040258|Nxph4	46.6	127525818	chr10:127525472-127526108	NA	NA	0.32	0.53	NA	0.86	NA	0.33	0.60	0.43	NA	NA
ENSMUST00000129727.1|ENSMUSG00000040249|Lrp1	6947.7	127548314	chr10:127546394-127549474	NA	0.00	0.00	0.00	0.00	0.00	0.00	0.00	0.01	0.00	NA	0.00
ENSMUST00000092074.11|ENSMUSG00000002147|Stat6	1062.1	127660185	chr10:127659978-127660957	0.81	0.93	0.75	0.64	1.00	1.00	0.73	0.77	0.61	0.64	1.00	0.76
ENSMUST00000026469.8|ENSMUSG00000025402|Nab2	240.1	127661215	chr10:127660917-127661672	0.48	0.54	0.37	0.49	0.85	0.60	0.39	0.51	0.48	0.54	0.72	0.77
ENSMUST00000079692.5|ENSMUSG00000058396|Gpr182	66.0	127749735	chr10:127747275-127749886	0.02	0.03	0.09	0.09	0.04	0.04	0.12	0.07	0.07	0.17	0.03	0.03
ENSMUST00000026461.7|ENSMUSG00000025395|Prim1	34.5	128029933	chr10:128029782-128030037	0.21	NA	NA	NA	0.08	0.11	NA	0.09	NA	NA	NA	0.08
ENSMUST00000052798.13|ENSMUSG00000071072|Ptges3	8546.4	128076855	chr10:128076083-128077272	0.39	0.41	0.30	0.37	0.72	0.41	0.45	0.40	0.33	0.35	0.46	0.43
ENSMUST00000026459.5|ENSMUSG00000025393|Atp5b	328742.0	128090267	chr10:128090116-128090391	0.01	0.03	0.04	0.02	0.02	0.03	0.03	0.03	0.01	0.02	0.03	0.03
ENSMUST00000238829.1|ENSMUSG00000040054|Baz2a	106.7	128126901	chr10:128126750-128129303	NA	0.61	0.81	NA	1.00	NA	0.75	1.00	NA	0.48	NA	0.65
ENSMUST00000159440.7|ENSMUSG00000044005|Gls2	272.8	128200302	chr10:128200147-128210004	0.13	0.20	0.12	NA	NA	NA	NA	0.18	NA	NA	0.18	0.14
ENSMUST00000061995.9|ENSMUSG00000051346|Spryd4	140.4	128210296	chr10:128209907-128210855	0.52	0.53	0.45	0.48	0.85	0.39	0.42	0.42	0.49	0.44	0.56	0.38
ENSMUST00000055539.10|ENSMUSG00000039994|Timeless	237.7	128252583	chr10:128252253-128252941	0.44	0.61	0.43	0.49	0.90	0.51	0.37	0.46	0.50	0.48	NA	0.39
ENSMUST00000085708.2|ENSMUSG00000040033|Stat2	183.7	128292060	chr10:128291370-128292849	0.86	0.83	0.69	0.87	0.95	0.80	0.77	0.69	0.56	0.73	NA	0.48
ENSMUST00000005825.7|ENSMUSG00000005682|Pan2	41.4	128321076	chr10:128320762-128321353	0.50	0.75	0.53	0.34	0.73	NA	0.45	0.53	0.79	0.29	NA	NA
ENSMUST00000219037.1|ENSMUSG00000025381|Cnpy2	4732.2	128327209	chr10:128327058-128327553	0.19	0.23	0.27	0.21	0.21	0.20	0.17	0.20	0.14	0.23	0.09	0.13
ENSMUST00000005826.8|ENSMUSG00000005683|Cs	2257.7	128362091	chr10:128361129-128362479	0.90	0.79	0.73	0.79	1.00	0.85	0.99	0.88	0.87	0.77	1.00	1.00
ENSMUST00000218507.1|ENSMUSG00000039914|Coq10a	1512.3	128364321	chr10:128363680-128364472	0.00	0.00	0.01	0.00	0.06	0.00	0.00	0.03	0.00	0.00	0.01	0.00
ENSMUST00000164199.7|ENSMUSG00000025374|Nabp2	5006.2	128401575	chr10:128401394-128401726	0.45	0.34	0.39	0.30	0.53	0.36	0.31	0.29	0.32	0.30	0.38	0.39
ENSMUST00000171342.2|ENSMUSG00000025373|Rnf41	1022.5	128439238	chr10:128438431-128441441	0.08	0.10	0.08	0.05	0.11	0.08	0.06	0.06	0.08	0.08	0.12	0.14
ENSMUST00000026433.8|ENSMUSG00000025369|Smarcc2	930.7	128489122	chr10:128488969-128490172	0.78	0.98	0.72	0.65	1.00	1.00	0.92	0.78	0.64	0.59	1.00	0.98
ENSMUST00000220307.1|ENSMUSG00000090841|Myl6	1808891.5	128492058	chr10:128490996-128492428	0.06	0.03	0.05	0.06	0.04	0.03	0.05	0.05	0.04	0.05	0.03	0.03
ENSMUST00000220429.1|ENSMUSG00000025366|Esyt1	31112.5	128511465	chr10:128510255-128512346	0.12	0.11	0.11	0.10	0.13	0.12	0.13	0.11	0.11	0.10	NA	NA
ENSMUST00000040572.9|ENSMUSG00000039810|Zc3h10	70.2	128543784	chr10:128541962-128544181	0.04	0.03	0.02	0.04	0.06	0.06	0.03	0.03	0.02	0.03	0.08	0.05
ENSMUST00000177163.7|ENSMUSG00000093674|Rpl41	108489.2	128548233	chr10:128548113-128548389	0.44	0.54	0.54	0.52	0.60	0.50	0.58	0.57	0.55	0.54	0.49	0.51
ENSMUST00000026425.12|ENSMUSG00000025364|Pa2g4	19.0	128558757	chr10:128557765-128558908	0.37	0.25	0.54	0.80	NA	0.68	NA	NA	0.61	0.72	NA	0.54
ENSMUST00000054764.8|ENSMUSG00000049858|Suox	203.6	128670185	chr10:128669893-128670519	0.29	0.55	0.32	0.34	0.66	0.50	0.36	0.35	0.38	0.43	0.55	0.44
ENSMUST00000000727.3|ENSMUSG00000000711|Rab5b	326.8	128679240	chr10:128677174-128679532	0.88	0.69	0.83	0.86	0.78	1.00	1.00	0.83	0.75	0.94	1.00	0.65
ENSMUST00000026415.8|ENSMUSG00000025358|Cdk2	235.0	128698334	chr10:128697938-128699108	0.71	0.81	0.71	0.65	1.00	0.98	0.57	0.74	0.76	0.63	0.77	0.53
ENSMUST00000219834.1|ENSMUSG00000025357|Dgka	172.5	128729598	chr10:128720135-128731140	0.25	0.26	0.20	0.23	0.69	0.31	0.31	0.29	0.28	0.33	0.24	0.20
ENSMUST00000218218.1|ENSMUSG00000064030|Pym1	96.3	128766254	chr10:128765612-128766564	0.50	0.45	0.42	0.67	1.00	0.50	NA	0.67	0.69	0.51	0.53	0.85
ENSMUST00000026411.7|ENSMUSG00000025355|Mmp19	2169.8	128799280	chr10:128799097-128800824	1.00	1.00	0.72	0.51	1.00	0.76	0.55	0.53	0.82	0.64	NA	NA
ENSMUST00000139227.1|ENSMUSG00000047090|Tmem198b	2257.9	128801935	chr10:128800840-128802404	0.30	0.33	0.32	0.28	0.35	0.22	0.27	0.32	0.30	0.34	0.34	0.37
ENSMUST00000026410.1|ENSMUSG00000025354|Dnajc14	5426.4	128817808	chr10:128817408-128819446	0.93	0.83	0.39	0.50	1.00	0.84	0.34	0.40	0.46	0.44	0.45	0.37
ENSMUST00000026409.4|ENSMUSG00000025353|Ormdl2	779.1	128818620	chr10:128817901-128818882	0.12	0.10	0.11	0.13	0.11	0.11	0.13	0.10	0.13	0.12	0.20	0.18
ENSMUST00000153731.7|ENSMUSG00000090247|Bloc1s1	62.0	128917970	chr10:128917881-128918123	0.95	1.00	1.00	1.00	1.00	1.00	1.00	1.00	1.00	1.00	1.00	0.98
ENSMUST00000219427.1|ENSMUSG00000025348|Itga7	64.7	128957988	chr10:128957678-128958279	0.65	0.59	0.32	0.38	0.96	0.86	0.38	0.65	0.47	0.38	0.35	0.35
