ENSMUST00000021001.9|ENSMUSG00000020671|Rab10	5115.5	3249454	chr12:3247427-3249789	0.68	0.83	0.91	0.80	0.69	0.68	0.97	0.97	0.79	0.88	0.87	0.85
ENSMUST00000020999.6|ENSMUSG00000020668|Kif3c	248.6	3403900	chr12:3402882-3406494	0.40	0.36	0.26	0.24	0.37	0.34	0.16	0.40	0.32	0.33	0.36	0.37
ENSMUST00000138740.2|ENSMUSG00000037486|Asxl2	32.3	3457265	chr12:3457114-3496409	0.06	0.03	0.03	0.03	0.06	0.03	0.04	0.04	0.04	0.02	0.02	0.03
ENSMUST00000174483.7|ENSMUSG00000020661|Dnmt3a	4303.5	3895758	chr12:3895544-3907887	0.16	0.18	0.16	0.17	0.18	0.18	0.34	0.22	0.15	0.15	0.16	0.18
ENSMUST00000020986.14|ENSMUSG00000020657|Dnajc27	351.6	4109064	chr12:4106931-4110606	1.00	0.83	0.78	0.80	1.00	0.82	1.00	0.80	0.57	0.78	0.89	0.83
ENSMUST00000124505.7|ENSMUSG00000020654|Adcy3	232.2	4213239	chr12:4212784-4213525	NA	0.63	0.34	0.31	0.77	0.83	0.41	0.47	0.48	0.43	0.53	0.35
ENSMUST00000140975.7|ENSMUSG00000020652|Cenpo	3155.6	4212604	chr12:4211666-4214496	NA	0.00	0.03	0.00	0.00	0.01	0.00	0.00	0.02	0.01	NA	NA
ENSMUST00000179139.2|ENSMUSG00000096199|Ptrhd1	45.7	4236681	chr12:4236530-4239950	0.49	0.32	0.38	0.67	0.02	0.21	0.02	0.66	0.22	0.23	0.23	0.53
ENSMUST00000046207.8|ENSMUSG00000037361|Sf3b6	1901.2	4827251	chr12:4827100-4827659	0.12	0.09	0.13	0.08	0.08	0.08	0.10	0.10	0.15	0.09	0.08	0.13
ENSMUST00000020964.6|ENSMUSG00000020635|Fkbp1b	897.6	4833416	chr12:4833173-4833669	0.31	0.42	0.42	0.18	0.71	0.35	0.20	0.27	0.25	0.33	0.59	0.65
ENSMUST00000141360.1|ENSMUSG00000020634|Ubxn2a	4721.0	4885677	chr12:4880389-4885828	0.07	0.06	0.06	0.06	0.05	0.06	0.07	0.07	0.08	0.06	0.07	0.07
ENSMUST00000218305.1|ENSMUSG00000037669|Ldah	149.8	8268598	chr12:8268407-8284943	0.01	0.01	0.01	0.01	0.01	0.01	0.00	0.01	0.01	0.01	0.01	0.01
ENSMUST00000020927.9|ENSMUSG00000020605|Hs1bp3	97.6	8342727	chr12:8342084-8343824	NA	0.57	0.98	0.92	1.00	1.00	1.00	0.84	0.83	0.77	NA	NA
ENSMUST00000067384.5|ENSMUSG00000054364|Rhob	4408.2	8498834	chr12:8497660-8499044	0.94	0.65	0.79	0.56	1.00	0.93	1.00	0.76	0.64	0.57	1.00	0.74
ENSMUST00000020911.13|ENSMUSG00000020592|Sdc1	6038.9	8792825	chr12:8791804-8793715	0.15	0.16	0.15	0.17	0.32	0.18	0.20	0.17	0.20	0.19	NA	NA
ENSMUST00000020909.3|ENSMUSG00000020585|Laptm4a	659129.9	8938427	chr12:8938188-8938742	0.42	0.40	0.35	0.38	0.73	0.46	0.38	0.36	0.41	0.39	0.53	0.55
ENSMUST00000160329.7|ENSMUSG00000066643|Wdr35	233.0	8986112	chr12:8985750-8991677	NA	NA	0.10	0.13	0.16	0.16	0.09	0.15	0.11	0.12	NA	0.10
ENSMUST00000057021.8|ENSMUSG00000048387|Osr1	1556.8	9580773	chr12:9580622-9581500	0.56	0.46	0.33	0.41	0.37	0.34	0.36	0.37	0.30	0.40	0.02	NA
ENSMUST00000020947.6|ENSMUSG00000020621|Rdh14	542.5	10395337	chr12:10395152-10395562	0.40	0.37	0.31	0.38	0.87	0.43	0.27	0.28	0.32	0.29	0.55	0.52
ENSMUST00000055673.1|ENSMUSG00000043673|Kcns3	8.2	11090963	chr12:11090201-11091223	NA	NA	NA	NA	NA	0.11	0.19	0.05	0.05	0.17	NA	NA
ENSMUST00000218022.1|ENSMUSG00000020608|Smc6	373.5	11279772	chr12:11279621-11319779	0.03	0.02	0.03	0.02	0.03	0.02	0.02	0.03	0.03	0.02	0.02	0.03
ENSMUST00000220506.1|ENSMUSG00000054459|Vsnl1	799.8	11326158	chr12:11325241-11326309	NA	0.85	0.79	1.00	1.00	1.00	1.00	1.00	NA	NA	1.00	1.00
ENSMUST00000069066.13|ENSMUSG00000020589|Fam49a	117.8	12376220	chr12:12372807-12380965	0.05	0.02	0.03	0.02	0.09	0.03	0.03	0.02	0.01	0.02	0.06	0.05
ENSMUST00000043396.14|ENSMUSG00000037169|Mycn	11.7	12936682	chr12:12936092-12937008	0.47	NA	NA	0.68	0.00	NA	NA	NA	NA	NA	0.73	0.78
ENSMUST00000071103.9|ENSMUSG00000037149|Ddx1	176.5	13219349	chr12:13216972-13219500	0.01	0.00	0.00	0.00	0.00	0.00	0.00	0.00	0.00	0.01	0.01	0.01
ENSMUST00000020926.7|ENSMUSG00000020607|Lratd1	819.0	14147814	chr12:14146829-14149848	0.20	0.09	0.07	0.06	0.32	0.21	0.07	0.18	0.08	0.06	0.17	0.19
ENSMUST00000020922.7|ENSMUSG00000020601|Trib2	308.2	15793334	chr12:15791726-15793610	0.88	0.85	0.78	0.82	1.00	1.00	0.83	0.87	0.71	0.77	1.00	1.00
ENSMUST00000067124.5|ENSMUSG00000020593|Lpin1	149.0	16537355	chr12:16535668-16538415	0.34	0.33	0.22	0.20	0.43	0.30	0.22	0.32	0.20	0.22	0.30	0.28
ENSMUST00000221049.1|ENSMUSG00000020591|Ntsr2	3233.1	16659913	chr12:16659743-16660063	0.77	0.74	0.68	0.78	0.95	0.81	0.75	0.62	0.96	0.69	0.87	0.83
ENSMUST00000020904.7|ENSMUSG00000020580|Rock2	76.7	16986424	chr12:16984638-16987823	0.57	0.75	0.54	0.53	0.51	0.81	1.00	0.93	0.73	0.54	NA	0.99
ENSMUST00000057288.6|ENSMUSG00000020571|Pdia6	98465.8	17284204	chr12:17284003-17284770	0.14	0.14	0.10	0.10	0.16	0.14	0.09	0.10	0.10	0.10	0.17	0.23
ENSMUST00000046011.11|ENSMUSG00000061458|Nol10	17.8	17429382	chr12:17429231-17430095	0.50	0.52	0.46	0.49	0.54	0.77	0.57	0.68	0.76	0.47	NA	0.37
ENSMUST00000222617.1|ENSMUSG00000011179|Odc1	814281.0	17550077	chr12:17547756-17551077	0.02	0.00	0.01	0.01	0.08	0.02	0.05	0.00	0.00	0.04	0.00	0.00
ENSMUST00000071858.4|ENSMUSG00000071379|Hpcal1	961.1	17791590	chr12:17791201-17791933	0.45	0.48	0.44	0.39	0.92	0.66	0.38	0.49	0.41	0.49	0.57	0.60
ENSMUST00000232072.1|ENSMUSG00000062352|Itgb1bp1	141.4	21270737	chr12:21267419-21270888	0.12	0.13	0.11	0.09	0.06	0.08	0.12	0.12	0.11	0.10	0.08	0.11
ENSMUST00000232526.1|ENSMUSG00000052593|Adam17	1626.8	21353845	chr12:21324953-21353996	0.09	0.11	0.10	0.11	0.07	0.08	0.09	0.09	0.10	0.09	0.08	0.09
ENSMUST00000221372.1|ENSMUSG00000059669|Taf1b	93.3	24509606	chr12:24509455-24558539	0.04	0.04	0.04	0.04	0.02	0.05	0.07	0.05	0.04	0.03	0.03	0.05
ENSMUST00000020982.6|ENSMUSG00000020653|Klf11	100.0	24660611	chr12:24660460-24662789	0.69	1.00	0.90	0.72	0.78	0.77	1.00	0.96	0.81	0.70	0.94	1.00
ENSMUST00000156453.9|ENSMUSG00000062563|Cys1	112.2	24666564	chr12:24665832-24667129	0.65	1.00	0.91	0.81	NA	1.00	0.97	1.00	0.83	0.74	1.00	0.93
ENSMUST00000020980.11|ENSMUSG00000020649|Rrm2	642.2	24713698	chr12:24713229-24714146	0.68	0.69	0.35	0.47	0.78	0.52	0.75	0.31	0.42	0.27	0.51	0.47
ENSMUST00000222994.1|ENSMUSG00000020646|Mboat2	270.8	24924397	chr12:24924246-24960286	0.07	0.11	NA	0.11	0.09	0.11	NA	0.10	0.09	0.14	0.11	0.13
ENSMUST00000221761.1|ENSMUSG00000020644|Id2	675223.3	25095169	chr12:25093798-25095320	1.00	1.00	1.00	1.00	1.00	1.00	1.00	1.00	1.00	1.00	1.00	1.00
ENSMUST00000020971.13|ENSMUSG00000020642|Rnf144a	533.2	26309851	chr12:26306793-26310660	0.76	0.52	0.53	0.53	0.64	0.63	0.54	0.49	0.52	0.68	0.56	0.68
ENSMUST00000020969.4|ENSMUSG00000020638|Cmpk2	193.6	26478877	chr12:26478126-26479837	0.79	0.75	0.69	0.76	1.00	0.94	0.84	0.82	0.84	0.76	0.93	1.00
ENSMUST00000074267.4|ENSMUSG00000061477|Rps7	2030.0	28630967	chr12:28630853-28631118	0.17	0.20	0.05	0.12	0.10	0.09	0.04	0.02	0.00	0.00	0.05	0.05
ENSMUST00000223322.1|ENSMUSG00000020630|Rnaseh1	1278.9	28658328	chr12:28658177-28659583	0.38	0.37	0.41	0.47	0.70	0.39	0.38	0.37	0.34	0.42	0.37	0.34
ENSMUST00000020957.12|ENSMUSG00000020629|Adi1	755.2	28681594	chr12:28681082-28682175	0.68	0.65	0.73	0.71	0.89	0.70	0.80	0.70	0.72	0.71	0.75	0.68
ENSMUST00000035657.8|ENSMUSG00000036613|Eipr1	163.7	28828922	chr12:28828771-28867491	0.02	0.01	0.02	0.02	0.02	0.01	0.02	0.01	0.02	0.02	0.01	0.01
ENSMUST00000049784.16|ENSMUSG00000061911|Myt1l	54.1	29920659	chr12:29920478-29923213	0.19	0.38	0.47	NA	NA	0.31	0.19	0.52	NA	NA	0.26	0.41
ENSMUST00000122328.7|ENSMUSG00000020674|Pxdn	295.2	30015718	chr12:30015567-30017658	1.00	1.00	0.94	1.00	1.00	1.00	1.00	1.00	0.91	1.00	NA	NA
ENSMUST00000057151.9|ENSMUSG00000043061|Tmem18	121.3	30589353	chr12:30588744-30591215	0.58	0.69	0.64	0.74	1.00	0.71	0.77	0.69	0.71	0.72	1.00	0.79
ENSMUST00000219697.1|ENSMUSG00000044573|Acp1	2140.8	30904607	chr12:30895875-30904758	0.10	0.09	0.07	0.08	0.08	0.10	0.08	0.07	0.08	0.08	0.07	0.06
ENSMUST00000110857.4|ENSMUSG00000020664|Dld	4477.8	31331796	chr12:31331276-31332179	0.13	0.12	0.13	0.14	0.27	0.16	0.12	0.12	0.15	0.15	0.17	0.20
ENSMUST00000064240.13|ENSMUSG00000020659|Cbll1	44.7	31487066	chr12:31484828-31487281	0.40	0.36	0.42	0.60	0.33	0.68	NA	0.63	0.55	0.51	0.39	0.68
ENSMUST00000177962.8|ENSMUSG00000020650|Bcap29	228.9	31595574	chr12:31590966-31596344	0.01	0.02	0.02	0.01	0.02	0.01	0.03	0.01	0.02	0.02	0.01	0.02
ENSMUST00000020977.3|ENSMUSG00000020648|Dus4l	9.5	31640334	chr12:31640049-31640678	0.32	0.56	NA	0.45	NA	0.58	NA	NA	NA	NA	0.45	0.68
ENSMUST00000036862.4|ENSMUSG00000035933|Cog5	16611.7	31927507	chr12:31925756-31937630	0.22	0.19	0.24	0.22	NA	0.22	0.23	0.23	0.20	0.20	NA	0.18
ENSMUST00000167458.8|ENSMUSG00000002996|Hbp1	19.7	31930456	chr12:31929382-31930680	NA	NA	NA	NA	1.00	0.34	NA	NA	0.20	0.44	NA	NA
ENSMUST00000003079.11|ENSMUSG00000002997|Prkar2b	103.3	31959873	chr12:31958475-31960391	0.97	1.00	1.00	1.00	0.73	0.82	1.00	0.88	1.00	0.93	1.00	0.91
ENSMUST00000156904.7|ENSMUSG00000020573|Pik3cg	44.6	32175701	chr12:32173472-32176580	NA	NA	0.30	NA	0.69	0.68	NA	NA	0.32	0.62	NA	NA
ENSMUST00000172332.3|ENSMUSG00000090946|Ccdc71l	544.5	32380214	chr12:32379637-32382943	0.25	0.32	0.30	0.23	0.29	0.20	0.13	0.27	0.29	0.24	0.38	0.47
ENSMUST00000220200.1|ENSMUSG00000020572|Nampt	770.2	32830405	chr12:32830254-32839207	0.11	0.11	0.13	0.12	0.07	0.06	0.14	0.13	0.10	0.11	0.10	0.15
ENSMUST00000144586.1|ENSMUSG00000020564|Atxn7l1	7.9	33326133	chr12:33325982-33328849	NA	NA	0.33	NA	NA	NA	NA	0.12	NA	0.29	0.11	NA
ENSMUST00000020877.8|ENSMUSG00000020561|Twistnb	44.7	33439176	chr12:33438077-33441392	0.16	0.17	0.23	0.19	0.24	0.18	NA	0.35	0.19	0.25	0.20	0.37
ENSMUST00000049089.6|ENSMUSG00000035799|Twist1	10485.7	33958746	chr12:33958595-33959829	1.00	1.00	1.00	1.00	1.00	1.00	1.00	1.00	1.00	1.00	NA	NA
ENSMUST00000221272.1|ENSMUSG00000020590|Snx13	322.5	35086093	chr12:35085942-35122988	0.08	0.09	0.11	0.08	0.10	0.07	0.04	0.07	0.07	0.07	0.07	0.09
ENSMUST00000110811.2|ENSMUSG00000019256|Ahr	14.6	35511017	chr12:35504859-35511168	0.15	0.11	NA	NA	NA	0.08	NA	NA	NA	0.14	NA	NA
ENSMUST00000220641.1|ENSMUSG00000020577|Tspan13	23523.5	36023869	chr12:36021800-36024020	0.08	0.08	0.09	0.08	0.07	0.07	0.08	0.08	0.07	0.08	0.07	0.07
ENSMUST00000020856.5|ENSMUSG00000020547|Bzw2	223.7	36092097	chr12:36091834-36092283	0.52	0.42	0.26	0.33	0.65	0.54	0.44	0.30	0.51	0.33	0.47	0.69
ENSMUST00000041640.4|ENSMUSG00000036188|Ankmy2	136.0	36196998	chr12:36196398-36197291	0.90	0.58	0.83	0.77	0.55	0.56	0.61	0.60	0.69	0.63	0.73	0.63
ENSMUST00000041407.6|ENSMUSG00000036169|Sostdc1	228.9	36317611	chr12:36317444-36318452	NA	NA	0.35	0.39	NA	0.10	0.40	NA	0.31	0.41	0.48	0.53
ENSMUST00000040500.8|ENSMUSG00000036095|Dgkb	65.2	38630838	chr12:38630687-38634239	NA	0.45	0.45	0.49	NA	0.52	0.20	0.56	NA	NA	0.45	0.47
ENSMUST00000095767.10|ENSMUSG00000004151|Etv1	185.2	38866488	chr12:38865766-38870484	0.07	0.08	0.04	0.07	0.12	0.09	0.05	0.06	0.05	0.06	0.07	0.07
ENSMUST00000078481.13|ENSMUSG00000002565|Scin	28.7	40060351	chr12:40059768-40060502	NA	NA	0.84	1.00	NA	NA	0.92	0.75	NA	NA	NA	NA
ENSMUST00000171530.7|ENSMUSG00000001627|Ifrd1	10916.2	40212938	chr12:40203918-40213218	0.05	0.05	0.06	0.07	0.08	0.06	0.07	0.07	0.07	0.07	0.05	0.05
ENSMUST00000069692.9|ENSMUSG00000055917|Zfp277	50.3	40315568	chr12:40315045-40315719	0.22	0.18	0.40	0.48	0.44	0.30	0.66	0.47	0.33	0.39	0.36	0.28
ENSMUST00000037488.7|ENSMUSG00000035954|Dock4	50.1	40844813	chr12:40844662-40846874	1.00	NA	NA	0.95	NA	NA	NA	1.00	NA	0.70	1.00	1.00
ENSMUST00000043884.5|ENSMUSG00000036295|Lrrn3	101.0	41451957	chr12:41451667-41452195	0.32	0.34	0.32	0.43	1.00	0.33	0.47	0.45	0.40	0.15	0.61	0.49
ENSMUST00000015049.4|ENSMUSG00000014905|Dnajb9	1072.0	44206093	chr12:44205558-44206956	0.36	0.40	0.33	0.41	0.60	0.41	0.44	0.33	0.37	0.35	0.37	0.29
ENSMUST00000043082.15|ENSMUSG00000036257|Pnpla8	525.2	44312175	chr12:44311596-44322532	0.02	0.02	0.03	0.02	0.02	0.02	0.04	0.02	0.02	0.02	0.04	0.04
ENSMUST00000217907.1|ENSMUSG00000020598|Nrcam	2.9	44388095	chr12:44387944-44537346	0.01	0.00	NA	0.00	0.02	0.00	NA	NA	NA	NA	0.00	0.00
ENSMUST00000053768.13|ENSMUSG00000046314|Stxbp6	92.0	44855682	chr12:44852483-44855856	0.27	0.48	0.24	0.17	0.38	0.33	0.88	0.53	0.13	NA	0.35	0.54
ENSMUST00000021333.4|ENSMUSG00000020950|Foxg1	584.0	49386636	chr12:49385928-49386861	NA	0.66	0.60	0.44	0.50	0.91	0.95	0.75	NA	NA	1.00	0.59
ENSMUST00000002765.8|ENSMUSG00000002688|Prkd1	26.9	50341576	chr12:50341230-50342004	0.52	0.54	NA	0.35	0.49	1.00	NA	0.76	NA	0.15	0.70	0.30
ENSMUST00000054308.12|ENSMUSG00000035293|G2e3	43.6	51373743	chr12:51372719-51376986	0.21	NA	NA	0.61	0.43	0.43	NA	NA	NA	0.66	NA	NA
ENSMUST00000164782.9|ENSMUSG00000020953|Coch	3849.6	51605226	chr12:51605029-51605771	0.39	0.40	0.46	0.50	0.41	0.38	0.36	0.46	0.32	0.68	0.72	1.00
ENSMUST00000013130.14|ENSMUSG00000020954|Strn3	582.1	51609878	chr12:51609631-51610105	0.74	0.61	0.48	0.43	1.00	0.53	0.53	0.52	0.50	0.48	0.57	0.61
ENSMUST00000021338.9|ENSMUSG00000020955|Ap4s1	1766.3	51738829	chr12:51738678-51738932	0.20	0.30	0.10	0.36	0.32	0.16	0.23	0.24	0.31	0.24	0.35	0.28
ENSMUST00000042052.8|ENSMUSG00000035247|Hectd1	180.3	51744049	chr12:51743721-51744523	0.71	0.64	0.47	0.60	1.00	0.65	0.69	0.56	0.37	0.58	0.81	0.95
ENSMUST00000040583.6|ENSMUSG00000035181|Heatr5a	57.7	51877001	chr12:51875870-51877314	0.95	0.99	0.54	0.64	0.82	1.00	0.89	1.00	0.92	0.79	1.00	NA
ENSMUST00000021339.7|ENSMUSG00000020956|Dtd2	399.9	51999129	chr12:51997506-51999550	0.04	0.06	0.04	0.05	0.07	0.07	0.05	0.05	0.03	0.03	0.11	0.15
ENSMUST00000219443.1|ENSMUSG00000035133|Arhgap5	153.8	52569466	chr12:52567335-52571975	0.04	0.04	0.06	0.05	0.03	0.05	0.03	0.05	0.04	0.06	0.05	0.11
ENSMUST00000039516.3|ENSMUSG00000035105|Egln3	31.6	54179883	chr12:54178980-54180626	0.14	0.10	0.08	0.12	NA	0.09	NA	NA	0.12	0.12	NA	0.31
ENSMUST00000161592.7|ENSMUSG00000054302|Eapp	148.3	54672474	chr12:54670339-54673585	0.10	0.22	0.14	0.19	0.28	0.17	0.15	0.19	0.14	0.16	0.25	0.24
ENSMUST00000223450.1|ENSMUSG00000062929|Cfl2	13272.1	54860481	chr12:54858808-54861407	0.23	0.16	0.18	0.20	0.17	0.08	0.08	0.17	0.20	0.18	0.11	0.16
ENSMUST00000220578.1|ENSMUSG00000073079|Srp54a	3558.4	55113128	chr12:55112888-55115367	0.03	0.03	0.03	0.03	0.06	0.04	0.04	0.03	0.04	0.03	0.05	0.05
ENSMUST00000177768.2|ENSMUSG00000095595|Fam177a	1411.5	55139428	chr12:55138976-55142104	0.24	0.14	0.22	0.22	0.14	0.12	0.14	0.25	0.20	0.23	0.16	0.19
ENSMUST00000110708.3|ENSMUSG00000112449|Srp54b	8487.2	55188148	chr12:55187948-55189573	0.05	0.05	0.04	0.05	0.11	0.07	0.03	0.04	0.05	0.04	0.08	0.07
ENSMUST00000177978.2|ENSMUSG00000094103|Fam177a2	1613.2	55214488	chr12:55214040-55217168	0.23	0.13	0.22	0.21	0.14	0.12	0.14	0.24	0.19	0.23	0.16	0.19
ENSMUST00000218879.1|ENSMUSG00000079108|Srp54c	11577.3	55262383	chr12:55262215-55263836	0.05	0.05	0.04	0.05	0.13	0.07	0.03	0.04	0.05	0.04	0.08	0.07
ENSMUST00000021410.9|ENSMUSG00000021022|Ppp2r3c	18.2	55281042	chr12:55278990-55281619	0.43	0.38	0.79	0.28	0.11	0.11	0.21	0.38	NA	0.37	0.20	0.36
ENSMUST00000162711.1|ENSMUSG00000021024|Psma6	68414.8	55410282	chr12:55410127-55418441	0.04	0.04	0.04	0.04	0.05	0.04	0.04	0.04	0.04	0.04	0.04	0.05
ENSMUST00000021413.8|ENSMUSG00000021025|Nfkbia	13214.6	55489758	chr12:55489409-55489924	0.58	0.61	0.59	0.54	0.69	0.52	0.56	0.49	0.61	0.52	0.57	0.55
ENSMUST00000219419.1|ENSMUSG00000012076|Brms1l	195.1	55861549	chr12:55861398-55869736	0.11	0.07	0.09	0.08	0.19	0.06	0.14	0.08	0.09	0.07	0.07	0.06
ENSMUST00000218118.1|ENSMUSG00000021028|Mbip	22.2	56342235	chr12:56340510-56342391	0.02	0.00	0.00	0.01	0.00	0.00	0.00	0.00	0.00	0.00	0.00	0.00
ENSMUST00000139049.1|ENSMUSG00000079104|Prps1l3	68.4	57239530	chr12:57239379-57239882	1.00	0.70	1.00	0.96	0.89	0.92	0.91	0.82	0.80	0.99	0.72	1.00
ENSMUST00000062254.3|ENSMUSG00000045930|Clec14a	1485.7	58267094	chr12:58264719-58267457	0.31	0.23	0.29	0.34	0.25	0.32	0.25	0.27	0.31	0.31	0.30	0.29
ENSMUST00000021375.11|ENSMUSG00000020986|Sec23a	587.9	58959080	chr12:58958382-58959999	0.40	0.33	0.25	0.31	0.39	0.32	0.65	0.38	0.32	0.28	0.55	0.42
ENSMUST00000021379.7|ENSMUSG00000060121|Gemin2	61.2	59027929	chr12:59027773-59028470	0.63	0.38	0.35	0.47	0.86	0.50	0.40	0.61	0.31	0.71	0.25	NA
ENSMUST00000021381.5|ENSMUSG00000020994|Pnn	71.6	59073015	chr12:59072810-59073998	0.47	0.64	0.40	0.51	0.48	0.81	0.63	0.58	0.45	0.59	0.65	0.69
ENSMUST00000176752.7|ENSMUSG00000021000|Mia2	1000.0	59137884	chr12:59137733-59190222	0.10	0.10	0.09	0.09	0.08	0.08	0.11	0.10	0.09	0.10	0.07	0.07
ENSMUST00000043204.7|ENSMUSG00000035329|Fbxo33	94.8	59201581	chr12:59200654-59202410	0.52	0.30	0.25	0.34	0.37	0.47	0.42	0.23	0.26	0.51	0.45	0.34
ENSMUST00000222508.1|ENSMUSG00000020948|Klhl28	13.8	64941321	chr12:64938832-64943452	NA	NA	0.37	0.48	0.38	NA	1.00	0.30	NA	0.35	0.26	0.36
ENSMUST00000221836.1|ENSMUSG00000035614|Togaram1	228.6	64976879	chr12:64976728-64982457	0.11	0.12	0.09	0.13	0.19	0.08	0.14	0.12	0.17	0.16	0.13	0.10
ENSMUST00000129956.1|ENSMUSG00000035597|Prpf39	369.1	65044124	chr12:65043548-65063386	0.14	NA	0.17	0.16	0.16	0.24	0.21	0.12	0.15	0.16	NA	NA
ENSMUST00000221166.1|ENSMUSG00000020949|Fkbp3	13121.6	65068944	chr12:65062423-65069095	0.08	0.08	0.08	0.10	0.06	0.07	0.09	0.11	0.09	0.09	0.06	0.07
ENSMUST00000223192.1|ENSMUSG00000113149|Gm49383	17997.1	69184432	chr12:69182833-69185893	0.08	0.09	0.07	0.07	0.33	0.13	0.05	0.05	0.07	0.06	0.28	0.23
ENSMUST00000060579.9|ENSMUSG00000043998|Mgat2	1137.9	69186456	chr12:69185979-69186770	0.36	0.38	0.40	0.35	0.44	0.42	0.43	0.42	0.38	0.43	0.73	0.88
ENSMUST00000021356.5|ENSMUSG00000020973|Dnaaf2	30.2	69189602	chr12:69189086-69189890	0.60	0.57	0.31	0.82	1.00	0.63	NA	0.80	0.62	0.72	0.66	NA
ENSMUST00000222699.1|ENSMUSG00000113786|Gm49384	90.0	69192736	chr12:69189838-69192887	0.04	0.01	0.00	0.01	0.01	0.02	0.00	0.00	0.00	0.00	0.00	0.00
ENSMUST00000021362.4|ENSMUSG00000020978|Klhdc2	1083.4	69310424	chr12:69310273-69310687	0.26	0.49	0.43	0.27	0.28	0.28	0.20	0.40	0.27	0.28	0.50	0.57
ENSMUST00000220484.1|ENSMUSG00000020982|Nemf	1009.6	69353732	chr12:69351988-69353883	0.01	0.02	0.02	0.01	0.01	0.01	0.01	0.01	0.02	0.01	0.01	0.01
ENSMUST00000050063.8|ENSMUSG00000044147|Arf6	11229.2	69373483	chr12:69373318-69373783	0.36	0.42	0.34	0.34	0.63	0.50	0.34	0.36	0.38	0.30	0.42	0.48
ENSMUST00000238220.1|ENSMUSG00000049882|Vcpkmt	10.7	69582275	chr12:69577681-69582612	NA	NA	NA	NA	0.25	0.07	NA	NA	NA	NA	0.12	0.08
ENSMUST00000035773.13|ENSMUSG00000034801|Sos2	104.8	69584873	chr12:69583765-69585125	1.00	0.82	0.89	1.00	1.00	1.00	1.00	0.71	1.00	0.51	1.00	1.00
ENSMUST00000223387.1|ENSMUSG00000020988|L2hgdh	9.9	69721311	chr12:69712720-69722182	0.02	0.01	0.01	NA	0.07	NA	NA	NA	NA	NA	0.00	0.00
ENSMUST00000220916.1|ENSMUSG00000054894|Dmac2l	175.3	69743982	chr12:69743830-69744660	0.53	0.66	0.73	0.87	0.60	0.71	0.68	0.60	0.62	0.57	0.59	0.76
ENSMUST00000110567.7|ENSMUSG00000034761|Map4k5	103.3	69804808	chr12:69803749-69805266	0.83	0.78	0.71	0.80	0.90	0.83	1.00	0.68	0.94	0.83	0.88	0.83
ENSMUST00000021466.9|ENSMUSG00000021066|Atl1	49.0	69963847	chr12:69963335-69966417	0.13	0.15	0.35	0.16	0.52	0.08	0.29	0.16	0.12	NA	0.11	0.05
ENSMUST00000021467.7|ENSMUSG00000021067|Sav1	48.3	69965991	chr12:69965011-69966142	0.58	NA	0.78	0.77	0.48	NA	0.79	0.50	0.28	NA	0.47	0.64
ENSMUST00000221579.1|ENSMUSG00000021068|Nin	7.4	70020833	chr12:70017573-70021002	NA	NA	NA	0.11	0.04	NA	0.03	0.08	0.03	0.07	NA	NA
ENSMUST00000167755.2|ENSMUSG00000021071|Trim9	15.3	70266295	chr12:70263731-70266487	0.52	0.18	0.19	0.19	0.06	0.14	0.20	0.28	NA	NA	0.14	0.15
ENSMUST00000021471.12|ENSMUSG00000021072|Tmx1	2563.7	70467346	chr12:70466153-70468040	0.27	0.33	0.29	0.30	0.41	0.32	0.42	0.28	0.30	0.35	0.32	0.30
ENSMUST00000057859.8|ENSMUSG00000048285|Frmd6	337.6	70900372	chr12:70899665-70902234	1.00	1.00	0.94	0.82	1.00	1.00	1.00	1.00	0.72	1.00	1.00	1.00
ENSMUST00000220582.1|ENSMUSG00000021076|Actr10	6028.1	70943517	chr12:70942310-70953031	0.35	0.32	0.33	0.37	0.23	0.27	0.34	0.30	0.36	0.35	0.28	0.33
ENSMUST00000162626.7|ENSMUSG00000060073|Psma3	113188.8	70988489	chr12:70978816-70994921	0.35	NA	NA	NA	0.41	NA	0.34	NA	NA	NA	0.34	0.34
ENSMUST00000046305.11|ENSMUSG00000048118|Arid4a	31.3	71097752	chr12:71097601-71098592	1.00	NA	0.97	0.85	NA	1.00	1.00	0.69	NA	0.59	NA	0.45
ENSMUST00000061273.11|ENSMUSG00000044548|Dact1	276.7	71319785	chr12:71318891-71320107	0.78	0.84	0.56	0.64	1.00	1.00	0.88	0.67	0.65	0.64	NA	0.33
ENSMUST00000223272.1|ENSMUSG00000034574|Daam1	106.7	71990887	chr12:71989885-71992333	NA	1.00	0.84	0.96	0.46	NA	1.00	1.00	NA	0.99	NA	NA
ENSMUST00000019862.2|ENSMUSG00000019718|L3hypdh	110.3	72073724	chr12:72073427-72073913	0.63	0.15	0.26	0.26	0.99	0.38	0.40	0.33	0.42	0.31	0.25	0.08
ENSMUST00000117449.7|ENSMUSG00000005078|Jkamp	33.3	72101227	chr12:72100825-72101461	1.00	NA	0.48	0.50	NA	0.83	NA	0.44	0.42	NA	NA	0.77
ENSMUST00000078505.13|ENSMUSG00000021087|Rtn1	11546.7	72212386	chr12:72211751-72212537	0.46	0.45	0.30	0.29	0.44	0.38	0.31	0.36	0.53	0.61	0.35	0.36
ENSMUST00000044352.7|ENSMUSG00000034501|Pcnx4	15.2	72579825	chr12:72579552-72580119	0.40	NA	0.38	0.29	1.00	0.51	NA	0.20	0.28	NA	NA	1.00
ENSMUST00000220821.1|ENSMUSG00000021094|Dhrs7	21676.6	72656299	chr12:72650409-72656537	0.06	0.06	0.06	0.07	0.08	0.06	0.06	0.06	0.06	0.06	0.07	0.08
ENSMUST00000021514.9|ENSMUSG00000021096|Ppm1a	194.8	72794422	chr12:72793738-72799819	0.03	0.07	0.06	0.06	0.08	0.10	0.07	0.11	0.04	0.03	0.16	0.22
ENSMUST00000050029.7|ENSMUSG00000051367|Six1	515.7	73042606	chr12:73041826-73043537	0.16	0.23	0.38	0.37	0.57	0.56	0.57	0.49	0.47	0.34	NA	NA
ENSMUST00000189644.6|ENSMUSG00000021103|Mnat1	78.8	73179392	chr12:73179241-73272851	0.02	0.02	0.02	0.03	0.01	0.02	0.02	0.02	0.02	0.02	0.01	0.01
ENSMUST00000116420.3|ENSMUSG00000034442|Trmt5	13.1	73280386	chr12:73280010-73280552	0.31	NA	NA	NA	0.91	0.32	0.17	0.44	NA	0.35	NA	NA
ENSMUST00000042975.6|ENSMUSG00000034435|Tmem30b	60.7	73544476	chr12:73543401-73545280	0.55	NA	0.62	0.98	NA	0.57	0.65	0.64	0.76	0.75	NA	NA
ENSMUST00000110461.7|ENSMUSG00000021109|Hif1a	3268.1	73946749	chr12:73945700-73947530	0.20	0.28	0.21	0.22	0.30	0.24	0.27	0.22	0.25	0.26	0.49	0.48
ENSMUST00000110451.3|ENSMUSG00000044912|Syt16	527.0	74162876	chr12:74162066-74267911	NA	0.02	0.02	0.02	0.02	0.01	NA	0.02	NA	NA	0.02	0.02
ENSMUST00000172981.1|ENSMUSG00000046768|Rhoj	2632.0	75394121	chr12:75393970-75400212	0.00	0.00	0.00	0.01	0.01	0.00	0.00	0.01	0.00	0.00	0.01	0.00
ENSMUST00000218012.1|ENSMUSG00000021051|Ppp2r5e	43.6	75493332	chr12:75459687-75493483	0.05	0.06	0.06	0.04	0.03	0.05	0.09	0.04	0.05	0.05	0.03	0.06
ENSMUST00000062370.8|ENSMUSG00000045690|Wdr89	63.6	75631909	chr12:75630595-75632320	0.25	0.46	0.42	0.46	NA	0.78	0.32	0.29	0.67	0.39	1.00	1.00
ENSMUST00000132161.1|ENSMUSG00000063450|Syne2	218.5	76107675	chr12:76107487-76110926	0.25	NA	0.26	0.21	0.17	0.16	0.23	0.22	0.19	0.22	0.15	0.23
ENSMUST00000176102.7|ENSMUSG00000056459|Zbtb25	17.6	76348978	chr12:76347781-76349129	0.16	0.18	0.34	0.37	0.04	0.16	0.06	0.49	0.21	0.09	0.17	0.68
ENSMUST00000042779.3|ENSMUSG00000033454|Zbtb1	16.6	76388310	chr12:76387380-76396950	0.02	0.04	0.06	0.02	0.02	0.02	0.03	0.09	0.03	0.02	NA	0.05
ENSMUST00000080449.6|ENSMUSG00000059970|Hspa2	297.3	76406698	chr12:76406432-76406938	0.34	0.33	0.43	0.47	0.56	0.43	0.93	0.46	0.47	0.37	0.63	0.55
ENSMUST00000075249.5|ENSMUSG00000052609|Plekhg3	17.6	76578668	chr12:76578405-76579042	NA	NA	0.82	0.46	NA	NA	0.28	0.40	0.44	0.42	NA	NA
ENSMUST00000021458.12|ENSMUSG00000021061|Sptb	316.6	76583076	chr12:76580487-76583227	NA	NA	1.00	NA	NA	NA	NA	1.00	NA	NA	1.00	1.00
ENSMUST00000110399.2|ENSMUSG00000090258|Churc1	2707.2	76782998	chr12:76782847-76783147	0.28	0.33	0.32	0.31	0.36	0.30	0.28	0.27	0.29	0.38	0.40	0.36
ENSMUST00000021459.13|ENSMUSG00000021062|Rab15	2975.5	76800094	chr12:76797959-76800245	1.00	0.93	0.92	0.84	1.00	0.99	1.00	0.99	1.00	0.93	1.00	1.00
ENSMUST00000110395.10|ENSMUSG00000059436|Max	191.2	76937938	chr12:76937268-76938570	0.78	0.59	0.64	0.57	1.00	0.78	0.68	0.75	0.58	0.74	0.78	0.94
ENSMUST00000062804.7|ENSMUSG00000021065|Fut8	1350.8	77475758	chr12:77475313-77476338	0.09	0.12	0.13	0.09	0.40	0.20	0.13	0.12	0.11	0.08	0.24	0.19
ENSMUST00000052472.5|ENSMUSG00000047454|Gphn	53.1	78684392	chr12:78683908-78684772	0.67	0.70	0.50	0.66	0.65	0.60	0.70	0.62	0.89	0.73	0.56	0.85
ENSMUST00000219197.1|ENSMUSG00000021112|Mpp5	103.1	78819391	chr12:78819240-78840586	0.06	0.05	0.07	0.04	0.12	0.04	0.06	0.05	0.03	0.04	0.05	0.04
ENSMUST00000021536.8|ENSMUSG00000021114|Atp6v1d	5073.4	78843163	chr12:78840724-78843471	0.02	0.02	0.01	0.02	0.04	0.02	0.02	0.01	0.02	0.01	0.02	0.02
ENSMUST00000071230.7|ENSMUSG00000021116|Eif2s1	2607.5	78885168	chr12:78884913-78887010	0.06	0.05	0.05	0.06	0.05	0.04	0.04	0.07	0.08	0.06	0.07	0.07
ENSMUST00000070174.13|ENSMUSG00000046157|Tmem229b	55.1	78963940	chr12:78961794-78964654	0.97	0.73	0.79	0.79	NA	1.00	NA	0.99	0.96	0.83	0.91	1.00
ENSMUST00000021550.6|ENSMUSG00000021125|Arg2	82.4	79156179	chr12:79156028-79156301	0.42	1.00	0.48	0.36	0.55	0.82	0.33	0.55	NA	NA	1.00	1.00
ENSMUST00000162789.8|ENSMUSG00000021124|Vti1b	302891.2	79164941	chr12:79156169-79165092	0.03	0.03	0.03	0.03	0.03	0.03	0.03	0.03	0.03	0.03	0.03	0.03
ENSMUST00000159500.1|ENSMUSG00000066441|Rdh11	455.7	79188430	chr12:79176164-79188581	0.10	0.11	0.13	0.08	0.08	0.11	0.14	0.09	0.09	0.09	0.13	0.07
ENSMUST00000021552.2|ENSMUSG00000021127|Zfp36l1	3844.2	80109440	chr12:80107753-80109591	1.00	1.00	0.97	0.85	1.00	1.00	1.00	1.00	0.72	1.00	1.00	1.00
ENSMUST00000054145.7|ENSMUSG00000049106|Dcaf5	226.1	80337004	chr12:80335847-80338512	0.41	0.68	0.40	0.32	1.00	0.56	0.52	0.52	0.29	0.30	1.00	0.88
ENSMUST00000219267.1|ENSMUSG00000021130|Galnt16	9.2	80603778	chr12:80601829-80630972	NA	0.01	0.00	0.00	NA	0.00	NA	NA	0.00	0.00	0.00	0.00
ENSMUST00000219706.1|ENSMUSG00000048833|Slc39a9	168.8	80679940	chr12:80679702-80683342	0.64	0.79	0.72	0.93	0.86	0.79	1.00	0.78	0.69	0.70	0.68	1.00
ENSMUST00000073251.7|ENSMUSG00000062961|Ccdc177	38.7	80755991	chr12:80754042-80757380	NA	0.33	NA	0.08	NA	NA	NA	NA	NA	NA	0.23	0.21
ENSMUST00000068519.6|ENSMUSG00000021133|Susd6	669.2	80878154	chr12:80877118-80880835	1.00	0.83	0.94	0.91	1.00	1.00	1.00	1.00	0.78	0.95	1.00	0.90
ENSMUST00000094693.10|ENSMUSG00000021134|Srsf5	9163.8	80950242	chr12:80949975-80950507	0.54	0.41	0.36	0.35	0.93	0.57	0.35	0.34	0.47	0.40	0.54	0.57
ENSMUST00000110347.8|ENSMUSG00000021136|Smoc1	9399.6	81184713	chr12:81184562-81186414	0.95	0.83	1.00	0.93	0.75	0.86	1.00	1.00	0.90	0.99	NA	NA
ENSMUST00000085238.12|ENSMUSG00000079055|Slc8a3	86.4	81198304	chr12:81197914-81199493	NA	NA	0.48	0.37	NA	NA	1.00	0.53	0.86	0.42	NA	NA
ENSMUST00000171459.7|ENSMUSG00000021139|Gm20498	990.1	81499316	chr12:81474558-81504583	0.04	0.06	0.05	0.06	0.11	0.08	0.12	0.06	0.05	0.05	0.11	0.09
ENSMUST00000164431.1|ENSMUSG00000090935|Synj2bp	3264.3	81504432	chr12:81499141-81504583	0.67	0.75	0.92	0.81	0.74	0.86	0.51	0.81	0.61	0.76	0.77	0.88
ENSMUST00000161598.7|ENSMUSG00000002679|Med6	404.6	81573760	chr12:81573559-81573911	0.32	0.35	0.34	0.27	0.36	0.43	0.30	0.31	0.26	0.29	0.51	0.51
ENSMUST00000218362.1|ENSMUSG00000042734|Ttc9	111.7	81664737	chr12:81663592-81667557	0.06	0.31	0.22	0.23	0.12	0.12	0.11	0.16	0.22	0.15	0.26	0.39
ENSMUST00000223291.1|ENSMUSG00000021222|Dcaf4	89.6	83541775	chr12:83541624-83541920	0.38	0.33	0.48	0.35	0.35	0.41	0.44	0.39	0.25	0.27	0.54	0.42
ENSMUST00000221919.1|ENSMUSG00000042628|Zfyve1	21.4	83547251	chr12:83546557-83547885	NA	NA	0.29	0.20	0.29	NA	NA	0.20	0.06	0.15	NA	0.29
ENSMUST00000182450.7|ENSMUSG00000010608|Rbm25	2648.6	83668508	chr12:83651652-83682020	0.51	NA	0.65	NA	0.36	NA	0.48	0.55	NA	0.67	NA	NA
ENSMUST00000101225.1|ENSMUSG00000019969|Psen1	1956.4	83734753	chr12:83734068-83735199	0.57	0.58	0.38	0.41	0.89	0.55	0.50	0.44	0.53	0.45	0.67	0.56
ENSMUST00000110298.8|ENSMUSG00000021224|Numb	492.3	83808083	chr12:83794035-83808234	0.07	0.07	0.08	0.07	0.05	0.05	0.05	0.07	0.09	0.09	0.05	0.07
ENSMUST00000053744.8|ENSMUSG00000046791|Riox1	51.8	83952683	chr12:83952500-83952951	0.26	0.43	0.17	0.28	0.59	0.47	0.27	0.40	0.31	0.49	0.46	0.61
ENSMUST00000021649.7|ENSMUSG00000021226|Acot2	25.4	83993539	chr12:83993077-83993873	NA	NA	0.19	0.44	NA	1.00	NA	0.53	1.00	0.46	0.32	NA
ENSMUST00000168120.2|ENSMUSG00000072949|Acot1	147.3	84017527	chr12:84017376-84018371	0.08	0.08	0.05	0.04	0.05	0.06	0.02	0.02	0.05	0.01	0.10	0.12
ENSMUST00000222606.1|ENSMUSG00000042472|Zfp410	927.2	84325872	chr12:84325721-84343720	0.14	0.14	0.15	0.14	0.25	0.16	0.13	0.14	0.14	0.15	0.13	0.16
ENSMUST00000152913.7|ENSMUSG00000021235|Coq6	1619.2	84371593	chr12:84371442-84373792	0.25	0.23	0.29	0.19	0.28	0.25	0.34	0.24	0.31	0.22	0.25	0.37
ENSMUST00000021662.11|ENSMUSG00000021236|Entpd5	81.7	84376933	chr12:84373856-84377296	0.44	0.63	0.52	0.50	0.37	0.40	0.43	0.64	0.46	0.47	0.46	0.60
ENSMUST00000183146.1|ENSMUSG00000098134|Rnf113a2	121.8	84418497	chr12:84418346-84418578	0.10	0.11	0.11	0.07	0.22	0.27	0.00	0.07	0.24	0.18	0.34	0.24
ENSMUST00000085192.6|ENSMUSG00000021238|Aldh6a1	1164.5	84432295	chr12:84430716-84432446	1.00	0.95	0.80	0.85	1.00	1.00	0.96	1.00	0.79	0.75	1.00	1.00
ENSMUST00000137170.2|ENSMUSG00000085793|Lin52	327.9	84530657	chr12:84529742-84531573	0.86	0.86	0.81	0.66	1.00	1.00	0.70	0.83	0.64	0.82	0.93	0.82
ENSMUST00000095550.3|ENSMUSG00000071234|Syndig1l	1162.4	84678324	chr12:84677276-84678719	0.02	0.10	0.09	0.10	0.13	0.08	0.08	0.08	0.08	0.06	0.11	0.09
ENSMUST00000021668.9|ENSMUSG00000021242|Npc2	60812.7	84756678	chr12:84754561-84757128	0.05	0.04	0.05	0.05	0.07	0.05	0.03	0.03	0.06	0.06	0.06	0.07
ENSMUST00000021667.6|ENSMUSG00000021241|Isca2	2754.2	84774869	chr12:84774714-84775085	0.40	0.36	0.34	0.30	0.64	0.47	0.26	0.33	0.29	0.29	0.47	0.46
ENSMUST00000002073.12|ENSMUSG00000002020|Ltbp2	3417.5	84783521	chr12:84783211-84784252	0.96	1.00	0.64	0.60	1.00	0.97	0.81	0.67	0.78	0.70	NA	NA
ENSMUST00000163231.7|ENSMUSG00000042350|Arel1	319.1	84926233	chr12:84918147-84926405	0.34	0.17	0.23	0.23	0.26	0.35	0.38	0.23	0.28	0.25	0.26	0.29
ENSMUST00000164558.7|ENSMUSG00000021244|Ylpm1	6.0	85065136	chr12:85064985-85070492	0.08	0.00	0.03	0.02	0.05	0.01	0.04	0.03	0.02	0.02	0.01	0.01
ENSMUST00000223332.1|ENSMUSG00000004789|Dlst	2321.7	85119344	chr12:85118535-85128337	0.23	0.23	0.24	0.27	0.22	0.21	0.24	0.24	0.23	0.24	0.22	0.22
ENSMUST00000019379.8|ENSMUSG00000019235|Rps6kl1	1247.5	85135925	chr12:85135639-85136785	NA	0.98	0.91	NA	NA	NA	0.51	NA	NA	NA	0.74	0.55
ENSMUST00000223220.1|ENSMUSG00000004791|Pgf	806.7	85166869	chr12:85166634-85167413	0.43	0.51	0.43	0.55	1.00	0.51	0.45	0.38	0.47	0.48	0.67	0.69
ENSMUST00000004910.11|ENSMUSG00000004788|Eif2b2	2577.4	85226350	chr12:85226157-85226628	0.15	0.19	0.13	0.16	0.30	0.17	0.10	0.12	0.21	0.12	0.25	0.33
ENSMUST00000008966.12|ENSMUSG00000008822|Acyp1	699.0	85272463	chr12:85272397-85272614	0.13	0.22	0.21	0.08	0.31	0.27	0.09	0.16	0.34	0.37	0.16	0.24
ENSMUST00000040992.7|ENSMUSG00000034290|Nek9	405.5	85301655	chr12:85299513-85301806	1.00	1.00	1.00	1.00	0.91	1.00	1.00	1.00	1.00	0.99	1.00	1.00
ENSMUST00000040766.8|ENSMUSG00000021248|Tmed10	83996.0	85343087	chr12:85342787-85343430	0.46	0.49	0.39	0.47	0.77	0.52	0.40	0.41	0.51	0.48	0.61	0.53
ENSMUST00000021674.6|ENSMUSG00000021250|Fos	216105.1	85476823	chr12:85476455-85477273	0.62	0.60	0.50	0.45	0.85	0.77	0.52	0.58	0.50	0.51	0.68	0.58
ENSMUST00000177587.8|ENSMUSG00000034271|Jdp2	1248.8	85639514	chr12:85638955-85639878	0.24	0.32	0.30	0.21	1.00	0.37	0.26	0.24	0.24	0.25	0.40	0.36
ENSMUST00000040536.5|ENSMUSG00000034266|Batf	436.0	85708900	chr12:85708749-85709087	0.34	0.24	0.26	0.30	0.47	0.51	0.25	0.23	0.19	0.33	NA	NA
ENSMUST00000040461.3|ENSMUSG00000034258|Flvcr2	150.9	85812413	chr12:85812116-85813585	0.92	0.60	0.78	0.82	0.78	0.75	0.99	0.65	0.62	0.57	0.74	0.70
ENSMUST00000021676.11|ENSMUSG00000021252|Erg28	1998.6	85815764	chr12:85815447-85816116	0.54	0.59	0.58	0.60	0.56	0.52	0.49	0.44	0.54	0.57	0.57	0.58
ENSMUST00000003687.7|ENSMUSG00000021253|Tgfb3	1334.7	86057217	chr12:86056744-86057782	0.32	0.50	0.52	0.68	0.89	0.63	0.79	0.60	0.60	0.63	0.91	0.71
ENSMUST00000221368.1|ENSMUSG00000021254|Gpatch2l	75.5	86290054	chr12:86288972-86291784	0.48	0.67	0.77	0.64	0.95	0.74	NA	0.66	0.55	0.86	0.98	0.64
ENSMUST00000021682.8|ENSMUSG00000021257|Angel1	33.1	86702115	chr12:86700501-86702283	1.00	1.00	0.82	0.61	1.00	0.63	1.00	0.72	0.57	1.00	NA	1.00
ENSMUST00000038422.7|ENSMUSG00000034168|Irf2bpl	678.3	86881331	chr12:86880700-86881572	0.43	0.49	0.25	0.23	0.93	0.41	0.30	0.35	0.43	0.31	0.43	0.58
ENSMUST00000110176.1|ENSMUSG00000021032|Ngb	764.2	87099995	chr12:87098024-87100165	NA	0.09	NA	NA	0.07	NA	NA	NA	NA	NA	0.09	0.10
ENSMUST00000222634.1|ENSMUSG00000034126|Pomt2	536.1	87111336	chr12:87108803-87111499	0.20	0.16	0.23	0.21	0.19	0.12	NA	0.16	0.19	0.19	NA	NA
ENSMUST00000063117.9|ENSMUSG00000021033|Gstz1	388.4	87164315	chr12:87163827-87164723	0.49	0.48	0.48	0.33	0.55	0.56	0.54	0.49	0.44	0.69	0.52	0.66
ENSMUST00000037418.6|ENSMUSG00000034111|Tmed8	21.5	87171177	chr12:87166236-87172416	NA	NA	NA	1.00	NA	NA	NA	0.64	NA	1.00	1.00	NA
ENSMUST00000072744.14|ENSMUSG00000021038|Vipas39	235.0	87239223	chr12:87238872-87239818	0.49	0.75	0.58	0.60	0.94	0.71	0.82	0.50	0.52	0.67	0.70	0.71
ENSMUST00000021425.7|ENSMUSG00000021037|Ahsa1	8820.0	87273911	chr12:87273760-87273979	0.25	0.21	0.18	0.19	0.23	0.24	0.16	0.14	0.21	0.16	0.27	0.27
ENSMUST00000021424.4|ENSMUSG00000021036|Sptlc2	87.3	87309752	chr12:87305057-87309903	0.07	0.11	0.17	0.15	0.05	0.06	0.11	0.27	0.16	0.14	0.08	0.18
ENSMUST00000160113.7|ENSMUSG00000079036|Alkbh1	133.4	87441608	chr12:87428076-87441759	0.22	0.23	NA	NA	0.17	NA	NA	NA	NA	0.21	NA	NA
ENSMUST00000161023.7|ENSMUSG00000021040|Slirp	4649.9	87450969	chr12:87449875-87452206	0.01	0.00	NA	NA	0.00	0.00	0.00	0.00	0.00	NA	0.00	0.00
ENSMUST00000021428.8|ENSMUSG00000021039|Snw1	761.8	87450178	chr12:87449909-87450520	0.64	0.54	0.41	0.30	0.93	0.78	0.41	0.49	0.52	0.47	0.93	0.69
ENSMUST00000222695.1|ENSMUSG00000021044|Adck1	171.3	88461457	chr12:88461189-88461720	0.56	0.40	0.43	0.36	0.73	0.60	0.25	0.42	0.38	0.33	0.58	0.66
ENSMUST00000082432.4|ENSMUSG00000007682|Dio2	533.0	90728263	chr12:90724551-90729414	0.26	0.33	0.35	0.41	NA	0.36	0.85	0.32	0.31	0.34	0.35	0.45
ENSMUST00000021345.13|ENSMUSG00000020962|Gtf2a1	171.1	91559595	chr12:91555261-91559746	NA	1.00	0.98	0.96	0.94	1.00	NA	1.00	1.00	1.00	1.00	1.00
ENSMUST00000052969.14|ENSMUSG00000020961|Ston2	25.9	91638739	chr12:91633008-91639724	NA	0.07	0.17	0.13	NA	NA	0.17	0.13	0.13	0.16	NA	NA
ENSMUST00000021347.11|ENSMUSG00000020964|Sel1l	629.6	91808688	chr12:91806042-91809846	0.56	0.64	0.62	0.54	0.67	0.52	0.73	0.52	0.48	0.56	0.86	0.88
ENSMUST00000057324.3|ENSMUSG00000047414|Flrt2	201.7	95783391	chr12:95780869-95785215	0.94	0.61	0.70	0.74	0.92	0.87	1.00	0.88	0.47	0.56	NA	0.74
ENSMUST00000021390.8|ENSMUSG00000021003|Galc	132.9	98203616	chr12:98202293-98203943	0.58	0.80	0.60	0.56	0.89	0.97	0.74	0.38	0.55	0.60	0.72	0.82
ENSMUST00000075072.5|ENSMUSG00000021886|Gpr65	110.8	98276381	chr12:98276100-98276644	NA	NA	0.51	0.43	0.40	0.85	NA	0.31	0.37	0.31	NA	NA
ENSMUST00000221148.1|ENSMUSG00000021009|Ptpn21	7.8	98688189	chr12:98678478-98689499	NA	NA	0.03	0.04	NA	NA	0.01	NA	0.03	0.05	0.02	NA
ENSMUST00000223451.1|ENSMUSG00000021012|Zc3h14	2744.6	98783742	chr12:98783591-98784992	0.00	0.00	0.00	0.00	0.00	0.00	0.00	0.00	0.00	0.00	0.00	0.00
ENSMUST00000079146.12|ENSMUSG00000021013|Ttc8	122.7	98982921	chr12:98982571-98983238	0.41	0.42	0.35	0.39	1.00	0.58	0.54	0.27	0.59	0.31	0.65	0.57
ENSMUST00000222458.1|ENSMUSG00000033713|Foxn3	505.9	99209459	chr12:99196410-99219636	0.25	NA	NA	0.03	NA	0.21	0.04	0.00	0.01	0.00	NA	NA
ENSMUST00000160413.7|ENSMUSG00000045404|Kcnk13	112.1	100062349	chr12:100061882-100062682	NA	NA	0.44	0.16	0.93	0.46	0.42	NA	0.40	0.35	0.85	NA
ENSMUST00000021595.9|ENSMUSG00000021178|Psmc1	18331.2	100123340	chr12:100123189-100123405	0.22	0.15	0.20	0.15	0.09	0.16	0.16	0.14	0.24	0.15	0.15	0.13
ENSMUST00000110082.10|ENSMUSG00000001175|Calm1	438114.8	100207106	chr12:100206425-100209814	0.06	0.27	0.31	0.34	0.11	0.16	0.21	0.35	0.13	0.11	0.58	0.75
ENSMUST00000062957.7|ENSMUSG00000033530|Ttc7b	2330.0	100301178	chr12:100300769-100301551	0.54	0.57	0.52	0.51	0.89	0.54	0.70	0.59	0.56	0.63	0.68	0.64
ENSMUST00000124957.1|ENSMUSG00000021185|Dglucy	36.3	100872123	chr12:100871450-100875399	0.02	0.04	0.02	0.02	0.05	0.04	0.03	0.02	0.03	0.02	0.08	0.08
ENSMUST00000021603.8|ENSMUSG00000021186|Fbln5	375.9	101750149	chr12:101746564-101750744	0.02	0.02	0.01	0.02	0.05	0.03	0.01	0.01	0.01	0.02	0.02	NA
ENSMUST00000047357.9|ENSMUSG00000041781|Cpsf2	59.6	102003848	chr12:102003218-102006424	0.26	0.23	0.31	0.23	0.20	0.17	0.37	0.31	0.28	0.20	0.19	0.39
ENSMUST00000110020.7|ENSMUSG00000021190|Lgmn	79524.5	102394297	chr12:102394083-102394572	0.50	0.45	0.34	0.39	0.83	0.63	0.38	0.34	0.39	0.39	0.53	0.58
ENSMUST00000021609.9|ENSMUSG00000021192|Golga5	157.8	102497675	chr12:102497524-102497907	0.63	0.35	0.28	0.35	0.79	0.63	0.70	0.47	0.46	0.40	0.40	0.60
ENSMUST00000021610.6|ENSMUSG00000021194|Chga	143.9	102564848	chr12:102564690-102565028	0.23	0.28	0.21	0.38	NA	0.42	0.28	0.25	NA	NA	0.52	0.47
ENSMUST00000046518.11|ENSMUSG00000057963|Itpk1	764.2	102569977	chr12:102568581-102570128	0.97	1.00	1.00	1.00	1.00	1.00	1.00	1.00	1.00	0.97	1.00	1.00
ENSMUST00000174651.1|ENSMUSG00000041716|Gm20604	485.2	102743223	chr12:102741731-102743374	1.00	1.00	1.00	1.00	1.00	1.00	1.00	1.00	1.00	1.00	1.00	1.00
ENSMUST00000057416.7|ENSMUSG00000046675|Tmem251	170.0	102745242	chr12:102745008-102747561	0.04	0.06	0.02	0.02	0.03	0.04	0.02	0.03	0.04	0.04	0.03	0.04
ENSMUST00000173969.1|ENSMUSG00000091931|Gon7	184.6	102753700	chr12:102753274-102754077	0.20	0.38	0.11	0.16	0.91	0.35	0.14	0.32	0.27	0.23	0.30	0.36
ENSMUST00000046404.7|ENSMUSG00000041712|Ubr7	186.3	102776295	chr12:102775783-102777707	0.88	0.81	0.73	0.84	0.79	0.87	1.00	0.95	0.91	0.86	1.00	1.00
ENSMUST00000223554.1|ENSMUSG00000041702|Btbd7	47.0	102784962	chr12:102780796-102785113	1.00	0.76	0.93	0.75	NA	0.48	0.71	1.00	0.59	0.94	NA	0.73
ENSMUST00000191218.6|ENSMUSG00000096753|Fam181a	9.4	103316864	chr12:103316713-103317065	NA	0.25	NA	NA	0.65	NA	NA	NA	NA	NA	0.51	0.45
ENSMUST00000179684.2|ENSMUSG00000021203|Otub2	156.8	103404580	chr12:103404429-103406350	0.91	1.00	1.00	1.00	1.00	1.00	1.00	1.00	0.94	1.00	0.94	1.00
ENSMUST00000043315.14|ENSMUSG00000041481|Serpina3g	150.5	104241668	chr12:104241323-104241939	0.07	NA	0.35	0.50	0.69	0.72	0.47	0.33	0.42	0.51	NA	NA
ENSMUST00000021506.5|ENSMUSG00000021091|Serpina3n	322.3	104414086	chr12:104413603-104414329	0.61	0.51	0.52	0.39	1.00	0.72	0.28	0.22	0.38	0.64	0.39	0.74
ENSMUST00000021522.4|ENSMUSG00000021102|Glrx5	8224.7	105040699	chr12:105040447-105042906	0.02	0.02	0.02	0.01	0.03	0.02	0.01	0.02	0.02	0.02	0.03	0.03
ENSMUST00000178224.1|ENSMUSG00000094910|D430019H16Rik	566.7	105488125	chr12:105487826-105493095	NA	NA	0.48	NA	NA	NA	NA	NA	NA	0.37	1.00	0.78
ENSMUST00000041229.4|ENSMUSG00000041347|Bdkrb1	25.3	105605329	chr12:105605178-105605428	1.00	0.73	0.63	0.83	NA	0.96	0.63	0.79	0.85	0.67	NA	NA
ENSMUST00000221015.1|ENSMUSG00000041341|Atg2b	14.6	105616622	chr12:105616135-105617075	0.75	1.00	0.63	0.62	0.42	NA	1.00	0.66	NA	0.61	NA	0.60
ENSMUST00000051934.6|ENSMUSG00000044715|Gskip	597.3	105701676	chr12:105700796-105703023	0.15	0.17	0.11	0.15	0.15	0.13	0.16	0.16	0.16	0.15	0.17	0.25
ENSMUST00000169938.7|ENSMUSG00000021111|Papola	2410.7	105809662	chr12:105809351-105838944	0.05	0.05	0.06	0.07	0.04	0.05	0.07	0.06	0.06	0.07	0.04	0.05
ENSMUST00000066060.10|ENSMUSG00000048251|Bcl11b	76.1	107912767	chr12:107910402-107915402	NA	NA	0.07	0.29	0.00	NA	0.08	NA	NA	NA	0.06	0.05
ENSMUST00000132682.7|ENSMUSG00000056770|Setd3	1210.4	108157753	chr12:108107037-108158301	0.01	0.01	0.01	0.01	0.01	0.01	0.01	0.01	0.01	0.01	0.01	0.01
ENSMUST00000054955.13|ENSMUSG00000058070|Eml1	258.0	108538386	chr12:108538225-108539575	0.98	1.00	1.00	1.00	0.86	0.91	1.00	1.00	1.00	0.96	1.00	1.00
ENSMUST00000077735.12|ENSMUSG00000021262|Evl	1632.4	108688286	chr12:108688063-108688516	0.64	0.38	0.40	0.33	0.86	0.61	0.44	0.29	0.40	0.19	0.55	0.58
ENSMUST00000167978.8|ENSMUSG00000021263|Degs2	483.8	108688903	chr12:108688238-108689054	0.85	0.79	1.00	1.00	NA	NA	1.00	0.80	NA	NA	1.00	1.00
ENSMUST00000021692.8|ENSMUSG00000021264|Yy1	53.1	108816363	chr12:108815652-108820148	0.29	0.16	0.33	0.34	0.11	0.09	0.42	0.35	0.35	0.29	0.50	0.27
ENSMUST00000021693.3|ENSMUSG00000021265|Slc25a29	129.8	108826177	chr12:108825872-108826732	0.70	0.56	0.63	0.46	0.69	0.82	0.38	0.48	0.57	0.79	0.84	1.00
ENSMUST00000220495.1|ENSMUSG00000040877|Wdr25	0.9	108980894	chr12:108980743-108992884	0.00	0.00	NA	NA	0.02	0.01	NA	0.00	NA	NA	0.00	0.00
ENSMUST00000209829.1|ENSMUSG00000040867|Begain	7381.4	109032410	chr12:109032186-109032986	0.38	0.48	0.40	0.52	0.90	0.69	0.72	0.55	0.43	0.45	0.76	0.84
ENSMUST00000018851.13|ENSMUSG00000018707|Dync1h1	1482.7	110666839	chr12:110666688-110666945	0.22	0.32	0.22	0.20	0.38	0.41	0.24	0.29	0.24	0.27	0.34	0.42
ENSMUST00000094361.10|ENSMUSG00000021270|Hsp90aa1	1327.5	110691226	chr12:110690604-110691542	0.49	0.48	NA	NA	0.28	NA	0.14	0.09	NA	NA	0.30	0.66
ENSMUST00000084974.10|ENSMUSG00000056458|Mok	25.1	110807892	chr12:110807797-110808043	NA	NA	NA	0.41	0.47	0.37	0.18	0.35	NA	NA	0.40	0.44
ENSMUST00000084968.13|ENSMUSG00000037896|Rcor1	100.6	111113120	chr12:111111912-111115901	0.53	0.40	0.30	0.31	0.74	0.32	0.79	0.42	0.33	0.38	0.27	0.61
ENSMUST00000117269.7|ENSMUSG00000021277|Traf3	126.2	111262306	chr12:111262057-111267153	0.32	0.61	1.00	1.00	0.45	0.51	0.56	0.91	0.86	0.81	0.59	0.77
ENSMUST00000223050.1|ENSMUSG00000021280|Exoc3l4	226.5	111431022	chr12:111430849-111431678	0.08	0.12	0.15	0.08	0.14	0.11	0.12	0.15	0.07	0.23	NA	NA
ENSMUST00000174692.7|ENSMUSG00000021281|Tnfaip2	14708.2	111451472	chr12:111448253-111453825	0.00	0.01	0.00	0.00	0.02	0.00	0.00	0.00	0.00	0.00	NA	NA
ENSMUST00000010673.6|ENSMUSG00000010529|Gm266	41.8	111484895	chr12:111484608-111485170	0.65	0.29	0.23	0.30	NA	0.36	0.35	0.27	0.44	0.38	0.72	0.74
ENSMUST00000222757.1|ENSMUSG00000021282|Eif5	55490.4	111540302	chr12:111539887-111544921	0.32	NA	0.25	0.23	0.27	NA	0.10	0.25	0.25	0.30	NA	NA
ENSMUST00000222870.1|ENSMUSG00000007411|Mark3	1668.8	111618487	chr12:111618336-111627234	0.08	0.07	0.07	0.09	0.11	0.06	0.11	0.09	0.06	0.08	0.07	0.06
ENSMUST00000001304.8|ENSMUSG00000001270|Ckb	3253954.0	111669414	chr12:111669360-111669565	0.22	0.21	0.20	0.21	0.40	0.28	0.21	0.21	0.23	0.24	0.32	0.30
ENSMUST00000084947.9|ENSMUSG00000060950|Trmt61a	122.8	111683515	chr12:111682866-111683902	0.70	0.61	0.75	0.57	1.00	1.00	NA	0.51	0.51	0.44	NA	0.59
ENSMUST00000054636.6|ENSMUSG00000049792|Bag5	550.2	111709829	chr12:111709487-111710046	0.60	0.38	0.45	0.35	0.73	0.64	0.32	0.41	0.41	0.35	0.59	0.50
ENSMUST00000021714.8|ENSMUSG00000021286|Zfyve21	5812.0	111828091	chr12:111827850-111828386	0.47	0.43	0.37	0.38	0.67	0.57	0.36	0.39	0.48	0.43	0.52	0.50
ENSMUST00000054815.14|ENSMUSG00000021285|Ppp1r13b	167.1	111828713	chr12:111828456-111829344	0.66	0.66	0.47	0.48	1.00	0.52	0.77	0.54	0.52	0.52	0.84	0.87
ENSMUST00000223184.1|ENSMUSG00000037686|Aspg	6157.0	112116651	chr12:112116500-112121818	NA	0.17	0.16	0.18	NA	0.15	0.20	0.19	0.17	0.17	NA	NA
ENSMUST00000128402.2|ENSMUSG00000021294|Kif26a	46.4	112181091	chr12:112180629-112181747	0.29	0.32	0.14	0.20	0.64	NA	0.18	0.42	NA	0.09	0.23	0.47
ENSMUST00000066791.6|ENSMUSG00000054013|Tmem179	298.7	112501594	chr12:112500188-112501745	0.88	1.00	1.00	1.00	1.00	0.76	1.00	0.76	NA	0.79	1.00	1.00
ENSMUST00000180015.8|ENSMUSG00000011148|Adssl1	278.3	112641158	chr12:112641007-112641360	0.52	0.27	0.37	0.27	0.76	0.29	0.15	0.25	0.30	0.17	0.52	0.44
ENSMUST00000001780.9|ENSMUSG00000001729|Akt1	10893.2	112654128	chr12:112653820-112654700	0.56	0.52	0.40	0.54	1.00	0.60	0.56	0.55	0.60	0.56	0.63	0.69
ENSMUST00000101018.10|ENSMUSG00000072825|Cep170b	1991.3	112745060	chr12:112744909-112746592	1.00	1.00	1.00	1.00	NA	1.00	1.00	1.00	1.00	1.00	1.00	1.00
ENSMUST00000063888.4|ENSMUSG00000052160|Pld4	2362.9	112768783	chr12:112768619-112768990	NA	0.20	0.34	0.26	0.71	0.45	0.18	0.39	0.32	0.31	0.43	0.67
ENSMUST00000128258.1|ENSMUSG00000072812|Ahnak2	46.9	112772516	chr12:112772193-112772908	NA	NA	0.66	0.36	NA	NA	0.43	0.47	0.55	0.54	NA	NA
ENSMUST00000037014.10|ENSMUSG00000037594|Clba1	60.5	112815981	chr12:112815707-112816252	0.54	0.33	0.40	0.41	1.00	0.39	0.64	0.41	0.37	0.38	0.53	0.48
ENSMUST00000062092.6|ENSMUSG00000047832|Cdca4	278.9	112820932	chr12:112820228-112821395	0.85	1.00	1.00	0.99	0.66	0.69	0.88	0.82	0.90	0.89	1.00	1.00
ENSMUST00000075827.4|ENSMUSG00000002799|Jag2	252.1	112908725	chr12:112907818-112908891	1.00	1.00	1.00	0.87	0.62	NA	0.94	0.88	0.48	NA	0.74	0.96
ENSMUST00000221397.1|ENSMUSG00000002804|Nudt14	59.4	112934661	chr12:112934290-112934812	NA	0.33	0.27	0.43	0.14	0.49	0.28	0.26	NA	0.27	0.83	0.34
ENSMUST00000011302.8|ENSMUSG00000011158|Brf1	546.9	112960172	chr12:112960084-112960323	0.28	0.20	0.49	0.25	0.38	0.33	0.26	0.27	0.22	0.37	0.34	0.35
ENSMUST00000223287.1|ENSMUSG00000002803|Btbd6	7180.9	112977464	chr12:112977313-112977768	1.00	1.00	1.00	1.00	1.00	1.00	1.00	1.00	1.00	1.00	1.00	1.00
ENSMUST00000009099.12|ENSMUSG00000021144|Mta1	187.8	113137007	chr12:113136665-113137206	0.69	0.40	0.36	0.21	1.00	0.78	0.32	0.32	0.39	0.25	0.55	0.84
ENSMUST00000084882.8|ENSMUSG00000006356|Crip2	100070.1	113145236	chr12:113145027-113145506	0.37	0.35	0.36	0.33	0.72	0.45	0.31	0.33	0.35	0.35	0.50	0.49
ENSMUST00000200553.1|ENSMUSG00000006360|Crip1	37257.4	113153825	chr12:113153655-113153879	1.00	NA	1.00	1.00	1.00	1.00	1.00	1.00	1.00	1.00	1.00	1.00
ENSMUST00000058491.7|ENSMUSG00000049036|Tmem121	70.0	113189290	chr12:113189117-113189523	NA	0.20	0.30	0.38	NA	0.66	0.22	0.26	0.46	0.36	0.58	0.39
ENSMUST00000177715.7|ENSMUSG00000076617|Ighm	43.8	113418677	chr12:113418557-113418828	NA	0.21	0.25	0.14	0.31	0.32	0.13	0.09	0.05	0.12	0.50	0.26
ENSMUST00000220720.1|ENSMUSG00000021171|Esyt2	641.4	116342252	chr12:116342098-116372221	0.05	0.04	0.06	0.07	0.05	0.05	0.13	0.05	0.05	0.05	0.05	0.05
ENSMUST00000084828.4|ENSMUSG00000042029|Ncapg2	27.1	116461066	chr12:116460612-116461611	NA	NA	NA	NA	0.86	0.30	NA	0.39	0.96	0.34	NA	NA
ENSMUST00000109691.3|ENSMUSG00000041992|Rapgef5	62.7	117756993	chr12:117756078-117759737	0.79	0.55	0.59	0.40	0.74	0.52	0.75	0.40	0.29	0.81	0.76	0.61
ENSMUST00000021592.15|ENSMUSG00000021175|Cdca7l	37.6	117878378	chr12:117877482-117878706	NA	NA	NA	NA	1.00	0.82	NA	NA	0.99	0.40	NA	NA
ENSMUST00000026360.8|ENSMUSG00000025321|Itgb8	30.2	119160480	chr12:119158021-119163119	NA	0.64	0.62	0.79	0.89	NA	NA	1.00	0.41	NA	NA	0.56
