ENSMUST00000223396.1|ENSMUSG00000021218|Gdi2	9779.0	3565647	chr13:3565139-3567871	0.05	0.04	0.03	0.03	0.08	0.03	0.04	0.03	0.03	0.03	0.06	0.05
ENSMUST00000096069.4|ENSMUSG00000033799|Tasor2	32.6	3566262	chr13:3566034-3566666	0.85	0.58	0.86	0.39	1.00	0.32	1.00	0.67	1.00	0.97	1.00	NA
ENSMUST00000042288.7|ENSMUSG00000033781|Asb13	289.4	3651600	chr13:3650304-3653822	0.02	0.03	0.01	0.01	0.08	0.03	0.04	0.02	0.03	0.01	0.07	0.06
ENSMUST00000099946.5|ENSMUSG00000021215|Net1	656.0	3882774	chr13:3882017-3884072	0.10	0.17	0.10	0.12	0.24	0.14	0.15	0.09	0.09	0.12	0.13	0.11
ENSMUST00000147180.1|ENSMUSG00000033715|Akr1c14	90.8	4081155	chr13:4079135-4088996	0.00	0.00	0.00	0.01	NA	NA	0.00	0.02	0.00	0.00	0.00	0.00
ENSMUST00000091848.6|ENSMUSG00000045410|Akr1e1	437.6	4592963	chr13:4590749-4593258	0.05	0.12	0.10	0.12	0.08	0.07	0.09	0.08	0.09	0.11	0.09	0.14
ENSMUST00000176098.7|ENSMUSG00000021147|Wdr37	3.8	8835272	chr13:8819862-8835423	0.07	0.02	0.04	0.04	0.08	NA	NA	0.01	0.01	0.00	0.00	0.01
ENSMUST00000021574.7|ENSMUSG00000021149|Gtpbp4	766.6	8987755	chr13:8972479-8987950	0.03	0.03	0.03	0.03	0.09	0.04	0.03	0.03	0.03	0.03	0.03	0.04
ENSMUST00000091829.3|ENSMUSG00000033499|Larp4b	292.2	9172835	chr13:9170939-9174451	0.69	0.55	0.62	0.56	0.76	0.64	1.00	0.50	0.51	0.53	0.87	0.54
ENSMUST00000174552.7|ENSMUSG00000048264|Dip2c	18.6	9666656	chr13:9666027-9668928	NA	NA	NA	1.00	1.00	NA	NA	0.43	NA	NA	NA	0.80
ENSMUST00000221290.1|ENSMUSG00000021311|Mtr	14.6	12241506	chr13:12216879-12241657	0.21	0.04	0.08	0.14	NA	0.09	NA	0.10	0.08	0.06	NA	NA
ENSMUST00000222091.1|ENSMUSG00000050244|Heatr1	5874.5	12438825	chr13:12438674-12440289	1.00	1.00	NA	NA	1.00	NA	1.00	NA	NA	NA	NA	NA
ENSMUST00000124888.7|ENSMUSG00000057554|Lgals8	745.4	12439895	chr13:12439414-12440847	0.62	0.55	0.65	0.62	1.00	0.70	0.74	0.60	0.57	0.55	0.76	0.70
ENSMUST00000071973.7|ENSMUSG00000057069|Ero1lb	22.6	12607297	chr13:12606884-12609528	0.26	0.45	0.47	0.50	0.30	0.38	0.42	0.30	0.71	0.56	NA	0.32
ENSMUST00000222958.1|ENSMUSG00000021306|Gpr137b	1831.4	13374256	chr13:13357643-13374407	0.09	0.06	0.10	0.10	0.07	0.07	0.13	0.11	0.09	0.09	0.06	0.05
ENSMUST00000005532.8|ENSMUSG00000005397|Nid1	5579.1	13510232	chr13:13510064-13512269	0.82	0.65	0.70	0.74	1.00	0.79	0.59	0.77	0.71	0.65	NA	NA
ENSMUST00000110559.2|ENSMUSG00000019726|Lyst	42.5	13777384	chr13:13777176-13778803	NA	NA	NA	0.74	1.00	0.79	1.00	NA	NA	NA	NA	0.56
ENSMUST00000021734.8|ENSMUSG00000021303|Gng4	173.9	13825558	chr13:13825372-13827896	0.88	0.93	0.63	0.85	NA	0.85	NA	0.80	0.38	NA	0.81	0.79
ENSMUST00000223483.1|ENSMUSG00000039242|B3galnt2	90.4	13980816	chr13:13980665-13997501	0.15	0.12	0.22	0.15	0.08	0.12	NA	0.14	0.19	0.13	NA	NA
ENSMUST00000159893.7|ENSMUSG00000039233|Tbce	256.5	14019611	chr13:13997948-14019762	0.13	0.15	0.12	0.12	0.14	0.09	0.17	0.13	0.11	0.12	0.10	0.17
ENSMUST00000170957.2|ENSMUSG00000021302|Ggps1	267.1	14051848	chr13:14050658-14053696	0.61	0.63	0.65	0.66	0.82	0.60	1.00	0.80	0.70	0.65	0.80	0.75
ENSMUST00000222928.1|ENSMUSG00000039219|Arid4b	297.8	14143160	chr13:14143009-14155094	0.01	0.01	0.01	0.01	0.01	0.01	0.01	0.01	0.01	0.01	0.01	0.01
ENSMUST00000221168.1|ENSMUSG00000015671|Psma2	293.2	14625613	chr13:14625462-14674236	0.03	0.03	0.03	0.04	0.01	0.02	0.01	0.03	0.02	0.02	0.02	0.03
ENSMUST00000038690.5|ENSMUSG00000039182|AW209491	26.5	14638029	chr13:14637826-14639096	0.08	0.01	0.03	0.06	0.06	0.03	0.01	0.20	0.05	0.08	0.07	0.02
ENSMUST00000049744.3|ENSMUSG00000012429|Mplkip	100.6	17697208	chr13:17697039-17699105	0.20	0.25	0.16	0.27	0.11	0.11	0.10	0.30	0.24	0.26	0.25	0.21
ENSMUST00000009003.8|ENSMUSG00000008859|Rala	291.5	17882230	chr13:17880570-17882381	0.59	0.51	1.00	0.79	0.54	0.76	0.77	0.75	0.89	0.67	0.62	0.98
ENSMUST00000099735.5|ENSMUSG00000075054|Yae1d1	295.5	17989052	chr13:17981329-17989382	0.04	0.05	0.05	0.04	0.05	0.04	0.05	0.04	0.06	0.04	0.05	0.07
ENSMUST00000072961.5|ENSMUSG00000041236|Vps41	2045.9	18866526	chr13:18866197-18866811	0.52	0.44	0.29	0.32	0.88	0.52	0.45	0.34	0.45	0.31	0.59	0.56
ENSMUST00000003345.9|ENSMUSG00000021314|Amph	133.0	19150660	chr13:19149840-19150921	NA	0.76	0.50	0.51	NA	1.00	0.52	0.86	NA	0.22	0.81	0.75
ENSMUST00000197565.2|ENSMUSG00000003062|Stard3nl	48799.2	19358844	chr13:19357675-19358995	1.00	1.00	1.00	1.00	1.00	1.00	1.00	1.00	1.00	1.00	1.00	1.00
ENSMUST00000002885.7|ENSMUSG00000002808|Epdr1	6713.5	19592211	chr13:19591705-19593154	0.94	0.89	0.71	0.80	1.00	1.00	0.87	0.81	0.85	0.87	1.00	1.00
ENSMUST00000222464.1|ENSMUSG00000021319|Sfrp4	9300312.6	19630520	chr13:19630369-19632994	1.00	NA	1.00	1.00	NA	NA	1.00	1.00	NA	1.00	NA	NA
ENSMUST00000072519.6|ENSMUSG00000041112|Elmo1	368.2	20606372	chr13:20605296-20608353	0.02	0.03	0.02	0.03	0.09	0.02	0.03	0.04	0.01	0.01	0.04	0.06
ENSMUST00000021757.4|ENSMUSG00000021322|Aoah	12.4	21023543	chr13:21023334-21024252	NA	NA	0.61	0.88	NA	0.92	0.84	0.70	0.39	0.57	NA	NA
ENSMUST00000222544.1|ENSMUSG00000021326|Trim27	78.8	21192773	chr13:21192622-21194724	0.02	0.03	0.03	0.01	0.02	0.02	0.01	0.03	0.02	0.01	0.03	0.03
ENSMUST00000225545.1|ENSMUSG00000036721|Zscan12	5.7	21369682	chr13:21369510-21372289	0.09	0.28	NA	0.22	0.01	NA	0.16	NA	NA	NA	0.07	0.24
ENSMUST00000117721.7|ENSMUSG00000021327|Zkscan3	50.3	21392176	chr13:21389292-21393944	0.05	NA	0.18	0.09	0.13	0.07	0.06	0.14	NA	0.07	NA	NA
ENSMUST00000062609.5|ENSMUSG00000054931|Zkscan4	7.8	21485077	chr13:21484733-21485507	NA	NA	0.60	NA	NA	NA	0.38	0.21	NA	NA	0.50	1.00
ENSMUST00000102977.3|ENSMUSG00000060639|H4c9	60.5	22040825	chr13:22040635-22041014	NA	0.27	0.21	0.39	0.35	0.24	0.33	0.24	0.50	0.44	0.82	0.38
ENSMUST00000050101.8|ENSMUSG00000046351|Zfp322a	34.9	23355578	chr13:23353102-23356340	0.25	0.25	0.31	0.30	0.41	0.13	0.16	0.13	0.20	0.24	0.28	0.46
ENSMUST00000041782.3|ENSMUSG00000036376|Abt1	115.9	23421729	chr13:23418360-23421975	0.01	0.01	0.02	0.02	0.02	0.03	0.02	0.02	0.03	0.07	0.04	0.12
ENSMUST00000079251.7|ENSMUSG00000058385|H2bc8	17.0	23571961	chr13:23571810-23572013	NA	NA	1.00	1.00	0.51	1.00	NA	0.89	0.53	0.61	0.54	0.83
ENSMUST00000091704.6|ENSMUSG00000047246|H2bc6	25.9	23584947	chr13:23583669-23585578	NA	0.44	0.32	0.70	NA	0.89	0.24	0.75	0.31	0.75	0.56	0.28
ENSMUST00000171127.3|ENSMUSG00000069270|H2ac6	14.5	23683085	chr13:23681466-23683527	NA	0.26	0.32	0.27	NA	0.27	0.06	0.45	NA	NA	0.18	0.21
ENSMUST00000018246.5|ENSMUSG00000018102|H2bc4	7822.2	23684760	chr13:23684609-23692908	0.04	0.01	0.01	0.00	0.00	0.00	0.00	0.00	0.00	0.00	0.00	0.01
ENSMUST00000151243.1|ENSMUSG00000006611|Hfe	1197.5	23704048	chr13:23702033-23704388	0.08	0.11	0.16	0.17	0.10	0.10	0.08	0.16	0.15	0.14	0.15	0.16
ENSMUST00000040914.2|ENSMUSG00000036181|H1f2	23332.3	23740015	chr13:23739484-23740367	0.79	0.60	0.51	0.50	1.00	0.90	0.54	0.51	0.52	0.53	0.78	0.76
ENSMUST00000019276.11|ENSMUSG00000019132|BC005537	456.4	24813870	chr13:24812759-24816197	0.02	0.03	0.02	0.01	0.06	0.03	0.02	0.02	0.02	0.02	0.02	0.04
ENSMUST00000021773.12|ENSMUSG00000021340|Gpld1	98.2	24990548	chr13:24990119-24992501	0.34	0.11	0.31	0.48	0.19	0.17	0.05	0.33	0.87	0.31	0.24	0.50
ENSMUST00000021772.3|ENSMUSG00000021339|Mrs2	408.1	24990035	chr13:24987482-24993080	0.77	0.32	0.73	0.83	0.45	0.46	NA	1.00	0.71	0.83	0.82	0.89
ENSMUST00000069614.6|ENSMUSG00000035910|Dcdc2a	17.1	25205831	chr13:25205515-25210706	0.05	0.04	0.18	NA	0.08	0.07	0.14	0.07	NA	NA	0.03	0.03
ENSMUST00000057866.12|ENSMUSG00000048978|Nrsn1	89762.7	25253192	chr13:25252039-25253355	0.89	0.84	0.72	0.75	1.00	0.99	0.82	0.80	0.83	0.75	0.88	0.85
ENSMUST00000067230.5|ENSMUSG00000076431|Sox4	344.8	28951490	chr13:28948918-28951701	0.83	0.78	0.67	0.74	0.88	0.58	1.00	1.00	0.72	0.77	0.74	0.36
ENSMUST00000047311.15|ENSMUSG00000038732|Mboat1	32.7	30246351	chr13:30245466-30246717	0.58	1.00	0.79	0.82	0.45	0.91	NA	0.50	0.51	0.40	0.04	0.81
ENSMUST00000042834.3|ENSMUSG00000038462|Uqcrfs1	10841.0	30540582	chr13:30540307-30540733	0.16	0.15	0.14	0.15	0.35	0.18	0.09	0.15	0.17	0.16	0.19	0.20
ENSMUST00000221725.1|ENSMUSG00000069255|Dusp22	1074.6	30705800	chr13:30705649-30711231	0.98	1.00	1.00	1.00	0.58	1.00	0.86	1.00	1.00	0.89	0.87	0.85
ENSMUST00000102946.7|ENSMUSG00000021357|Exoc2	174.8	30814284	chr13:30813918-30815300	0.59	0.64	0.57	0.92	1.00	0.98	1.00	0.74	0.60	0.84	1.00	0.52
ENSMUST00000170573.1|ENSMUSG00000090863|A530084C06Rik	409.1	31558374	chr13:31556133-31558710	0.04	0.04	0.10	0.08	0.06	0.11	0.13	0.09	0.09	0.14	0.03	0.04
ENSMUST00000042118.10|ENSMUSG00000038415|Foxq1	1887.5	31560386	chr13:31560116-31560976	0.29	0.37	0.17	0.31	0.67	0.32	0.23	0.22	0.15	0.18	0.34	0.38
ENSMUST00000042054.2|ENSMUSG00000038402|Foxf2	455.2	31631065	chr13:31630642-31631403	0.57	0.67	0.60	0.48	1.00	0.65	0.66	0.56	0.39	0.56	0.62	0.90
ENSMUST00000062292.4|ENSMUSG00000050295|Foxc1	10256.1	31809428	chr13:31808866-31812476	0.14	0.15	0.12	0.14	0.14	0.15	0.18	0.15	0.16	0.15	0.16	0.13
ENSMUST00000179717.1|ENSMUSG00000038372|Gmds	537.9	32227141	chr13:32225231-32227292	0.00	0.00	0.00	0.00	0.00	0.00	0.00	0.00	0.00	0.00	0.00	0.00
ENSMUST00000076352.7|ENSMUSG00000044734|Serpinb1a	46.6	32842669	chr13:32842091-32842820	NA	0.40	NA	0.42	0.27	1.00	NA	0.39	0.60	0.16	NA	NA
ENSMUST00000017184.9|ENSMUSG00000042842|Serpinb6b	561.1	32978423	chr13:32977568-32979062	0.48	0.44	0.83	0.34	0.81	0.56	0.40	0.70	0.47	0.46	0.48	0.72
ENSMUST00000063191.13|ENSMUSG00000045827|Serpinb9	2440.5	33016621	chr13:33015845-33017957	0.14	0.18	0.20	0.19	0.25	0.18	0.17	0.18	0.16	0.18	0.22	0.19
ENSMUST00000058978.8|ENSMUSG00000046949|Nqo2	130.3	33987595	chr13:33985489-33988443	0.50	0.32	0.60	0.57	0.76	0.41	0.65	0.33	0.55	0.56	0.74	0.55
ENSMUST00000167374.8|ENSMUSG00000021408|Ripk1	433.6	34034815	chr13:34032779-34037147	0.08	0.04	0.06	0.05	0.13	0.10	0.06	0.05	0.08	0.06	0.05	0.16
ENSMUST00000075774.4|ENSMUSG00000045136|Tubb2b	1925.6	34127314	chr13:34126747-34127473	0.05	0.06	0.07	0.06	0.09	0.09	0.03	0.07	0.03	0.10	0.11	0.12
ENSMUST00000145038.7|ENSMUSG00000038267|Slc22a23	0.9	34298892	chr13:34204019-34299043	NA	0.01	0.01	0.02	0.02	0.01	NA	0.03	NA	NA	NA	NA
ENSMUST00000125037.2|ENSMUSG00000021411|Pxdc1	922.7	34638120	chr13:34627840-34638271	0.02	0.02	0.02	0.02	0.03	0.03	0.02	0.02	0.02	0.03	0.02	0.02
ENSMUST00000160905.1|ENSMUSG00000021415|4933417A18Rik	22.0	34953112	chr13:34952961-34955875	NA	NA	0.08	NA	NA	0.04	0.06	0.05	0.03	0.03	NA	NA
ENSMUST00000225537.1|ENSMUSG00000050423|Ppp1r3g	173.7	35969998	chr13:35969639-35970388	0.18	0.30	0.25	0.13	NA	0.29	0.32	0.18	NA	NA	0.31	0.21
ENSMUST00000053265.7|ENSMUSG00000046573|Lyrm4	134.1	35979621	chr13:35978394-35979841	0.04	0.05	0.07	0.09	0.03	0.06	0.16	0.02	0.03	0.08	0.11	0.07
ENSMUST00000224323.1|ENSMUSG00000039114|Nrn1	1551.7	36725848	chr13:36725360-36726630	0.15	0.17	0.17	0.15	0.41	0.25	0.23	0.17	0.05	NA	0.30	0.22
ENSMUST00000037491.9|ENSMUSG00000039109|F13a1	194.3	36868335	chr13:36867177-36868767	1.00	0.85	0.69	0.71	1.00	0.79	NA	0.86	0.97	0.75	NA	NA
ENSMUST00000021860.6|ENSMUSG00000021423|Ly86	21755.8	37418797	chr13:37418619-37419036	0.25	0.38	0.26	0.22	0.50	0.31	0.22	0.22	0.23	0.23	0.29	0.35
ENSMUST00000021864.7|ENSMUSG00000021427|Ssr1	2105.3	37978299	chr13:37971400-37979741	0.04	0.05	0.07	0.08	0.05	0.05	0.07	0.08	0.06	0.06	0.15	0.24
ENSMUST00000171970.2|ENSMUSG00000039004|Bmp6	206.9	38499894	chr13:38499065-38500302	0.68	0.57	0.52	0.61	0.97	0.91	0.69	0.70	0.69	0.55	NA	0.50
ENSMUST00000035988.15|ENSMUSG00000038991|Txndc5	20963.4	38500532	chr13:38500078-38501588	0.53	0.42	0.36	0.43	0.68	0.52	0.49	0.39	0.49	0.43	0.83	0.77
ENSMUST00000035899.7|ENSMUSG00000038982|Bloc1s5	142.9	38602911	chr13:38598840-38603851	0.03	0.02	0.02	0.02	0.02	0.01	0.01	0.02	0.02	0.02	0.02	0.02
ENSMUST00000001757.8|ENSMUSG00000001707|Eef1e1	722.6	38645854	chr13:38644206-38646172	0.02	0.02	0.04	0.02	0.04	0.03	0.02	0.02	0.01	0.03	0.04	0.03
ENSMUST00000225461.1|ENSMUSG00000021432|Slc35b3	393.9	38942942	chr13:38932304-38943093	0.24	0.24	0.19	0.24	0.61	0.21	0.17	0.21	0.30	0.18	NA	0.12
ENSMUST00000067778.7|ENSMUSG00000021360|Gcnt2	329.4	40958490	chr13:40958339-40960892	0.84	0.91	0.89	1.00	0.87	1.00	1.00	0.93	1.00	1.00	0.78	1.00
ENSMUST00000046951.9|ENSMUSG00000038683|Pak1ip1	1072.0	41012897	chr13:41012746-41013015	0.28	0.18	0.12	0.25	0.49	0.32	0.14	0.33	0.11	0.22	0.25	0.41
ENSMUST00000021790.6|ENSMUSG00000021361|Tmem14c	10929.3	41022345	chr13:41022157-41022586	0.29	0.35	0.35	0.39	0.58	0.36	0.34	0.31	0.38	0.33	0.39	0.34
ENSMUST00000021793.14|ENSMUSG00000021364|Elovl2	38.2	41184669	chr13:41182380-41185296	1.00	0.85	NA	NA	0.89	0.75	NA	1.00	NA	NA	0.88	1.00
ENSMUST00000165561.3|ENSMUSG00000091264|Smim13	387.4	41272914	chr13:41272753-41276577	1.00	1.00	1.00	0.87	1.00	0.79	1.00	0.89	0.76	1.00	0.98	0.94
ENSMUST00000021794.13|ENSMUSG00000021365|Nedd9	145.2	41310210	chr13:41309580-41311663	0.37	0.24	0.29	0.22	0.27	0.22	0.25	0.16	0.18	0.22	0.71	0.45
ENSMUST00000129449.2|ENSMUSG00000087370|Tmem170b	719.7	41634734	chr13:41634583-41641355	NA	1.00	1.00	1.00	NA	1.00	NA	1.00	0.79	1.00	1.00	1.00
ENSMUST00000220801.1|ENSMUSG00000021366|Hivep1	12.7	42184896	chr13:42184510-42192537	0.00	0.00	0.00	0.00	0.02	0.00	0.00	0.00	NA	0.01	0.01	0.01
ENSMUST00000021796.8|ENSMUSG00000021367|Edn1	1698.4	42307113	chr13:42306876-42307990	0.64	0.70	0.51	0.45	0.89	0.58	0.74	0.60	0.66	0.58	0.48	0.68
ENSMUST00000148891.7|ENSMUSG00000054728|Phactr1	7834.9	43135337	chr13:43135186-43138526	1.00	0.80	1.00	1.00	0.50	0.58	0.94	1.00	1.00	0.95	0.34	0.66
ENSMUST00000220645.1|ENSMUSG00000054021|Sirt5	149.3	43376967	chr13:43376816-43380553	0.05	0.06	0.06	0.04	0.04	0.04	0.05	0.05	0.08	0.06	0.05	0.05
ENSMUST00000222754.1|ENSMUSG00000063200|Nol7	2358.8	43403689	chr13:43401838-43407097	0.03	0.02	0.00	0.02	0.00	0.00	0.00	0.00	0.00	0.01	0.00	0.00
ENSMUST00000222239.1|ENSMUSG00000038546|Ranbp9	1626.9	43425016	chr13:43419578-43425167	0.06	0.06	0.06	0.07	0.07	0.05	0.05	0.06	0.05	0.06	0.06	0.06
ENSMUST00000021800.5|ENSMUSG00000021371|Mcur1	409.1	43540388	chr13:43538392-43541676	0.68	0.57	0.40	0.52	0.67	0.40	0.30	0.50	0.34	0.44	0.52	0.49
ENSMUST00000059986.2|ENSMUSG00000044164|Rnf182	28.4	43668866	chr13:43668715-43670945	NA	0.61	NA	0.23	NA	0.12	NA	NA	NA	NA	0.06	0.19
ENSMUST00000015540.3|ENSMUSG00000015396|Cd83	2992.0	43801894	chr13:43801682-43803132	0.80	0.93	0.84	0.96	1.00	1.00	1.00	0.94	0.87	0.97	0.96	0.66
ENSMUST00000173003.1|ENSMUSG00000038518|Jarid2	5.0	44874498	chr13:44874347-44896481	0.05	0.03	0.03	NA	0.05	NA	NA	0.03	0.02	0.02	NA	0.02
ENSMUST00000222990.1|ENSMUSG00000057531|Dtnbp1	1287.9	44970021	chr13:44922074-44970172	0.00	0.00	0.00	0.00	0.00	0.00	0.00	0.00	0.00	0.00	0.00	0.00
ENSMUST00000038275.10|ENSMUSG00000038175|Mylip	328.0	45410875	chr13:45410507-45412022	0.64	0.77	0.99	0.95	0.67	1.00	1.00	0.91	0.91	0.81	NA	1.00
ENSMUST00000000260.12|ENSMUSG00000000253|Gmpr	548.0	45546214	chr13:45546050-45546382	0.42	0.29	0.33	0.28	0.41	0.52	0.29	0.43	0.40	0.23	0.47	0.49
ENSMUST00000037923.4|ENSMUSG00000038132|Rbm24	30.2	46429622	chr13:46429314-46431095	NA	0.98	0.38	0.43	NA	1.00	0.37	0.70	NA	NA	0.58	0.80
ENSMUST00000021802.15|ENSMUSG00000021373|Cap2	339.4	46649458	chr13:46648361-46650281	0.59	0.29	0.20	0.18	0.33	0.57	0.15	0.26	NA	NA	0.34	0.36
ENSMUST00000099547.3|ENSMUSG00000069237|Fam8a1	154.0	46675804	chr13:46675653-46678056	1.00	1.00	1.00	1.00	NA	1.00	NA	1.00	1.00	1.00	1.00	1.00
ENSMUST00000021803.9|ENSMUSG00000021374|Nup153	254.4	46680295	chr13:46679904-46681160	0.40	0.27	0.53	0.24	0.88	0.63	0.49	0.19	0.21	0.35	1.00	0.44
ENSMUST00000056978.7|ENSMUSG00000021375|Kif13a	28.2	46750347	chr13:46749086-46750608	1.00	1.00	0.98	0.66	1.00	0.57	NA	1.00	0.90	1.00	1.00	0.73
ENSMUST00000052747.3|ENSMUSG00000044231|Nhlrc1	70.2	47012950	chr13:47012556-47013576	0.87	0.65	NA	NA	1.00	0.42	NA	NA	NA	0.94	0.75	0.75
ENSMUST00000021806.10|ENSMUSG00000021376|Tpmt	89.1	47024137	chr13:47023542-47025367	1.00	0.63	0.40	0.42	1.00	0.44	0.95	0.71	0.40	0.57	0.61	0.61
ENSMUST00000037025.15|ENSMUSG00000038080|Kdm1b	64.4	47084377	chr13:47082955-47085279	0.15	0.21	0.09	0.10	0.33	0.22	0.06	0.13	0.21	0.11	NA	0.21
ENSMUST00000068891.11|ENSMUSG00000038068|Rnf144b	32.0	47246201	chr13:47244498-47247991	0.51	0.48	0.58	0.91	0.44	NA	NA	0.38	NA	0.22	NA	NA
ENSMUST00000021810.2|ENSMUSG00000021379|Id4	20799.9	48264076	chr13:48262326-48266026	0.20	0.20	0.15	0.15	0.26	0.16	0.14	0.28	0.20	NA	0.17	0.22
ENSMUST00000223025.1|ENSMUSG00000038042|Ptpdc1	139.8	48590246	chr13:48585969-48590397	0.23	0.16	0.20	0.17	0.22	0.20	0.14	0.18	0.13	0.14	0.21	0.18
ENSMUST00000035540.8|ENSMUSG00000038025|Phf2	106.1	48803450	chr13:48801749-48803601	NA	NA	0.71	1.00	1.00	1.00	1.00	1.00	0.64	0.82	1.00	1.00
ENSMUST00000060805.6|ENSMUSG00000038014|Fam120a	641.3	48880647	chr13:48879218-48880798	1.00	0.98	0.96	1.00	1.00	1.00	1.00	0.99	1.00	1.00	1.00	1.00
ENSMUST00000049022.14|ENSMUSG00000037966|Ninj1	275630.6	49195196	chr13:49195045-49196244	1.00	1.00	1.00	1.00	1.00	1.00	1.00	1.00	1.00	1.00	1.00	1.00
ENSMUST00000048544.13|ENSMUSG00000037933|Bicd2	850.7	49383500	chr13:49383349-49387019	1.00	1.00	NA	1.00	NA	NA	NA	1.00	NA	NA	NA	0.86
ENSMUST00000222404.1|ENSMUSG00000113255|Tes3-ps	78.5	49494661	chr13:49494426-49496589	0.12	0.17	0.06	0.10	0.21	0.09	0.05	0.08	0.12	0.11	0.09	0.10
ENSMUST00000051504.7|ENSMUSG00000043631|Ecm2	67.4	49531579	chr13:49531428-49532789	NA	NA	0.31	0.16	0.15	NA	0.29	0.41	0.30	0.38	0.33	0.43
ENSMUST00000021820.13|ENSMUSG00000021388|Aspn	122.7	49567259	chr13:49566628-49567565	0.43	0.95	NA	0.25	1.00	0.39	NA	NA	0.57	0.54	0.74	0.70
ENSMUST00000221170.1|ENSMUSG00000048368|Omd	51.8	49592535	chr13:49592384-49592822	NA	NA	NA	0.10	NA	0.10	0.10	0.08	NA	0.01	NA	NA
ENSMUST00000021822.6|ENSMUSG00000021390|Ogn	860.4	49623518	chr13:49622980-49624501	0.67	0.53	0.55	0.55	0.77	0.49	0.61	0.64	0.59	0.60	0.77	0.47
ENSMUST00000171510.1|ENSMUSG00000037851|Iars	4.8	49709773	chr13:49709589-49711781	0.00	0.00	0.00	0.00	0.01	0.00	0.00	0.00	0.00	0.00	NA	0.00
ENSMUST00000095797.5|ENSMUSG00000021395|Spin1	838.8	51149941	chr13:51149158-51152546	0.71	0.96	0.96	0.94	0.59	0.71	1.00	0.94	0.82	0.87	1.00	1.00
ENSMUST00000087978.4|ENSMUSG00000067586|S1pr3	3455.0	51421853	chr13:51419918-51422797	0.18	0.18	0.15	0.17	0.42	0.26	0.24	0.16	0.20	0.16	0.16	0.41
ENSMUST00000223543.2|ENSMUSG00000021448|Shc3	50.5	51431107	chr13:51431040-51431258	1.00	0.94	0.76	1.00	1.00	0.78	0.70	1.00	0.84	0.84	0.97	0.93
ENSMUST00000075853.5|ENSMUSG00000062248|Cks2	449.5	51650537	chr13:51650386-51650660	0.59	0.32	0.25	NA	0.32	0.54	NA	0.33	0.43	0.23	0.32	0.45
ENSMUST00000110040.8|ENSMUSG00000021451|Sema4d	150.5	51702402	chr13:51701245-51702611	0.52	NA	1.00	0.92	1.00	1.00	NA	0.86	0.76	0.64	NA	0.81
ENSMUST00000021903.2|ENSMUSG00000021453|Gadd45g	48538.0	51848212	chr13:51847976-51848468	0.46	0.43	0.41	0.38	0.91	0.47	0.41	0.37	0.42	0.41	0.64	0.50
ENSMUST00000057442.7|ENSMUSG00000047842|Diras2	2868.5	52507305	chr13:52504379-52507672	0.78	0.78	0.74	0.79	0.71	1.00	1.00	0.80	1.00	0.49	1.00	0.89
ENSMUST00000120135.7|ENSMUSG00000021457|Syk	59.2	52646783	chr13:52645792-52648792	NA	NA	0.70	0.73	1.00	0.65	NA	0.84	0.61	0.88	NA	NA
ENSMUST00000071065.7|ENSMUSG00000056749|Nfil3	1496.3	52967329	chr13:52967208-52967480	0.20	0.34	0.22	0.31	0.21	0.28	0.30	0.26	0.28	0.28	0.13	0.21
ENSMUST00000130235.7|ENSMUSG00000021464|Ror2	186.2	53109687	chr13:53109311-53110222	NA	NA	0.39	0.41	NA	0.65	0.35	0.40	0.39	0.44	NA	NA
ENSMUST00000021920.7|ENSMUSG00000021468|Sptlc1	500.8	53333457	chr13:53332747-53333886	0.54	0.71	0.56	0.61	1.00	0.97	0.73	0.69	0.62	0.62	0.70	1.00
ENSMUST00000021930.9|ENSMUSG00000021474|Sfxn1	879.4	54106751	chr13:54106600-54108342	0.65	0.78	0.70	0.62	0.76	0.71	0.92	1.00	0.59	0.89	0.41	0.57
ENSMUST00000026985.8|ENSMUSG00000025867|Cplx2	1745.7	54379857	chr13:54379706-54383917	NA	0.42	0.63	0.59	1.00	0.71	0.33	0.56	0.62	NA	0.35	0.62
ENSMUST00000026990.5|ENSMUSG00000025872|Thoc3	150.0	54459925	chr13:54458836-54460076	0.19	0.17	0.20	0.12	0.15	0.14	0.27	0.29	0.19	0.18	0.06	0.16
ENSMUST00000138869.1|ENSMUSG00000043183|Simc1	7.0	54537291	chr13:54537140-54539856	0.07	NA	NA	0.04	NA	NA	NA	0.00	NA	0.02	NA	NA
ENSMUST00000026989.14|ENSMUSG00000025871|4833439L19Rik	3966.2	54551724	chr13:54551217-54552614	0.94	0.85	0.74	0.84	1.00	0.85	0.82	0.78	0.91	0.79	0.96	0.95
ENSMUST00000142246.1|ENSMUSG00000025870|Arl10	9.1	54579292	chr13:54579141-54579537	0.53	NA	NA	NA	NA	0.26	0.25	0.20	NA	NA	0.38	NA
ENSMUST00000149462.1|ENSMUSG00000025869|Nop16	1893.5	54589662	chr13:54585238-54589859	0.05	0.05	NA	NA	0.04	0.04	NA	NA	0.05	NA	0.04	NA
ENSMUST00000026986.6|ENSMUSG00000025868|Higd2a	18287.6	54591038	chr13:54590887-54591158	0.22	0.23	0.26	0.21	0.40	0.30	0.21	0.24	0.19	0.20	0.30	0.33
ENSMUST00000091609.10|ENSMUSG00000047547|Cltb	28392.9	54593699	chr13:54592400-54593873	0.33	0.34	0.29	0.31	0.31	0.38	0.18	0.29	0.25	0.26	0.33	0.36
ENSMUST00000153894.1|ENSMUSG00000025873|Faf2	2802.2	54650341	chr13:54650190-54655521	0.10	0.12	0.11	0.12	0.11	0.11	0.12	0.11	0.12	0.12	0.14	0.13
ENSMUST00000177950.7|ENSMUSG00000034928|Rnf44	450.8	54681600	chr13:54679398-54681751	1.00	1.00	1.00	1.00	1.00	1.00	1.00	1.00	1.00	1.00	1.00	1.00
ENSMUST00000135343.1|ENSMUSG00000069227|Gprin1	242.6	54736970	chr13:54736670-54737663	1.00	0.78	0.53	0.55	NA	0.57	0.59	0.55	0.55	NA	0.79	0.79
ENSMUST00000036825.13|ENSMUSG00000034891|Sncb	1282.1	54759091	chr13:54758859-54759511	0.39	0.56	0.56	0.30	0.78	0.36	0.36	0.40	NA	NA	0.49	0.52
ENSMUST00000026993.13|ENSMUSG00000025875|Tspan17	954.6	54796425	chr13:54796219-54796776	0.34	0.54	0.42	0.41	0.73	0.60	0.45	0.44	0.54	0.36	0.71	0.56
ENSMUST00000026994.13|ENSMUSG00000025876|Unc5a	132.4	55005448	chr13:55004968-55006018	NA	0.71	0.65	0.58	NA	0.87	0.70	0.89	0.59	0.71	0.69	0.82
ENSMUST00000132309.7|ENSMUSG00000025877|Hk3	1140.5	55010696	chr13:55005991-55014298	0.24	NA	0.15	0.16	0.23	0.18	NA	0.16	0.16	0.17	NA	NA
ENSMUST00000148702.7|ENSMUSG00000025878|Uimc1	81.7	55060173	chr13:55028194-55060324	0.07	0.05	0.07	0.06	0.07	0.03	0.06	0.05	0.07	0.06	0.05	0.06
ENSMUST00000162476.7|ENSMUSG00000021481|Zfp346	16.7	55122515	chr13:55122353-55132755	0.05	0.01	0.01	0.01	0.04	0.03	0.15	0.02	0.01	0.01	0.01	0.01
ENSMUST00000099490.2|ENSMUSG00000021488|Nsd1	47.7	55313925	chr13:55313725-55318325	0.62	0.78	0.61	NA	0.16	0.57	0.59	0.91	NA	NA	NA	0.51
ENSMUST00000035242.8|ENSMUSG00000034789|Rab24	2481.5	55320001	chr13:55319884-55320152	0.26	0.25	0.37	0.36	0.46	0.32	0.34	0.23	0.40	0.36	0.38	0.36
ENSMUST00000021942.7|ENSMUSG00000021486|Prelid1	52232.2	55325120	chr13:55324969-55325272	0.29	0.29	0.27	0.28	0.48	0.31	0.26	0.23	0.29	0.29	0.41	0.40
ENSMUST00000021941.7|ENSMUSG00000021485|Mxd3	81.1	55325564	chr13:55325167-55325785	NA	NA	NA	0.17	0.57	0.19	0.21	0.46	0.17	0.58	0.21	NA
ENSMUST00000021940.7|ENSMUSG00000021484|Lman2	1521.5	55345583	chr13:55343832-55346879	0.45	0.43	0.54	0.50	0.66	0.52	0.50	0.61	0.53	0.52	0.62	0.57
ENSMUST00000063771.13|ENSMUSG00000052087|Rgs14	146.5	55384464	chr13:55384132-55384687	NA	0.46	0.39	0.27	0.58	0.43	0.44	0.40	0.64	0.14	0.61	0.48
ENSMUST00000225925.1|ENSMUSG00000074886|Grk6	417.9	55460490	chr13:55459834-55460925	0.78	0.84	0.59	0.55	1.00	0.80	0.69	0.67	0.62	0.59	0.76	0.64
ENSMUST00000109923.8|ENSMUSG00000034675|Dbn1	10981.1	55473952	chr13:55473428-55474225	0.22	0.21	0.24	0.20	0.36	0.26	0.20	0.23	0.21	0.19	0.25	0.26
ENSMUST00000155098.7|ENSMUSG00000021493|Pdlim7	1077.1	55498499	chr13:55495794-55498650	0.06	0.07	0.11	0.09	0.04	0.04	0.14	0.11	0.09	0.11	0.09	0.08
ENSMUST00000109905.4|ENSMUSG00000058569|Tmed9	17046.0	55597330	chr13:55596987-55597697	0.45	0.42	0.41	0.34	1.00	0.57	0.38	0.43	0.46	0.39	0.63	0.60
ENSMUST00000100764.9|ENSMUSG00000021504|B4galt7	473.5	55609838	chr13:55609371-55610443	0.68	0.76	0.65	0.43	1.00	0.97	0.57	0.55	0.58	0.56	0.71	1.00
ENSMUST00000021963.4|ENSMUSG00000021501|Caml	1002.8	55632165	chr13:55631997-55632411	0.45	0.38	0.41	0.37	0.67	0.45	0.32	0.31	0.42	0.29	0.53	0.42
ENSMUST00000172272.7|ENSMUSG00000021500|Ddx46	37.8	55678979	chr13:55678828-55681256	0.27	0.32	0.45	0.44	0.15	0.34	0.52	1.00	0.47	0.51	0.77	0.97
ENSMUST00000057844.9|ENSMUSG00000045767|B230219D22Rik	369.6	55700187	chr13:55699639-55703500	0.74	0.77	0.56	0.68	1.00	0.66	0.93	0.66	0.65	0.62	0.66	0.84
ENSMUST00000021959.10|ENSMUSG00000021497|Txndc15	4931.2	55726011	chr13:55725860-55726227	0.33	0.30	0.30	0.29	0.94	0.42	0.31	0.32	0.36	0.33	0.55	0.57
ENSMUST00000016081.12|ENSMUSG00000015937|Macroh2a1	1322.2	56073896	chr13:56073618-56074229	0.53	0.48	0.37	0.45	0.92	0.55	0.38	0.49	0.50	0.47	0.44	0.64
ENSMUST00000169652.2|ENSMUSG00000049625|Tifab	91.6	56175183	chr13:56173703-56176187	0.39	NA	0.28	0.25	0.19	0.36	NA	NA	0.41	0.33	0.43	0.34
ENSMUST00000224801.1|ENSMUSG00000021508|Cxcl14	1539.7	56289277	chr13:56288642-56289794	0.47	0.54	0.75	0.60	0.55	0.54	0.50	0.57	0.58	0.57	0.51	0.53
ENSMUST00000225600.1|ENSMUSG00000035493|Tgfbi	854670.1	56637313	chr13:56637162-56639562	0.58	0.54	0.49	0.50	0.71	0.58	0.58	0.51	0.50	0.51	NA	NA
ENSMUST00000069557.13|ENSMUSG00000021540|Smad5	158.5	56737776	chr13:56737475-56742377	0.70	0.79	1.00	1.00	0.76	0.66	NA	1.00	1.00	1.00	1.00	1.00
ENSMUST00000185502.6|ENSMUSG00000056222|Spock1	66.4	57428977	chr13:57426093-57429297	NA	0.39	NA	0.34	NA	NA	0.11	0.55	NA	NA	0.51	0.61
ENSMUST00000007980.6|ENSMUSG00000007836|Hnrnpa0	383.4	58127247	chr13:58125878-58127398	1.00	1.00	1.00	0.61	0.23	0.59	1.00	0.46	0.31	0.87	1.00	0.78
ENSMUST00000058735.11|ENSMUSG00000005312|Ubqln1	1623.9	58177637	chr13:58176155-58177878	0.49	0.72	0.73	0.82	0.51	0.60	0.85	0.74	0.67	0.67	0.77	0.84
ENSMUST00000091579.5|ENSMUSG00000021552|Gkap1	25.4	58233462	chr13:58233345-58233613	0.35	0.29	0.26	0.18	0.72	0.68	0.04	0.29	0.04	0.15	0.35	0.38
ENSMUST00000022032.6|ENSMUSG00000021550|2210016F16Rik	95.0	58381458	chr13:58379816-58381782	0.38	0.28	0.35	0.31	0.26	0.26	0.16	0.24	0.29	0.36	0.33	0.53
ENSMUST00000225031.1|ENSMUSG00000021546|Hnrnpk	973398.5	58396730	chr13:58394757-58396881	0.58	0.60	0.60	0.57	0.79	0.64	0.59	0.59	0.55	0.56	0.60	0.63
ENSMUST00000042450.9|ENSMUSG00000035367|Rmi1	25.0	58409948	chr13:58409786-58411148	0.19	0.18	0.12	0.24	0.11	0.09	0.17	0.24	0.21	0.12	0.15	0.12
ENSMUST00000223636.1|ENSMUSG00000055254|Ntrk2	1340.8	58878329	chr13:58878178-58986149	0.01	0.01	0.01	0.02	0.02	0.01	0.01	0.02	0.01	0.01	0.02	0.02
ENSMUST00000169745.7|ENSMUSG00000021557|Agtpbp1	262.2	59514068	chr13:59449879-59514219	0.05	0.04	0.06	0.05	0.11	0.04	0.04	0.04	0.05	0.05	0.05	0.04
ENSMUST00000164011.7|ENSMUSG00000021555|Naa35	102.1	59612815	chr13:59612648-59617944	0.02	0.02	0.01	0.01	0.03	0.01	0.02	0.02	0.02	0.01	0.02	0.02
ENSMUST00000022039.6|ENSMUSG00000021556|Golm1	344.5	59635318	chr13:59634625-59637294	0.61	0.53	0.55	0.62	0.98	0.61	0.98	0.52	0.49	0.61	0.75	0.78
ENSMUST00000225581.1|ENSMUSG00000114763|Gm49354	786.5	59762609	chr13:59758934-59762760	0.11	0.01	0.03	0.03	0.01	0.01	0.10	0.02	0.03	0.01	0.00	0.00
ENSMUST00000065086.5|ENSMUSG00000052957|Gas1	81022.8	60175399	chr13:60174404-60175789	0.65	0.58	0.53	0.48	1.00	0.75	0.55	0.61	0.53	0.50	0.65	0.61
ENSMUST00000224789.1|ENSMUSG00000021559|Dapk1	1581.4	60716840	chr13:60716689-60721777	NA	0.08	0.11	0.11	0.09	0.10	0.08	0.11	0.13	0.12	0.09	0.12
ENSMUST00000225802.1|ENSMUSG00000114432|Gm49391	23699.8	60896540	chr13:60895349-60896691	1.00	1.00	NA	NA	1.00	1.00	NA	NA	1.00	1.00	NA	NA
ENSMUST00000224054.1|ENSMUSG00000044258|Ctla2a	6909955.4	60935329	chr13:60934816-60936043	0.18	0.01	0.04	0.08	0.07	0.02	0.01	0.07	0.05	0.07	0.02	0.05
ENSMUST00000223247.1|ENSMUSG00000113450|Gm49359	31.7	62454563	chr13:62453471-62454873	0.60	NA	0.70	0.43	0.56	0.86	0.71	0.52	0.85	0.65	0.94	1.00
ENSMUST00000076195.6|ENSMUSG00000055228|Zfp935	30.8	62454564	chr13:62453714-62454873	0.63	NA	0.71	0.45	0.54	1.00	0.69	0.55	0.90	0.63	1.00	1.00
ENSMUST00000201563.3|ENSMUSG00000072066|6720489N17Rik	22.0	62603885	chr13:62603012-62605192	NA	0.23	NA	NA	NA	0.17	0.23	0.26	NA	0.26	0.73	0.23
ENSMUST00000073029.12|ENSMUSG00000021461|Fancc	22.8	63312254	chr13:63304711-63312668	0.03	0.03	0.04	0.01	0.04	0.02	0.02	0.01	0.03	0.01	0.02	0.04
ENSMUST00000059817.11|ENSMUSG00000044934|Zfp367	110.8	64134026	chr13:64133017-64135316	0.98	0.98	0.78	0.81	0.91	0.89	1.00	1.00	1.00	0.84	0.81	0.84
ENSMUST00000222570.1|ENSMUSG00000021482|Prxl2c	801.1	64291327	chr13:64289796-64292103	0.64	0.69	0.49	0.55	0.53	0.51	0.59	0.67	0.61	0.64	0.66	0.73
ENSMUST00000222517.1|ENSMUSG00000021477|Ctsl	72341.2	64363937	chr13:64359336-64364100	0.01	0.01	0.01	0.01	0.02	0.01	0.01	0.01	0.01	0.01	0.01	0.02
ENSMUST00000155487.7|ENSMUSG00000038212|Mfsd14b	1074.4	65065404	chr13:65064662-65066615	0.19	0.20	0.18	0.12	0.53	0.21	0.24	0.16	0.20	0.19	0.23	0.25
ENSMUST00000130799.7|ENSMUSG00000021514|Zfp369	21.7	65304096	chr13:65303945-65304221	0.61	NA	NA	NA	0.41	0.87	0.10	NA	NA	NA	0.36	NA
ENSMUST00000173910.1|ENSMUSG00000021519|Mterf3	567.4	66928057	chr13:66917073-66928208	0.09	0.08	0.08	0.09	0.11	0.09	0.10	0.10	0.08	0.08	0.10	0.13
ENSMUST00000224244.1|ENSMUSG00000021518|Ptdss1	2102.8	66956593	chr13:66956442-66998126	0.06	0.06	0.07	0.06	0.06	0.05	0.07	0.05	0.06	0.06	0.06	0.05
ENSMUST00000181071.7|ENSMUSG00000078994|Zfp429	34.5	67390122	chr13:67389308-67391061	1.00	0.61	0.55	0.37	NA	0.72	NA	NA	0.37	NA	NA	NA
ENSMUST00000171518.7|ENSMUSG00000071291|Zfp58	19.6	67490442	chr13:67490166-67490903	0.38	0.40	0.17	0.40	NA	0.55	0.50	0.35	0.52	0.24	NA	0.44
ENSMUST00000167914.1|ENSMUSG00000097565|Gm26965	67.5	67494549	chr13:67491151-67494700	0.15	0.24	0.23	NA	NA	NA	0.21	0.50	0.35	0.35	NA	NA
ENSMUST00000181892.8|ENSMUSG00000095432|Zfp748	21.2	67539860	chr13:67538640-67540475	0.45	0.60	0.52	0.39	0.31	NA	NA	0.60	0.47	0.50	NA	0.50
ENSMUST00000073157.14|ENSMUSG00000071281|Zfp65	15.6	67706302	chr13:67705308-67707988	NA	NA	0.33	NA	NA	NA	NA	0.09	0.35	NA	0.43	NA
ENSMUST00000223101.1|ENSMUSG00000034617|Mtrr	217.9	68564319	chr13:68561362-68572630	0.00	0.00	0.00	0.00	0.00	0.00	NA	0.00	0.00	0.00	0.00	0.00
ENSMUST00000223319.1|ENSMUSG00000021532|Fastkd3	84.2	68589389	chr13:68589233-68592336	0.06	0.06	0.06	0.07	0.04	0.08	NA	0.08	NA	0.06	0.07	0.10
ENSMUST00000022007.7|ENSMUSG00000021534|1700001L19Rik	63.1	68613169	chr13:68613006-68614231	NA	0.02	0.01	0.05	NA	0.02	0.02	0.14	NA	NA	0.14	0.12
ENSMUST00000022013.7|ENSMUSG00000021536|Adcy2	70.1	68620414	chr13:68620042-68620722	NA	0.64	0.53	0.63	NA	0.44	0.88	0.54	NA	0.41	0.67	0.81
ENSMUST00000198607.4|ENSMUSG00000034575|Tent4a	67.1	69499531	chr13:69497958-69499918	1.00	0.92	0.87	0.81	1.00	1.00	1.00	0.87	0.83	0.60	1.00	1.00
ENSMUST00000022087.6|ENSMUSG00000021595|Nsun2	1022.9	69634160	chr13:69633848-69635780	0.03	0.03	0.03	0.04	0.08	0.02	0.02	0.02	0.03	0.05	0.04	0.04
ENSMUST00000091514.5|ENSMUSG00000021594|Srd5a1	20.7	69574789	chr13:69573448-69575132	NA	0.63	0.44	0.36	0.22	0.42	0.59	0.46	0.33	0.60	0.52	0.60
ENSMUST00000065118.6|ENSMUSG00000052981|Ube2ql1	936.6	69703174	chr13:69702831-69704044	0.63	0.79	0.69	0.91	0.97	0.73	0.84	0.80	0.84	0.74	0.83	0.78
ENSMUST00000022089.9|ENSMUSG00000021598|Med10	4712.8	69815867	chr13:69815686-69816104	0.32	0.35	0.38	0.29	0.78	0.40	0.32	0.30	0.37	0.33	0.58	0.43
ENSMUST00000147407.1|ENSMUSG00000021606|Ndufs6	13086.8	73327415	chr13:73319878-73328302	NA	NA	NA	NA	0.00	0.00	NA	NA	NA	NA	0.00	0.00
ENSMUST00000022098.9|ENSMUSG00000021607|Mrpl36	2085.1	73331937	chr13:73331678-73332178	0.43	0.40	0.35	0.44	0.68	0.48	0.37	0.32	0.43	0.38	0.51	0.48
ENSMUST00000123766.7|ENSMUSG00000021608|Lpcat1	350.1	73489133	chr13:73488982-73516422	0.04	0.05	0.04	0.03	0.04	0.04	0.04	0.04	0.03	0.04	0.04	0.03
ENSMUST00000022102.8|ENSMUSG00000021610|Clptm1l	7110.0	73620353	chr13:73620114-73620605	0.52	0.45	0.43	0.38	0.65	0.45	0.43	0.41	0.54	0.38	0.65	0.67
ENSMUST00000022051.13|ENSMUSG00000021567|Nkd2	444.8	73819774	chr13:73818533-73820962	0.29	0.31	0.38	0.37	0.34	0.35	0.76	0.49	0.36	0.52	NA	NA
ENSMUST00000222156.1|ENSMUSG00000021569|Trip13	133.1	73919994	chr13:73912457-73920421	NA	0.06	NA	NA	0.15	0.12	NA	NA	NA	0.08	NA	NA
ENSMUST00000022057.8|ENSMUSG00000021573|Tppp	499.3	74031563	chr13:74031412-74035753	1.00	1.00	0.95	1.00	1.00	1.00	1.00	1.00	0.78	0.94	1.00	1.00
ENSMUST00000222213.1|ENSMUSG00000034152|Exoc3	28.8	74199455	chr13:74193269-74199656	0.00	0.00	0.00	0.00	0.00	0.00	0.00	0.00	0.00	0.00	0.00	0.00
ENSMUST00000022060.6|ENSMUSG00000021576|Pdcd6	7285.3	74303758	chr13:74303508-74303952	0.44	0.40	0.31	0.39	0.63	0.44	0.35	0.30	0.33	0.32	0.49	0.42
ENSMUST00000022062.7|ENSMUSG00000021577|Sdha	16012.3	74322892	chr13:74322253-74323089	0.46	0.54	0.51	0.53	0.70	0.58	0.48	0.58	0.57	0.59	0.62	0.63
ENSMUST00000022063.13|ENSMUSG00000021578|Ccdc127	596.7	74359414	chr13:74357114-74365783	0.10	0.19	0.14	0.13	0.17	0.13	0.24	0.12	0.11	0.13	0.40	0.42
ENSMUST00000022064.4|ENSMUSG00000021579|Lrrc14b	10.8	74360604	chr13:74359577-74360756	0.15	0.20	0.21	0.33	0.38	0.18	0.11	0.44	0.23	0.22	0.22	0.18
ENSMUST00000202645.3|ENSMUSG00000069208|Zfp825	19.0	74480269	chr13:74480053-74480519	0.66	0.68	0.69	0.56	0.72	0.38	0.46	0.54	0.45	0.32	0.43	0.20
ENSMUST00000169114.2|ENSMUSG00000021583|Erap1	92.6	74691143	chr13:74690726-74693201	0.27	0.22	0.37	0.30	0.50	0.41	0.65	0.41	0.31	0.32	NA	0.34
ENSMUST00000222588.1|ENSMUSG00000021585|Cast	5649.1	74693492	chr13:74692367-74695901	0.18	0.27	0.33	0.34	0.32	0.21	0.24	0.35	0.27	0.28	NA	NA
ENSMUST00000220572.1|ENSMUSG00000001542|Ell2	4.8	75756534	chr13:75756349-75761942	0.00	0.00	0.00	0.00	0.00	0.00	0.00	0.00	0.00	0.00	0.00	0.00
ENSMUST00000223120.1|ENSMUSG00000021591|Glrx	61895.2	75847434	chr13:75847283-75850154	1.00	1.00	1.00	1.00	1.00	1.00	1.00	1.00	1.00	1.00	1.00	1.00
ENSMUST00000220939.1|ENSMUSG00000021589|Rhobtb3	13.3	75902094	chr13:75877384-75902245	NA	0.01	0.02	0.01	0.02	0.02	NA	0.02	0.01	0.01	0.01	0.02
ENSMUST00000223579.2|ENSMUSG00000021592|Arsk	3.1	76091639	chr13:76074902-76091790	0.02	0.01	0.00	0.00	NA	0.00	0.01	0.00	0.00	0.00	NA	NA
ENSMUST00000125209.7|ENSMUSG00000021596|Mctp1	23.1	77030627	chr13:77029948-77031810	NA	NA	0.32	0.52	0.64	0.41	NA	0.35	0.34	0.59	0.53	0.35
ENSMUST00000162921.7|ENSMUSG00000021597|Slf1	23.5	77105717	chr13:77100922-77106010	0.15	NA	NA	NA	0.28	0.12	0.07	NA	NA	NA	0.22	0.28
ENSMUST00000091458.12|ENSMUSG00000069171|Nr2f1	523.8	78189584	chr13:78188972-78189735	0.70	0.56	0.63	0.48	0.68	0.71	0.47	0.49	0.69	0.53	0.57	0.64
ENSMUST00000159690.7|ENSMUSG00000074794|Arrdc3	4968.4	80891662	chr13:80891511-80896035	0.53	0.74	0.52	0.49	0.72	0.73	0.66	0.51	0.54	0.44	0.63	0.89
ENSMUST00000223862.1|ENSMUSG00000035762|Tmem161b	42.2	84284203	chr13:84284052-84295858	0.08	NA	0.11	0.05	0.07	NA	NA	0.11	0.09	NA	0.08	NA
ENSMUST00000022030.10|ENSMUSG00000021548|Ccnh	272.6	85212926	chr13:85212775-85213723	0.64	0.60	0.42	0.54	0.66	0.68	0.45	0.37	0.52	0.63	0.68	0.61
ENSMUST00000109552.2|ENSMUSG00000021549|Rasa1	63.2	85215402	chr13:85214779-85216106	0.29	0.40	0.57	0.23	0.32	0.43	0.40	0.27	0.39	0.25	0.57	0.29
ENSMUST00000078764.8|ENSMUSG00000017778|Cox7c	46633.5	86045604	chr13:86044815-86045755	0.30	0.02	0.08	0.03	0.05	0.03	0.14	0.06	0.02	0.07	0.00	0.00
ENSMUST00000081769.12|ENSMUSG00000034488|Edil3	947.7	89322304	chr13:89319817-89323223	NA	NA	0.17	0.24	0.23	0.57	0.96	0.20	0.26	0.25	0.71	0.40
ENSMUST00000022108.8|ENSMUSG00000021613|Hapln1	21.6	89609048	chr13:89608146-89611652	NA	0.37	NA	NA	NA	0.30	NA	NA	NA	NA	0.34	0.48
ENSMUST00000051955.8|ENSMUSG00000049517|Rps23	4778.0	90924831	chr13:90924680-90924950	0.01	0.09	0.18	0.13	0.05	0.10	0.16	0.00	0.23	0.21	0.10	0.08
ENSMUST00000224449.1|ENSMUSG00000021619|Atg10	4.2	91022504	chr13:90935868-91022655	0.00	0.00	0.00	0.00	0.00	0.00	0.00	0.00	0.00	0.00	0.00	0.00
ENSMUST00000022121.12|ENSMUSG00000021621|Zcchc9	108.0	91796859	chr13:91796532-91797138	0.65	0.47	0.48	0.38	1.00	0.53	0.63	0.43	0.51	0.53	0.50	0.43
ENSMUST00000191550.6|ENSMUSG00000014850|Msh3	7.9	92349095	chr13:92211881-92349246	0.03	0.04	0.03	0.03	0.04	0.02	NA	0.04	0.02	0.03	0.02	0.03
ENSMUST00000022218.5|ENSMUSG00000021707|Dhfr	48.6	92385528	chr13:92384800-92389053	0.05	0.08	0.11	0.08	0.18	0.08	0.01	0.05	0.05	0.04	0.08	0.07
ENSMUST00000225299.1|ENSMUSG00000034334|Fam151b	13.9	92467944	chr13:92449624-92468121	0.01	0.02	0.01	0.01	0.02	0.01	0.01	0.01	0.01	0.01	0.01	0.01
ENSMUST00000022217.8|ENSMUSG00000021706|Zfyve16	22.8	92488060	chr13:92487107-92488464	0.41	NA	0.91	0.20	0.37	0.47	NA	0.49	0.32	0.46	0.19	NA
ENSMUST00000049488.8|ENSMUSG00000021703|Serinc5	274.1	92708479	chr13:92708134-92711947	0.88	1.00	0.93	0.85	1.00	1.00	NA	1.00	1.00	0.96	1.00	1.00
ENSMUST00000225868.1|ENSMUSG00000042167|Tent2	111.3	93147438	chr13:93146281-93147593	0.99	0.93	0.82	0.80	0.71	0.66	1.00	1.00	0.93	0.68	1.00	1.00
ENSMUST00000091403.5|ENSMUSG00000042082|Arsb	816.8	93941369	chr13:93940728-93943016	1.00	0.75	0.79	0.78	0.75	1.00	1.00	0.84	0.82	0.84	1.00	0.85
ENSMUST00000054274.7|ENSMUSG00000045312|Lhfpl2	3136.3	94193463	chr13:94192098-94195409	0.96	0.87	0.86	0.79	1.00	1.00	1.00	0.93	0.74	0.80	1.00	0.90
ENSMUST00000022197.14|ENSMUSG00000021687|Scamp1	959.2	94203772	chr13:94201309-94204001	0.84	0.73	0.77	0.73	0.84	0.79	0.78	0.76	0.76	0.74	0.68	0.82
ENSMUST00000022196.4|ENSMUSG00000021686|Ap3b1	212.1	94565990	chr13:94565755-94566317	0.31	0.35	0.31	0.44	1.00	0.29	0.52	0.28	0.32	0.38	0.58	0.51
ENSMUST00000056512.13|ENSMUSG00000042015|Wdr41	113.0	95022583	chr13:95021822-95023314	0.87	0.75	0.67	1.00	0.99	0.78	0.99	0.96	0.83	0.91	0.87	1.00
ENSMUST00000221807.1|ENSMUSG00000041995|Zbed3	800.3	95337138	chr13:95336753-95337841	0.36	0.18	0.25	0.29	0.47	0.42	0.23	0.25	0.33	0.29	0.29	0.35
ENSMUST00000022189.8|ENSMUSG00000021681|Aggf1	319.0	95351161	chr13:95350682-95351504	0.71	0.55	0.58	0.57	1.00	0.76	0.79	0.64	0.82	0.37	0.71	0.79
ENSMUST00000059193.6|ENSMUSG00000048376|F2r	1192.2	95603583	chr13:95601802-95603735	1.00	1.00	0.98	0.86	0.97	1.00	1.00	0.87	1.00	0.97	NA	1.00
ENSMUST00000068603.7|ENSMUSG00000021676|Iqgap2	16.4	95627565	chr13:95627173-95628009	NA	NA	NA	0.32	NA	0.70	1.00	0.45	0.65	0.63	NA	NA
ENSMUST00000220449.1|ENSMUSG00000114133|Gm20075	1032.8	96080525	chr13:96079215-96080855	0.11	0.17	0.15	0.16	0.14	0.15	0.10	0.15	0.22	0.17	0.19	0.18
ENSMUST00000099295.5|ENSMUSG00000021671|Poc5	36.5	96415405	chr13:96414616-96417737	0.32	0.27	0.38	0.45	0.32	0.32	0.28	0.24	0.22	0.36	0.25	0.32
ENSMUST00000168855.1|ENSMUSG00000021670|Hmgcr	795.0	96652636	chr13:96650275-96652787	0.38	0.23	0.23	0.27	0.37	0.17	0.34	0.30	0.32	0.19	0.34	0.28
ENSMUST00000071118.6|ENSMUSG00000057762|Gm6169	4215.8	97098476	chr13:97098207-97098781	0.14	0.09	0.12	0.08	0.14	0.10	0.10	0.14	0.12	0.12	0.09	0.14
ENSMUST00000073456.8|ENSMUSG00000060739|Nsa2	65.6	97131012	chr13:97129423-97131163	0.60	0.56	0.50	0.48	0.41	0.57	0.49	0.75	0.44	0.58	0.42	0.38
ENSMUST00000022169.9|ENSMUSG00000021665|Hexb	56648.8	97176380	chr13:97176330-97176531	0.31	0.23	0.08	0.10	0.19	0.05	0.04	0.13	0.10	0.09	0.10	0.18
ENSMUST00000040972.3|ENSMUSG00000041747|Utp15	63.5	98248387	chr13:98246844-98249131	0.40	0.32	0.41	0.30	0.46	0.53	NA	0.42	0.44	0.41	NA	0.46
ENSMUST00000091356.10|ENSMUSG00000021661|Ankra2	553.5	98273032	chr13:98272881-98273918	1.00	1.00	1.00	1.00	1.00	1.00	NA	1.00	NA	NA	1.00	1.00
ENSMUST00000022163.14|ENSMUSG00000021660|Btf3	78271.0	98310006	chr13:98309895-98310157	0.20	0.22	0.16	0.19	0.37	0.28	0.18	0.19	0.22	0.22	0.27	0.26
ENSMUST00000105098.5|ENSMUSG00000078302|Foxd1	7746.8	98356448	chr13:98355987-98359305	0.03	0.05	0.02	0.03	0.08	0.04	0.03	0.02	0.03	0.02	NA	NA
ENSMUST00000099277.11|ENSMUSG00000041685|Fcho2	172.5	98755079	chr13:98723402-98755608	0.09	0.16	0.11	0.12	0.14	0.12	0.12	0.12	0.11	0.10	0.09	0.12
ENSMUST00000109399.8|ENSMUSG00000009470|Tnpo1	127.8	98846307	chr13:98839018-98846458	1.00	1.00	1.00	1.00	0.90	1.00	NA	1.00	0.73	0.72	NA	NA
ENSMUST00000056558.9|ENSMUSG00000050919|Zfp366	89.4	99246750	chr13:99246568-99250656	1.00	1.00	1.00	0.86	1.00	NA	NA	1.00	NA	NA	NA	0.65
ENSMUST00000022153.7|ENSMUSG00000021650|Ptcd2	295.6	99319924	chr13:99319646-99320171	0.56	0.28	0.24	0.38	0.96	0.35	0.48	0.39	0.40	0.46	0.63	0.47
ENSMUST00000052249.6|ENSMUSG00000041632|Mrps27	424.9	99415272	chr13:99414975-99415562	0.42	0.50	0.48	0.51	0.68	0.38	0.35	0.49	0.57	0.42	0.51	0.44
ENSMUST00000064762.5|ENSMUSG00000052727|Map1b	19333.3	99425657	chr13:99421445-99425808	1.00	NA	NA	NA	NA	NA	1.00	1.00	NA	NA	1.00	1.00
ENSMUST00000129014.1|ENSMUSG00000021643|Serf1	272.8	100114185	chr13:100114034-100114571	0.01	0.02	0.01	0.03	0.02	0.03	0.02	0.01	0.01	0.03	0.02	0.01
ENSMUST00000134842.7|ENSMUSG00000021639|Gtf2h2	442.3	100480474	chr13:100468807-100480625	0.06	0.07	0.04	0.06	0.09	0.06	0.05	0.05	0.05	0.04	0.05	0.06
ENSMUST00000069756.10|ENSMUSG00000021638|Ocln	905.5	100497986	chr13:100496506-100498816	0.18	0.24	0.30	0.29	0.37	0.13	0.23	0.21	0.34	0.28	0.29	0.24
ENSMUST00000226050.1|ENSMUSG00000021635|Rad17	133.8	100636846	chr13:100617285-100636997	0.20	0.11	0.15	0.13	0.17	0.15	0.21	0.13	0.13	0.13	0.19	0.13
ENSMUST00000190729.1|ENSMUSG00000078941|Ak6	13064.6	100655727	chr13:100655035-100656058	0.67	0.65	0.51	0.55	0.66	0.78	0.57	0.65	0.67	0.51	0.86	0.81
ENSMUST00000190594.1|ENSMUSG00000052293|Taf9	3136.4	100655993	chr13:100655842-100656060	0.20	0.19	0.18	0.16	0.29	0.29	0.23	0.18	0.15	0.18	0.27	0.30
ENSMUST00000057325.14|ENSMUSG00000048924|Ccdc125	21.8	100696635	chr13:100696416-100697240	0.71	0.49	NA	NA	1.00	NA	0.88	NA	0.34	0.20	NA	NA
ENSMUST00000091299.7|ENSMUSG00000069089|Cdk7	71.6	100703329	chr13:100702630-100703480	0.23	0.36	0.94	0.65	0.24	0.28	0.30	0.74	0.48	0.49	0.58	0.89
ENSMUST00000109333.7|ENSMUSG00000061474|Mrps36	2890.3	100736107	chr13:100735954-100736258	0.18	0.30	0.29	0.27	0.29	0.31	0.25	0.26	0.31	0.35	0.33	0.36
ENSMUST00000072119.14|ENSMUSG00000041431|Ccnb1	353.2	100779026	chr13:100778649-100779680	NA	NA	NA	0.29	0.60	0.39	0.53	NA	0.26	0.15	0.40	NA
ENSMUST00000225086.1|ENSMUSG00000021629|Slc30a5	1551.1	100812574	chr13:100802656-100812725	0.13	0.12	0.13	0.12	0.12	0.12	0.11	0.13	0.13	0.11	0.18	0.13
ENSMUST00000055518.12|ENSMUSG00000041417|Pik3r1	116.0	101683972	chr13:101680562-101684882	0.14	0.32	0.33	0.31	0.23	0.47	0.96	0.43	0.36	0.58	0.35	0.38
ENSMUST00000239261.1|ENSMUSG00000034751|Mast4	109.7	102734853	chr13:102732490-102735004	0.89	1.00	0.70	0.79	1.00	1.00	0.61	0.86	NA	0.73	0.85	1.00
ENSMUST00000210836.1|ENSMUSG00000032621|Srek1	409.4	103758185	chr13:103752667-103758441	0.01	NA	NA	NA	0.00	NA	0.00	NA	NA	0.00	NA	NA
ENSMUST00000022222.11|ENSMUSG00000021709|Erbin	540.5	103820550	chr13:103818786-103820701	1.00	1.00	1.00	1.00	1.00	1.00	1.00	1.00	1.00	1.00	1.00	0.95
ENSMUST00000109315.4|ENSMUSG00000021710|Nln	96.7	104024797	chr13:104023056-104024948	0.58	0.90	0.88	0.71	1.00	0.71	1.00	0.60	0.57	0.85	1.00	1.00
ENSMUST00000044385.13|ENSMUSG00000042743|Sgtb	91.9	104140949	chr13:104139848-104141735	0.65	0.76	0.69	0.68	NA	1.00	0.77	0.69	NA	NA	0.86	0.72
ENSMUST00000144060.7|ENSMUSG00000021711|Trappc13	194.2	104143486	chr13:104142148-104144140	0.48	0.59	0.55	0.50	0.50	0.56	0.67	0.56	0.62	0.46	0.67	0.54
ENSMUST00000069187.11|ENSMUSG00000021712|Trim23	82.5	104202622	chr13:104201407-104203372	0.25	0.66	0.41	0.74	0.71	0.58	0.82	0.50	0.43	0.65	0.82	0.52
ENSMUST00000022228.12|ENSMUSG00000021715|Cwc27	54.4	104631427	chr13:104631139-104631578	0.12	0.12	0.24	0.14	0.22	0.62	0.14	0.31	0.08	0.18	0.24	0.19
ENSMUST00000063551.6|ENSMUSG00000021719|Rgs7bp	540.8	104951342	chr13:104945903-104951493	0.07	0.09	0.16	0.13	0.07	0.10	0.08	0.13	0.10	0.14	0.06	0.10
ENSMUST00000224052.1|ENSMUSG00000021692|Dimt1	855.9	106949918	chr13:106948707-106952409	0.01	0.00	0.00	0.02	0.03	0.01	0.00	0.00	0.01	0.00	0.03	NA
ENSMUST00000022204.15|ENSMUSG00000021693|Kif2a	46.9	106960722	chr13:106958995-106962141	0.31	0.34	NA	0.18	0.41	0.18	0.07	0.17	NA	0.41	0.31	0.39
ENSMUST00000095458.5|ENSMUSG00000071180|Smim15	350.6	108048782	chr13:108047683-108049172	0.65	0.69	0.67	0.70	0.76	0.89	0.82	0.72	0.88	0.66	1.00	0.93
ENSMUST00000225550.1|ENSMUSG00000021696|Elovl7	259.0	108270787	chr13:108270636-108284073	0.05	0.06	0.06	0.05	0.06	0.06	0.06	0.06	0.05	0.07	0.07	0.05
ENSMUST00000167824.2|ENSMUSG00000021700|Rab3c	148.5	110060409	chr13:110054186-110061817	NA	0.05	0.07	0.08	NA	0.08	0.04	0.11	NA	NA	0.05	0.12
ENSMUST00000022212.8|ENSMUSG00000021701|Plk2	5382.4	110400599	chr13:110400221-110400844	0.45	0.36	0.35	0.41	0.77	0.45	0.50	0.42	0.49	0.39	0.60	0.39
ENSMUST00000136471.8|ENSMUSG00000032745|Gpbp1	1513.3	111448834	chr13:111426157-111448985	0.13	0.12	0.12	0.10	0.12	0.15	0.12	0.11	0.11	0.13	0.14	0.13
ENSMUST00000184276.7|ENSMUSG00000021756|Il6st	16940.2	112495372	chr13:112493616-112504545	0.26	0.27	0.27	0.26	0.26	0.30	0.20	0.26	0.26	0.27	0.23	0.31
ENSMUST00000052514.5|ENSMUSG00000047789|Slc38a9	8.0	112732852	chr13:112731661-112738749	0.05	NA	0.06	0.09	0.12	0.09	0.10	0.06	0.01	0.05	NA	0.03
ENSMUST00000016144.11|ENSMUSG00000021759|Plpp1	790.6	112867716	chr13:112867565-112867894	0.33	0.42	0.25	0.22	0.43	0.44	0.26	0.26	0.29	0.25	0.51	0.36
ENSMUST00000022281.4|ENSMUSG00000016018|Mtrex	5209.6	112867794	chr13:112867417-112867945	1.00	1.00	1.00	1.00	1.00	1.00	1.00	1.00	1.00	1.00	1.00	1.00
ENSMUST00000224176.1|ENSMUSG00000042426|Dhx29	67.3	112940590	chr13:112940439-112941729	0.00	0.00	0.00	0.00	0.05	0.00	NA	0.00	0.00	0.00	0.00	0.00
ENSMUST00000231962.1|ENSMUSG00000021760|Gpx8	22135.8	113043004	chr13:113042752-113043233	0.41	0.37	0.36	0.35	0.68	0.44	0.32	0.33	0.37	0.34	0.60	0.46
ENSMUST00000109241.4|ENSMUSG00000042364|Snx18	584.1	113593730	chr13:113592178-113594611	0.74	0.74	0.78	0.68	1.00	0.89	0.69	0.76	0.78	0.74	0.57	1.00
ENSMUST00000225707.1|ENSMUSG00000021764|Ndufs4	1295.6	114316681	chr13:114288647-114387444	0.24	NA	NA	NA	0.02	NA	0.33	0.36	NA	NA	0.03	NA
ENSMUST00000184245.7|ENSMUSG00000015536|Mocs2	11778.2	114828808	chr13:114820925-114832275	0.07	0.14	0.02	0.02	0.11	0.04	0.06	0.08	0.02	0.04	0.14	0.07
ENSMUST00000061673.8|ENSMUSG00000042284|Itga1	131.0	114959388	chr13:114953095-114960092	0.25	0.29	0.38	0.36	0.29	0.19	0.63	0.33	0.25	0.28	NA	0.28
ENSMUST00000224495.1|ENSMUSG00000114470|Gm49395	80.3	115088525	chr13:115035272-115088851	0.01	0.01	0.02	0.02	0.02	0.02	0.01	0.03	0.02	0.02	0.02	0.03
ENSMUST00000226107.1|ENSMUSG00000021725|Parp8	145.1	116894635	chr13:116854960-116895692	NA	0.06	0.04	0.04	NA	0.07	0.09	0.05	0.05	0.04	NA	NA
ENSMUST00000022242.8|ENSMUSG00000021728|Emb	16975.5	117273858	chr13:117273059-117274415	0.20	0.33	0.19	0.17	0.39	0.21	0.19	0.17	0.21	0.17	0.50	0.18
ENSMUST00000022245.9|ENSMUSG00000021731|Mrps30	12.8	118380204	chr13:118378380-118380355	0.19	0.23	0.13	NA	0.18	0.05	NA	0.07	0.19	0.02	0.09	0.22
ENSMUST00000223268.1|ENSMUSG00000116207|Nnt	198.8	119335885	chr13:119335527-119336259	0.49	0.35	0.56	0.44	0.90	0.62	0.31	0.59	0.53	0.54	0.58	0.57
ENSMUST00000132304.9|ENSMUSG00000025451|Paip1	23.6	119447929	chr13:119447778-119457319	0.07	0.07	0.03	NA	0.08	0.09	0.03	0.06	0.04	0.05	0.05	0.06
ENSMUST00000224188.1|ENSMUSG00000093930|Hmgcs1	2233.8	119707792	chr13:119706475-119708260	0.63	0.44	0.38	0.42	1.00	0.75	0.86	0.44	0.61	0.55	0.78	0.66
ENSMUST00000178142.1|ENSMUSG00000095930|Nim1k	10.5	119711897	chr13:119710093-119712048	0.00	NA	NA	NA	NA	0.07	NA	NA	NA	NA	0.19	0.16
