Gene	fit_value	Predicted_Proximal_APA	Loci	/home/taylor/stroke_APA_work/bedgraph/day1_rep1_PDUI	/home/taylor/stroke_APA_work/bedgraph/day1_rep2_PDUI	/home/taylor/stroke_APA_work/bedgraph/day21_rep1_PDUI	/home/taylor/stroke_APA_work/bedgraph/day21_rep2_PDUI	/home/taylor/stroke_APA_work/bedgraph/day3_rep1_PDUI	/home/taylor/stroke_APA_work/bedgraph/day3_rep2_PDUI	/home/taylor/stroke_APA_work/bedgraph/day60_rep1_PDUI	/home/taylor/stroke_APA_work/bedgraph/day60_rep2_PDUI	/home/taylor/stroke_APA_work/bedgraph/day7_rep1_PDUI	/home/taylor/stroke_APA_work/bedgraph/day7_rep2_PDUI	/home/taylor/stroke_APA_work/bedgraph/sham1_PDUI	/home/taylor/stroke_APA_work/bedgraph/sham2_PDUI
ENSMUST00000112797.11|ENSMUSG00000096039|D830030K20Rik	26.9	3233885	chr14:3233514-3234351	NA	0.41	NA	0.37	NA	0.36	NA	NA	NA	NA	0.38	0.21
ENSMUST00000180934.7|ENSMUSG00000093887|Gm3033	47.1	3855384	chr14:3855186-3856085	NA	0.36	NA	0.11	NA	0.06	NA	NA	NA	NA	0.33	0.26
ENSMUST00000052678.8|ENSMUSG00000025278|Flnb	296.7	7951188	chr14:7950489-7951588	0.68	0.65	0.79	0.57	0.77	0.63	0.92	0.55	0.79	0.55	0.92	0.87
ENSMUST00000166497.8|ENSMUSG00000025277|Abhd6	160.0	8055801	chr14:8055641-8056763	0.23	0.28	0.28	0.32	0.42	0.27	0.31	0.29	0.29	0.25	0.24	0.41
ENSMUST00000023924.3|ENSMUSG00000023156|Rpp14	469.9	8090463	chr14:8089961-8091834	0.42	0.47	0.54	0.42	0.36	0.43	0.36	0.38	0.42	0.42	0.50	0.52
ENSMUST00000022268.9|ENSMUSG00000021748|Pdhb	3027.7	8166187	chr14:8165995-8166338	0.38	0.31	0.31	0.35	0.58	0.38	0.26	0.32	0.37	0.29	0.42	0.38
ENSMUST00000022272.13|ENSMUSG00000021752|Kctd6	169.6	8223234	chr14:8222870-8223563	0.70	0.67	0.40	0.51	0.73	0.52	0.58	0.51	0.72	0.59	0.56	0.74
ENSMUST00000121887.7|ENSMUSG00000021750|Fam107a	3128.2	8297812	chr14:8296273-8298692	0.59	0.57	0.71	0.67	0.74	0.76	0.93	0.69	0.56	0.69	0.79	0.81
ENSMUST00000161302.7|ENSMUSG00000060579|Fhit	21.2	9550244	chr14:9550091-9550395	NA	NA	0.34	0.12	0.38	NA	0.18	0.10	NA	NA	0.45	0.57
ENSMUST00000142917.7|ENSMUSG00000021745|Ptprg	73.5	12122192	chr14:12122041-12238564	0.04	0.03	0.03	0.04	0.05	NA	NA	0.03	0.03	0.04	0.06	0.03
ENSMUST00000223583.1|ENSMUSG00000056296|Synpr	150.5	13615257	chr14:13613978-13616340	NA	0.02	NA	0.01	NA	NA	NA	0.04	NA	NA	0.05	0.04
ENSMUST00000022257.3|ENSMUSG00000021738|Atxn7	23.4	14105565	chr14:14103321-14107302	0.44	0.36	0.26	0.31	NA	NA	NA	NA	0.20	0.17	0.17	0.06
ENSMUST00000163937.2|ENSMUSG00000045201|Lrrc3b	17.8	15357676	chr14:15357514-15357827	NA	0.07	NA	NA	NA	0.13	NA	NA	NA	NA	0.45	0.33
ENSMUST00000022310.6|ENSMUSG00000021785|Ngly1	602.5	16311313	chr14:16311031-16311926	0.19	0.11	0.12	0.14	0.31	0.21	0.10	0.12	0.13	0.11	0.18	0.18
ENSMUST00000017629.11|ENSMUSG00000017485|Top2b	1645.7	16432267	chr14:16430463-16435462	0.11	0.08	0.12	0.11	0.05	0.09	0.09	0.11	0.12	0.11	0.09	0.11
ENSMUST00000223576.1|ENSMUSG00000017491|Rarb	12.6	16508893	chr14:16435096-16509044	0.00	0.00	0.01	0.01	0.01	0.00	0.02	0.00	0.00	0.00	0.00	NA
ENSMUST00000022304.9|ENSMUSG00000021779|Thrb	51.0	18036433	chr14:18033663-18038090	NA	0.87	0.72	NA	NA	NA	NA	0.62	0.75	0.45	0.76	0.82
ENSMUST00000090543.5|ENSMUSG00000021775|Nr1d2	165.7	18206156	chr14:18204053-18206687	0.99	1.00	0.78	0.93	1.00	1.00	1.00	0.89	0.89	0.86	1.00	0.99
ENSMUST00000080281.13|ENSMUSG00000012405|Rpl15	508.3	18268862	chr14:18267822-18269013	0.89	0.87	0.87	0.81	0.76	0.75	1.00	0.86	0.72	0.76	0.79	0.71
ENSMUST00000132374.8|ENSMUSG00000021772|Nkiras1	7951.4	18280337	chr14:18280186-18284003	0.24	0.30	0.39	0.62	0.35	0.38	0.41	0.66	1.00	1.00	0.23	0.29
ENSMUST00000022296.6|ENSMUSG00000021774|Ube2e1	2845.1	18282988	chr14:18282721-18283344	0.52	0.36	0.31	0.31	1.00	0.52	0.52	0.40	0.38	0.49	0.67	0.63
ENSMUST00000176555.7|ENSMUSG00000058317|Ube2e2	372.0	18586798	chr14:18573574-18586949	0.00	0.00	0.00	0.00	0.00	0.00	0.00	0.00	0.00	0.00	0.00	0.00
ENSMUST00000022340.4|ENSMUSG00000021806|Nid2	793.9	19811527	chr14:19811193-19811787	0.52	0.49	0.42	0.40	0.62	0.47	0.72	0.53	0.47	0.55	NA	0.44
ENSMUST00000022341.6|ENSMUSG00000021807|Rtraf	3931.3	19811934	chr14:19811350-19812085	0.16	0.12	0.33	0.25	0.29	0.33	0.24	0.34	0.84	0.90	0.02	0.04
ENSMUST00000160013.7|ENSMUSG00000043004|Gng2	264.1	19875579	chr14:19872558-19875809	0.37	0.49	0.50	0.51	0.15	0.25	0.36	0.66	0.44	0.49	0.51	0.76
ENSMUST00000059666.5|ENSMUSG00000045107|Saysd1	73.6	20077139	chr14:20075635-20077290	0.12	0.07	0.09	0.11	0.04	0.03	0.00	0.13	0.13	0.02	0.07	0.34
ENSMUST00000024011.9|ENSMUSG00000023243|Kcnk5	76.2	20140962	chr14:20140056-20141585	1.00	0.95	1.00	0.55	0.99	1.00	1.00	0.77	0.87	0.80	NA	NA
ENSMUST00000223955.1|ENSMUSG00000021810|Ecd	1187.9	20338128	chr14:20337008-20338467	0.00	0.00	0.01	0.00	0.00	0.00	0.04	0.01	0.01	0.00	0.00	0.00
ENSMUST00000225834.1|ENSMUSG00000039599|Fam149b	888.5	20356581	chr14:20356430-20383489	0.15	0.11	0.11	0.09	0.21	0.14	0.13	0.11	0.10	0.11	0.12	0.14
ENSMUST00000022345.6|ENSMUSG00000021811|Dnajc9	1105.5	20385104	chr14:20384637-20385364	0.18	0.16	0.19	0.10	0.38	0.19	0.15	0.19	0.16	0.16	0.33	0.21
ENSMUST00000061444.4|ENSMUSG00000049960|Mrps16	133.9	20391178	chr14:20389303-20391329	0.07	0.02	0.02	0.05	0.03	0.01	0.07	0.02	0.06	0.08	0.00	0.00
ENSMUST00000065504.16|ENSMUSG00000021814|Anxa7	1511.3	20456312	chr14:20455259-20456481	0.37	0.35	0.42	0.46	0.36	0.49	0.43	0.46	0.55	0.54	0.40	0.59
ENSMUST00000159027.7|ENSMUSG00000021816|Ppp3cb	259.4	20500153	chr14:20499363-20501486	0.14	0.12	0.08	0.19	0.26	0.13	0.17	0.24	0.37	0.15	0.21	0.15
ENSMUST00000035340.13|ENSMUSG00000034235|Usp54	86.8	20549550	chr14:20548911-20549903	0.61	0.90	0.93	1.00	1.00	0.84	0.86	0.64	NA	0.61	1.00	1.00
ENSMUST00000224876.1|ENSMUSG00000039367|Sec24c	6063.1	20683462	chr14:20682776-20683934	0.02	0.00	0.00	0.01	0.09	0.00	0.00	0.00	0.00	0.00	0.00	0.02
ENSMUST00000048016.2|ENSMUSG00000039357|Fut11	175.6	20699880	chr14:20698355-20701016	0.35	0.26	0.42	0.43	0.57	0.30	0.41	0.43	0.51	0.49	0.57	0.58
ENSMUST00000226072.1|ENSMUSG00000063787|Chchd1	12012.9	20703467	chr14:20703316-20704425	0.27	0.22	0.25	0.23	0.32	0.19	0.24	0.22	0.22	0.21	0.18	0.19
ENSMUST00000224129.1|ENSMUSG00000021819|Zswim8	208.4	20711898	chr14:20711060-20712308	0.11	NA	0.32	0.39	0.16	NA	NA	0.41	0.38	0.33	NA	0.22
ENSMUST00000225419.1|ENSMUSG00000039308|Ndst2	793.3	20726993	chr14:20723982-20727322	0.47	0.42	0.28	0.41	0.26	0.40	0.25	0.29	0.33	0.34	NA	0.37
ENSMUST00000022369.8|ENSMUSG00000021823|Vcl	412.7	21033110	chr14:21031730-21033676	1.00	0.96	0.71	0.70	0.89	0.92	1.00	0.80	0.62	0.78	1.00	1.00
ENSMUST00000154460.7|ENSMUSG00000021824|Ap3m1	3359.6	21035122	chr14:21031441-21036605	0.36	0.48	0.58	0.56	1.00	0.34	1.00	0.77	0.49	0.48	0.30	0.32
ENSMUST00000045376.10|ENSMUSG00000039197|Adk	6997.1	21448245	chr14:21447935-21448569	0.43	0.40	0.27	0.38	0.89	0.52	0.31	0.33	0.41	0.32	0.49	0.53
ENSMUST00000069648.13|ENSMUSG00000021767|Kat6b	24.4	21671815	chr14:21670870-21672478	NA	NA	0.64	0.27	NA	NA	0.38	NA	NA	NA	0.55	0.31
ENSMUST00000022293.13|ENSMUSG00000021771|Vdac2	12303.6	21845406	chr14:21845234-21845879	0.27	0.25	0.23	0.25	0.25	0.32	0.24	0.27	0.24	0.22	0.26	0.29
ENSMUST00000124549.8|ENSMUSG00000021773|Comtd1	26.6	21847126	chr14:21845854-21847277	0.31	NA	0.10	0.48	0.14	0.46	0.18	0.24	0.16	0.28	0.04	0.20
ENSMUST00000043409.8|ENSMUSG00000039081|Zfp503	15.8	21984621	chr14:21983958-21984890	NA	0.56	NA	NA	NA	NA	0.47	0.35	0.19	0.47	NA	NA
ENSMUST00000223718.1|ENSMUSG00000025280|Polr3a	31.1	24469254	chr14:24448704-24469405	0.11	0.10	0.13	NA	0.21	0.09	NA	0.08	0.14	0.17	NA	0.08
ENSMUST00000162645.7|ENSMUSG00000007817|Zmiz1	507.1	25664491	chr14:25663044-25666743	0.97	0.67	0.49	0.55	1.00	0.83	0.70	0.73	0.48	0.53	0.90	0.65
ENSMUST00000022419.6|ENSMUSG00000021868|Ppif	132.8	25700137	chr14:25699599-25700468	0.75	0.57	0.42	0.51	0.70	0.53	0.44	0.60	0.50	0.48	0.70	0.70
ENSMUST00000069180.7|ENSMUSG00000055538|Zcchc24	4115.2	25714543	chr14:25711641-25715291	1.00	0.83	0.74	0.88	1.00	1.00	1.00	0.87	0.82	0.80	1.00	1.00
ENSMUST00000022416.14|ENSMUSG00000021866|Anxa11	101.8	25886576	chr14:25886067-25886804	NA	0.57	0.43	0.43	1.00	0.53	0.47	0.58	0.48	0.47	NA	0.25
ENSMUST00000052286.15|ENSMUSG00000095304|Plac9a	3213.4	25888272	chr14:25887505-25888518	0.18	0.19	0.12	0.15	0.19	0.16	0.20	0.10	0.16	0.16	0.22	0.17
ENSMUST00000185006.8|ENSMUSG00000072676|Tmem254a	7109.4	25924346	chr14:25923299-25924789	0.11	0.10	0.08	0.07	0.18	0.11	0.09	0.10	0.09	0.09	0.12	0.14
ENSMUST00000184915.7|ENSMUSG00000094800|Gm9780	3271.9	26028048	chr14:26027281-26028288	0.18	0.19	0.12	0.15	0.19	0.16	0.20	0.10	0.16	0.16	0.22	0.18
ENSMUST00000100819.11|ENSMUSG00000072680|Tmem254c	3809.6	26064197	chr14:26063918-26064542	0.57	0.66	0.55	0.54	0.83	0.58	0.47	0.55	0.66	0.52	0.65	0.67
ENSMUST00000184142.7|ENSMUSG00000072674|Plac9b	1978.8	26167751	chr14:26167404-26167902	0.56	0.60	0.41	0.50	0.40	0.53	0.54	0.50	0.52	0.51	0.57	0.48
ENSMUST00000037585.8|ENSMUSG00000040818|Dennd6a	52.2	26631555	chr14:26629556-26634322	0.09	0.07	0.04	0.03	0.16	0.02	0.21	0.01	0.02	0.02	0.09	0.03
ENSMUST00000166075.7|ENSMUSG00000021877|Arf4	134115.3	26647082	chr14:26646931-26656801	0.06	0.05	0.05	0.06	0.04	0.05	0.06	0.05	0.05	0.05	0.05	0.05
ENSMUST00000052932.9|ENSMUSG00000043702|Pde12	29.5	26665194	chr14:26659957-26665527	0.04	0.08	0.10	0.10	0.07	0.04	0.07	0.07	0.08	0.11	0.18	0.26
ENSMUST00000036570.4|ENSMUSG00000040760|Appl1	32.7	26922976	chr14:26918987-26923730	0.22	0.26	0.28	0.21	0.21	0.21	0.47	0.29	0.31	0.24	0.24	0.36
ENSMUST00000224981.1|ENSMUSG00000021895|Arhgef3	274.4	27402127	chr14:27401976-27403911	0.96	1.00	0.89	1.00	1.00	1.00	NA	1.00	1.00	1.00	1.00	0.93
ENSMUST00000223689.1|ENSMUSG00000046753|Ccdc66	17.7	27482252	chr14:27481089-27482518	0.95	NA	NA	NA	1.00	0.38	0.83	0.67	NA	0.69	NA	1.00
ENSMUST00000063465.11|ENSMUSG00000021994|Wnt5a	319.9	28525255	chr14:28522937-28527448	0.08	0.11	0.18	0.20	0.51	0.16	0.09	0.12	0.15	0.18	0.06	NA
ENSMUST00000224797.1|ENSMUSG00000015971|Actr8	5.6	29994142	chr14:29993101-30006354	0.04	NA	0.06	NA	0.04	0.09	NA	0.13	NA	NA	0.04	0.05
ENSMUST00000112210.10|ENSMUSG00000021948|Prkcd	1655.4	30595662	chr14:30595353-30595869	0.22	0.20	0.25	0.28	0.75	0.49	0.28	0.22	0.28	0.27	0.48	0.36
ENSMUST00000228686.1|ENSMUSG00000052395|Rft1	196.7	30677844	chr14:30677693-30691317	0.04	0.04	0.03	0.04	0.04	0.02	0.03	0.03	0.04	0.04	0.03	0.03
ENSMUST00000054230.11|ENSMUSG00000006527|Sfmbt1	15.2	30818884	chr14:30817845-30822721	0.20	NA	0.28	0.18	0.17	0.27	0.44	0.50	0.35	0.25	NA	0.17
ENSMUST00000040715.7|ENSMUSG00000042485|Mustn1	646.7	30881249	chr14:30881027-30881610	0.72	0.78	0.48	0.62	0.33	0.42	0.45	0.48	0.61	0.35	0.61	0.52
ENSMUST00000228328.1|ENSMUSG00000021918|Nek4	47.6	30988244	chr14:30987201-30988821	NA	0.44	0.42	0.39	0.22	0.66	0.56	0.38	0.51	0.61	0.08	0.90
ENSMUST00000228767.1|ENSMUSG00000021917|Spcs1	424857.4	31000558	chr14:30999825-31000709	1.00	1.00	1.00	1.00	1.00	1.00	1.00	1.00	1.00	1.00	1.00	1.00
ENSMUST00000022476.8|ENSMUSG00000021916|Glt8d1	691.3	31011823	chr14:31011672-31011991	0.30	0.41	0.34	0.24	0.60	0.34	0.35	0.34	0.29	0.33	0.20	0.42
ENSMUST00000136237.7|ENSMUSG00000042323|Pbrm1	31.3	31074982	chr14:31074788-31118966	0.03	0.05	0.05	0.10	0.02	0.05	0.09	0.06	0.04	0.04	0.04	0.05
ENSMUST00000170268.1|ENSMUSG00000091898|Tnnc1	1242.3	31211457	chr14:31211306-31211636	NA	0.47	0.46	NA	NA	0.54	0.53	0.61	NA	NA	0.55	0.52
ENSMUST00000100730.9|ENSMUSG00000021892|Sh3bp5	1916.1	31374222	chr14:31373784-31374986	0.84	0.62	0.53	0.51	1.00	0.78	0.51	0.53	0.57	0.49	0.73	0.79
ENSMUST00000055303.4|ENSMUSG00000021891|Mettl6	64.3	31479056	chr14:31476819-31479637	0.09	0.08	0.10	0.13	0.12	0.07	0.16	0.12	0.10	0.11	0.23	0.36
ENSMUST00000022446.6|ENSMUSG00000021890|Eaf1	215.0	31506765	chr14:31506614-31509858	0.87	0.73	1.00	0.87	1.00	0.79	0.88	1.00	0.90	0.83	1.00	0.97
ENSMUST00000167175.7|ENSMUSG00000115022|Gm49387	48.6	31614203	chr14:31552904-31626422	0.03	0.06	0.03	0.03	0.07	0.06	0.03	0.06	0.05	0.04	0.07	0.07
ENSMUST00000090147.6|ENSMUSG00000021900|Btd	552.5	31668061	chr14:31667910-31668579	0.08	0.08	0.06	0.07	0.09	0.09	0.07	0.07	0.07	0.07	0.09	0.14
ENSMUST00000227878.1|ENSMUSG00000014496|Ankrd28	14.8	31734919	chr14:31727643-31735070	0.06	0.07	0.05	0.02	0.08	0.09	NA	0.05	0.05	0.06	NA	0.08
ENSMUST00000112001.8|ENSMUSG00000021905|Dph3	4477.4	32084902	chr14:32080568-32085053	0.41	0.61	0.63	0.60	0.26	0.39	0.42	0.77	0.60	0.71	0.42	0.56
ENSMUST00000164868.7|ENSMUSG00000021906|Oxnad1	591.1	32099726	chr14:32099575-32103202	0.46	0.45	0.28	0.36	0.41	0.34	0.27	0.32	0.37	0.48	0.45	0.56
ENSMUST00000168334.7|ENSMUSG00000056234|Ncoa4	31774.4	32172997	chr14:32172607-32179855	0.76	0.78	0.72	0.83	0.80	0.81	0.74	0.76	0.69	0.81	0.80	0.72
ENSMUST00000163379.1|ENSMUSG00000013701|Timm23	23664.5	32193318	chr14:32180506-32193469	0.04	0.04	0.04	0.04	0.03	0.04	0.04	0.04	0.04	0.04	0.04	0.04
ENSMUST00000170129.7|ENSMUSG00000021911|Parg	40.2	32214650	chr14:32214388-32297220	0.03	0.03	0.03	0.03	0.03	0.04	NA	0.03	0.03	0.03	0.02	0.02
ENSMUST00000039191.7|ENSMUSG00000041707|Tmem273	121.9	32817653	chr14:32816868-32817984	NA	NA	0.84	NA	0.87	0.55	NA	NA	0.47	0.44	NA	NA
ENSMUST00000053175.12|ENSMUSG00000050666|Vstm4	2897.8	32938780	chr14:32937859-32939491	0.17	0.16	0.15	0.15	0.33	0.14	0.13	0.13	0.14	0.13	0.18	0.16
ENSMUST00000111956.8|ENSMUSG00000063506|Arhgap22	56.2	33369760	chr14:33369575-33369934	0.29	0.15	NA	0.41	0.51	0.27	NA	0.40	0.49	0.30	0.73	0.20
ENSMUST00000168727.2|ENSMUSG00000021943|Gdf10	129.1	33935027	chr14:33934510-33937983	NA	0.02	0.02	0.02	0.04	0.03	0.02	0.02	0.02	0.02	NA	0.02
ENSMUST00000035351.6|ENSMUSG00000041479|Syt15	40.7	34229046	chr14:34228178-34230420	0.81	0.65	0.81	NA	1.00	NA	NA	NA	NA	NA	NA	NA
ENSMUST00000022322.16|ENSMUSG00000021794|Glud1	4860.0	34344719	chr14:34343720-34345265	0.17	0.17	0.14	0.16	0.32	0.24	0.18	0.14	0.19	0.18	0.28	0.28
ENSMUST00000023826.4|ENSMUSG00000023064|Sncg	84.9	34370396	chr14:34370273-34370547	0.30	0.33	0.27	0.15	0.51	NA	0.33	0.19	0.53	NA	0.42	0.45
ENSMUST00000111908.2|ENSMUSG00000041445|Mmrn2	1840.2	34403577	chr14:34403292-34404287	0.15	0.13	0.17	0.08	0.36	0.12	0.14	0.07	0.15	0.15	0.13	0.16
ENSMUST00000049005.14|ENSMUSG00000021796|Bmpr1a	269.8	34413416	chr14:34410733-34414546	0.51	0.42	0.51	0.55	0.72	0.44	1.00	0.48	0.60	0.57	0.96	0.68
ENSMUST00000048263.13|ENSMUSG00000041408|Wapl	47.3	34746083	chr14:34745687-34747983	0.37	0.46	0.65	0.97	0.58	0.45	0.60	0.37	0.44	0.58	NA	0.50
ENSMUST00000090024.10|ENSMUSG00000058690|Ccser2	114.0	36879054	chr14:36874935-36879670	0.47	0.64	0.62	0.80	0.62	0.70	0.31	0.64	0.66	0.68	1.00	1.00
ENSMUST00000022337.10|ENSMUSG00000021803|Cdhr1	113.6	37079251	chr14:37077856-37079407	NA	NA	1.00	1.00	1.00	1.00	1.00	0.77	0.81	1.00	NA	NA
ENSMUST00000165649.3|ENSMUSG00000041028|Ghitm	19542.3	37121017	chr14:37120091-37122144	0.09	0.10	0.09	0.11	0.23	0.12	0.14	0.09	0.15	0.11	0.14	0.13
ENSMUST00000047652.5|ENSMUSG00000037824|Tspan14	893.2	40906861	chr14:40906444-40908060	0.81	0.81	0.73	0.69	0.83	0.89	0.81	0.79	0.69	0.77	1.00	0.97
ENSMUST00000022317.14|ENSMUSG00000021792|Prxl2a	7116.5	40994173	chr14:40993739-40994526	0.66	0.65	0.61	0.56	0.92	0.69	0.56	0.61	0.56	0.60	0.68	0.70
ENSMUST00000095959.1|ENSMUSG00000071489|Ptgdr	435.8	44852961	chr14:44851234-44853228	0.55	NA	0.85	0.82	0.97	0.82	0.66	0.77	0.76	0.78	NA	NA
ENSMUST00000227315.1|ENSMUSG00000021831|Ero1l	267.5	45305180	chr14:45301908-45305331	0.04	0.03	0.04	0.03	0.03	0.06	0.04	0.04	0.04	0.04	0.04	0.03
ENSMUST00000228311.1|ENSMUSG00000053205|Styx	308.9	45378486	chr14:45373582-45422820	NA	0.05	NA	NA	0.07	NA	0.03	NA	NA	NA	0.04	NA
ENSMUST00000046191.8|ENSMUSG00000037722|Gnpnat1	485.5	45377641	chr14:45376333-45378341	0.22	0.20	0.26	0.32	0.24	0.25	0.10	0.31	0.31	0.28	0.40	0.54
ENSMUST00000045905.13|ENSMUSG00000037712|Fermt2	1938.4	45459424	chr14:45458794-45459852	0.79	0.73	0.76	0.76	1.00	1.00	0.89	0.77	0.93	0.97	0.97	0.96
ENSMUST00000149286.8|ENSMUSG00000037697|Ddhd1	123.5	45620671	chr14:45594725-45620822	0.10	0.10	0.10	0.13	0.11	0.09	0.15	0.13	0.09	0.08	0.13	0.09
ENSMUST00000015903.11|ENSMUSG00000015759|Cnih1	6238.1	46775971	chr14:46775566-46776524	0.47	0.44	0.34	0.38	0.94	0.46	0.43	0.35	0.41	0.42	0.70	0.59
ENSMUST00000111817.7|ENSMUSG00000062014|Gmfb	980.0	46810536	chr14:46808148-46811754	0.83	0.75	0.85	0.73	0.93	0.69	1.00	0.87	0.77	0.78	0.79	0.85
ENSMUST00000089959.6|ENSMUSG00000037580|Gch1	86.4	47155649	chr14:47153894-47155800	0.54	0.58	0.86	0.74	0.38	0.67	0.48	0.80	0.82	0.71	1.00	0.60
ENSMUST00000164235.2|ENSMUSG00000021840|Mapk1ip1l	354.9	47319571	chr14:47319420-47323204	1.00	0.85	1.00	1.00	0.96	0.87	1.00	0.98	1.00	0.93	0.73	1.00
ENSMUST00000142734.7|ENSMUSG00000050335|Lgals3	31310.6	47385828	chr14:47385677-47386160	0.00	0.00	0.07	0.06	0.03	0.06	0.01	0.09	0.04	0.04	NA	NA
ENSMUST00000226299.1|ENSMUSG00000037526|Atg14	75.2	47542470	chr14:47540892-47542839	1.00	1.00	0.83	1.00	1.00	0.66	1.00	0.81	1.00	0.97	0.81	0.84
ENSMUST00000189986.6|ENSMUSG00000021843|Ktn1	229.2	47667456	chr14:47667305-47736564	0.05	0.04	0.05	0.04	0.06	0.05	0.08	0.05	0.03	0.07	0.06	0.06
ENSMUST00000226828.1|ENSMUSG00000021846|Peli2	40.6	48240418	chr14:48240267-48258691	0.12	0.10	0.15	0.13	0.07	0.09	0.15	0.12	NA	NA	NA	0.08
ENSMUST00000153765.7|ENSMUSG00000036339|Tmem260	119.4	48474117	chr14:48473966-48512135	0.05	0.05	0.04	0.05	0.07	0.05	0.08	0.05	0.04	0.04	NA	0.05
ENSMUST00000162175.8|ENSMUSG00000061244|Exoc5	131.7	49012558	chr14:49004089-49014163	0.02	0.01	0.02	0.02	0.03	0.02	0.04	0.01	0.01	0.02	0.02	0.03
ENSMUST00000227410.1|ENSMUSG00000036291|Ap5m1	86.8	49074194	chr14:49073998-49087365	0.07	0.07	0.06	0.06	0.03	0.05	0.08	0.09	0.06	0.06	0.07	0.07
ENSMUST00000136995.1|ENSMUSG00000036282|Naa30	19.5	49180868	chr14:49180717-49187890	0.02	0.00	0.01	0.00	0.00	0.00	NA	0.00	0.00	0.00	0.00	0.00
ENSMUST00000036972.13|ENSMUSG00000036242|Armh4	18.6	49681913	chr14:49675951-49682350	NA	NA	0.03	0.03	NA	0.02	0.02	0.04	0.03	0.05	0.05	0.14
ENSMUST00000228440.1|ENSMUSG00000006288|Ttc5	496.0	50775261	chr14:50773276-50775412	0.01	0.01	0.00	0.00	0.01	0.01	0.01	0.01	0.00	0.01	0.01	0.00
ENSMUST00000227810.1|ENSMUSG00000036023|Parp2	768.5	50817470	chr14:50815391-50819471	0.03	0.07	0.00	0.05	0.04	0.00	0.00	0.00	0.02	0.05	0.00	0.00
ENSMUST00000227271.1|ENSMUSG00000090799|Klhl33	12.2	50891240	chr14:50888581-50891391	NA	NA	0.13	NA	NA	NA	0.34	0.15	NA	0.08	NA	NA
ENSMUST00000160393.7|ENSMUSG00000006289|Osgep	30.7	50915710	chr14:50906477-50915861	0.01	0.00	0.01	0.00	0.00	0.00	0.00	0.00	0.00	0.01	0.00	0.00
ENSMUST00000160835.8|ENSMUSG00000035953|Pip4p1	17717.5	50927526	chr14:50926067-50927896	0.94	0.95	0.32	0.29	0.59	0.79	0.27	0.28	0.40	0.42	0.34	0.28
ENSMUST00000178092.1|ENSMUSG00000115338|Pnp	640.7	50951845	chr14:50951618-50965237	0.00	0.00	0.00	0.00	0.01	0.01	0.00	0.00	0.00	0.00	0.01	0.01
ENSMUST00000169895.2|ENSMUSG00000021876|Rnase4	118381.0	51105464	chr14:51105264-51106151	0.54	0.50	0.44	0.47	1.00	0.56	0.43	0.45	0.41	0.47	0.72	0.69
ENSMUST00000080126.3|ENSMUSG00000035896|Rnase1	11.7	51145297	chr14:51144997-51145448	NA	NA	0.15	0.16	NA	NA	0.12	0.06	NA	NA	NA	NA
ENSMUST00000168217.7|ENSMUSG00000004561|Mettl17	160.4	51885556	chr14:51885405-51889584	0.21	0.17	0.13	0.13	0.16	0.14	0.18	0.22	0.12	0.15	0.18	0.16
ENSMUST00000004673.14|ENSMUSG00000004558|Ndrg2	292017.5	51905641	chr14:51905270-51906142	0.59	0.58	0.53	0.53	1.00	0.66	0.56	0.51	0.60	0.55	0.82	0.80
ENSMUST00000183208.7|ENSMUSG00000004562|Arhgef40	2361.8	51998230	chr14:51990964-52005633	1.00	0.82	0.72	0.58	1.00	0.75	NA	0.78	0.53	0.50	NA	NA
ENSMUST00000226522.1|ENSMUSG00000049295|Zfp219	244.3	52006329	chr14:52006076-52006542	0.32	0.34	0.22	0.29	0.33	0.28	0.25	0.23	0.38	0.27	0.35	0.30
ENSMUST00000111610.11|ENSMUSG00000060373|Hnrnpc	10771.8	52074842	chr14:52073376-52075082	0.27	0.34	0.27	0.30	0.26	0.37	0.19	0.28	0.29	0.24	0.44	0.46
ENSMUST00000022766.7|ENSMUSG00000016831|Tox4	420.7	52294288	chr14:52293258-52296401	0.19	0.19	0.16	0.17	0.16	0.14	0.17	0.19	0.17	0.15	0.18	0.21
ENSMUST00000122962.2|ENSMUSG00000022160|Mettl3	849.1	52299700	chr14:52297204-52300398	0.23	0.25	0.24	0.25	0.25	0.23	0.29	0.34	0.18	0.22	0.23	0.19
ENSMUST00000135523.4|ENSMUSG00000049532|Sall2	47.8	52312573	chr14:52311171-52312724	0.78	1.00	1.00	1.00	0.57	1.00	1.00	1.00	0.82	NA	1.00	1.00
ENSMUST00000022781.7|ENSMUSG00000022174|Dad1	22139.4	54242589	chr14:54235478-54242740	0.00	0.00	0.00	0.00	0.00	0.00	0.00	0.00	0.00	0.00	0.00	0.00
ENSMUST00000239403.1|ENSMUSG00000040997|Abhd4	3467.8	54268707	chr14:54267854-54269169	0.82	0.80	0.73	0.73	0.86	0.80	0.82	0.73	0.79	0.75	0.84	0.89
ENSMUST00000000985.6|ENSMUSG00000000959|Oxa1l	82.8	54368599	chr14:54368448-54369673	0.19	0.34	0.38	0.41	0.16	0.29	0.30	0.37	0.39	0.27	0.16	0.27
ENSMUST00000000984.8|ENSMUSG00000000958|Slc7a7	329.8	54369637	chr14:54369441-54369788	0.33	0.31	0.37	0.34	0.60	0.44	0.33	0.36	0.34	0.31	0.55	0.78
ENSMUST00000132227.8|ENSMUSG00000023110|Prmt5	7093.0	54513290	chr14:54511205-54516112	0.00	0.00	NA	NA	NA	NA	NA	NA	NA	0.00	0.00	0.00
ENSMUST00000022784.8|ENSMUSG00000022177|Haus4	108.9	54541925	chr14:54541784-54542076	0.02	0.10	0.28	0.17	0.38	0.20	0.14	0.21	0.13	0.25	0.55	0.48
ENSMUST00000054487.9|ENSMUSG00000022178|Ajuba	76.9	54568782	chr14:54567471-54568933	1.00	1.00	1.00	0.99	NA	0.99	1.00	0.66	0.99	1.00	NA	NA
ENSMUST00000022786.5|ENSMUSG00000022179|4931414P19Rik	8.8	54584128	chr14:54583662-54584283	NA	NA	NA	0.28	NA	NA	NA	0.57	NA	NA	0.54	0.30
ENSMUST00000126166.7|ENSMUSG00000022185|Acin1	133.8	54642385	chr14:54642160-54642730	0.73	0.32	0.30	0.40	0.78	0.87	0.53	0.41	0.70	0.35	0.79	0.73
ENSMUST00000038539.7|ENSMUSG00000040822|1700123O20Rik	2077.0	54690447	chr14:54690230-54690741	0.41	0.42	0.30	0.35	0.68	0.49	0.44	0.34	0.42	0.34	0.61	0.48
ENSMUST00000022787.7|ENSMUSG00000022180|Slc7a8	579.3	54723945	chr14:54722208-54724096	NA	1.00	1.00	1.00	1.00	1.00	1.00	1.00	1.00	1.00	1.00	1.00
ENSMUST00000081162.5|ENSMUSG00000057156|Homez	13.9	54855771	chr14:54852735-54856695	NA	0.01	0.18	0.16	NA	NA	NA	0.09	0.15	0.11	0.12	0.07
ENSMUST00000172695.1|ENSMUSG00000022194|Pabpn1	15507.8	54895923	chr14:54894457-54898056	0.60	0.56	0.48	0.54	0.97	0.52	0.51	0.51	0.40	0.47	0.55	0.48
ENSMUST00000231305.1|ENSMUSG00000022199|Slc22a17	43301.0	54907518	chr14:54906730-54909693	0.47	0.60	0.51	0.62	0.44	0.69	0.68	0.57	0.60	0.50	0.60	0.55
ENSMUST00000227587.1|ENSMUSG00000022203|Efs	3405.9	54920827	chr14:54920005-54920978	0.71	1.00	1.00	1.00	NA	0.86	1.00	1.00	1.00	1.00	1.00	1.00
ENSMUST00000037814.7|ENSMUSG00000040759|Cmtm5	3303.2	54939194	chr14:54939043-54939273	0.12	0.23	0.23	0.11	0.25	0.24	0.15	0.12	0.01	NA	0.25	0.24
ENSMUST00000036328.8|ENSMUSG00000040721|Zfhx2	14.4	55061952	chr14:55060261-55062606	NA	0.20	NA	0.57	NA	NA	0.69	0.00	NA	NA	0.43	0.16
ENSMUST00000050575.8|ENSMUSG00000045691|Thtpa	119.1	55097743	chr14:55097504-55098986	0.90	0.80	0.85	0.71	1.00	0.96	0.90	0.84	0.68	0.81	0.90	0.79
ENSMUST00000022819.12|ENSMUSG00000022208|Jph4	4712.0	55108163	chr14:55106825-55108314	1.00	1.00	0.96	0.93	1.00	1.00	1.00	1.00	0.95	1.00	1.00	1.00
ENSMUST00000022821.7|ENSMUSG00000022210|Dhrs4	962.4	55490081	chr14:55489930-55490340	0.31	0.37	0.39	0.30	0.73	0.36	0.27	0.31	0.41	0.28	0.40	0.44
ENSMUST00000226519.1|ENSMUSG00000040618|Pck2	44.7	55548907	chr14:55548756-55551242	0.14	0.33	0.17	0.26	0.10	0.11	0.33	0.24	0.17	0.31	0.08	0.30
ENSMUST00000150019.7|ENSMUSG00000022214|Dcaf11	15881.6	55567400	chr14:55562972-55570064	0.00	0.00	0.00	0.00	0.00	0.00	0.02	0.01	0.00	0.00	0.01	0.00
ENSMUST00000174419.1|ENSMUSG00000022216|Psme1	128068.8	55581204	chr14:55581053-55581529	0.42	0.44	0.41	0.40	0.76	0.43	0.45	0.41	0.43	0.41	0.61	0.54
ENSMUST00000227708.1|ENSMUSG00000047098|Rnf31	183.8	55603472	chr14:55603321-55603673	0.48	0.32	0.39	0.41	0.58	0.21	0.35	0.39	0.52	0.40	0.29	0.34
ENSMUST00000134863.7|ENSMUSG00000002325|Irf9	1349.3	55609272	chr14:55609028-55610030	0.82	0.81	0.81	0.70	0.76	0.85	0.72	0.74	0.78	0.62	0.57	0.92
ENSMUST00000148351.7|ENSMUSG00000002319|Ipo4	7968.4	55634014	chr14:55625633-55634178	0.39	0.45	0.45	0.47	0.48	0.43	0.70	0.43	0.46	0.47	0.59	0.45
ENSMUST00000156420.8|ENSMUSG00000115232|Gm49378	5213.1	55636070	chr14:55629075-55636221	0.73	0.81	0.29	0.35	0.12	0.22	0.13	0.22	0.40	0.30	0.58	1.00
ENSMUST00000149726.7|ENSMUSG00000002320|Tm9sf1	25367.3	55637821	chr14:55636015-55637972	0.25	0.21	0.21	0.21	0.20	0.20	0.20	0.22	0.21	0.21	0.22	0.22
ENSMUST00000002400.6|ENSMUSG00000002329|Mdp1	496.8	55658159	chr14:55657878-55658985	0.79	0.78	0.63	0.75	1.00	0.73	0.76	0.48	0.68	0.74	0.81	0.83
ENSMUST00000227250.1|ENSMUSG00000010376|Nedd8	22634.3	55662431	chr14:55662263-55662622	0.40	0.40	0.40	0.41	0.61	0.45	0.39	0.40	0.42	0.43	0.49	0.48
ENSMUST00000002397.6|ENSMUSG00000002326|Gmpr2	483.1	55678575	chr14:55678410-55679200	0.15	0.13	0.13	0.13	0.16	0.10	0.08	0.11	0.13	0.18	0.11	0.20
ENSMUST00000227061.1|ENSMUSG00000040472|Rabggta	105.3	55716048	chr14:55715415-55716392	0.08	0.05	0.06	0.06	0.16	0.08	0.02	0.06	0.14	0.14	0.13	0.14
ENSMUST00000002403.9|ENSMUSG00000002332|Dhrs1	17151.0	55739135	chr14:55739019-55739286	0.30	0.27	0.21	0.19	0.30	0.26	0.23	0.23	0.24	0.30	0.33	0.28
ENSMUST00000019441.8|ENSMUSG00000019297|Nop9	681.0	55753946	chr14:55753795-55755500	0.22	0.90	0.26	0.39	0.31	0.31	0.38	0.38	0.13	0.10	1.00	1.00
ENSMUST00000001497.8|ENSMUSG00000022219|Cideb	74.4	55754284	chr14:55754049-55754438	0.39	0.34	0.17	0.14	0.69	0.51	0.62	0.22	NA	NA	0.43	0.63
ENSMUST00000022830.13|ENSMUSG00000022221|Ripk3	183.8	55785048	chr14:55784994-55785199	0.28	0.27	0.12	0.28	0.25	0.06	0.24	0.23	0.08	0.20	NA	NA
ENSMUST00000172271.8|ENSMUSG00000023411|Nfatc4	286.2	55832987	chr14:55832836-55833941	NA	NA	1.00	1.00	NA	NA	1.00	1.00	1.00	1.00	NA	NA
ENSMUST00000168479.2|ENSMUSG00000075592|Nynrin	220.7	55873108	chr14:55872957-55874736	NA	NA	1.00	0.85	0.53	0.80	0.51	0.57	0.67	0.63	NA	NA
ENSMUST00000226273.1|ENSMUSG00000022223|Sdr39u1	1966.4	55899095	chr14:55898296-55899246	0.32	0.31	0.22	0.21	0.56	0.23	0.22	0.25	0.27	0.23	0.27	0.32
ENSMUST00000161553.1|ENSMUSG00000054509|Parp4	25.7	56659580	chr14:56659427-56659794	0.57	NA	0.34	0.46	0.27	NA	0.52	0.43	NA	NA	NA	0.19
ENSMUST00000116468.1|ENSMUSG00000079184|Mphosph8	17.1	56697320	chr14:56697169-56697430	0.47	0.19	0.43	0.42	0.97	0.98	0.56	0.54	NA	NA	NA	0.67
ENSMUST00000168575.1|ENSMUSG00000021938|Pspc1	124.6	56764054	chr14:56748857-56764205	0.06	0.07	0.08	0.06	0.06	0.07	0.07	0.08	0.06	0.05	0.05	0.16
ENSMUST00000225699.1|ENSMUSG00000040123|Zmym5	325.2	56796603	chr14:56793327-56796802	0.12	0.21	0.19	0.14	0.61	0.15	0.14	0.19	0.20	0.18	0.17	0.14
ENSMUST00000022511.9|ENSMUSG00000021945|Zmym2	21.2	56960363	chr14:56959904-56962701	0.36	0.15	0.19	0.16	0.10	0.21	0.19	0.19	0.23	0.16	0.31	0.37
ENSMUST00000055698.7|ENSMUSG00000046352|Gjb2	5564.6	57099246	chr14:57098599-57100071	0.52	0.40	0.56	0.48	0.75	0.49	0.55	0.46	0.50	0.51	0.83	NA
ENSMUST00000039380.8|ENSMUSG00000040055|Gjb6	35112.7	57123700	chr14:57123302-57124019	0.57	0.59	0.46	0.49	1.00	0.73	0.45	0.50	0.52	0.52	0.61	0.74
ENSMUST00000022517.8|ENSMUSG00000021947|Cryl1	669.6	57275260	chr14:57274992-57275451	0.37	0.39	0.29	0.30	0.70	0.35	0.25	0.29	0.31	0.30	0.58	0.43
ENSMUST00000089494.5|ENSMUSG00000050222|Il17d	523.1	57542817	chr14:57542637-57543166	0.83	0.57	0.44	0.27	1.00	0.55	0.31	0.38	0.48	0.34	0.79	0.67
ENSMUST00000174694.7|ENSMUSG00000114942|Gm49361	3.9	57648353	chr14:57642076-57648504	0.04	NA	0.08	NA	0.01	0.02	NA	NA	NA	0.08	NA	NA
ENSMUST00000128764.8|ENSMUSG00000021963|Sap18	8590.5	57803214	chr14:57802075-57806638	0.07	0.06	0.06	0.06	0.04	0.05	0.07	0.04	0.06	0.06	0.06	0.07
ENSMUST00000022538.4|ENSMUSG00000021967|Mrpl57	242.2	57826973	chr14:57826822-57829296	0.22	0.34	0.50	0.43	0.09	0.24	0.30	0.42	0.59	0.38	0.27	0.26
ENSMUST00000089473.4|ENSMUSG00000021969|Zdhhc20	2276.2	57835179	chr14:57832702-57837632	0.22	0.19	0.26	0.20	0.16	0.10	0.22	0.18	0.14	0.22	0.23	0.15
ENSMUST00000022543.9|ENSMUSG00000021973|Micu2	705.2	57916700	chr14:57916260-57917270	0.66	0.58	0.55	0.58	1.00	0.79	0.55	0.68	0.52	0.55	0.66	0.70
ENSMUST00000174009.7|ENSMUSG00000035469|Rcbtb1	641.8	59217845	chr14:59217694-59235525	0.16	0.15	0.18	0.15	0.19	0.16	0.16	0.16	0.21	0.21	0.24	0.16
ENSMUST00000166121.3|ENSMUSG00000091649|Phf11b	125.8	59321168	chr14:59320963-59321453	NA	NA	0.42	0.26	0.65	0.29	0.31	0.12	0.51	0.28	NA	NA
ENSMUST00000095157.10|ENSMUSG00000068245|Phf11d	425.8	59348864	chr14:59347406-59349221	NA	0.10	0.10	0.12	0.03	NA	0.10	0.15	0.09	0.12	NA	NA
ENSMUST00000022553.5|ENSMUSG00000021981|Cab39l	201.1	59548383	chr14:59547162-59548903	0.49	0.71	0.68	0.72	0.54	0.52	0.89	0.53	0.69	0.52	0.79	0.67
ENSMUST00000225839.1|ENSMUSG00000021982|Cdadc1	12.2	59560246	chr14:59559387-59560898	0.37	NA	NA	NA	NA	0.16	NA	0.16	NA	NA	0.65	1.00
ENSMUST00000053949.6|ENSMUSG00000044461|Shisa2	58.0	59630389	chr14:59630185-59631660	NA	NA	0.85	0.46	NA	NA	NA	1.00	0.70	0.71	NA	NA
ENSMUST00000041905.7|ENSMUSG00000114797|Gm49336	80.2	60219632	chr14:60218077-60219991	0.76	1.00	0.78	1.00	0.73	0.76	1.00	1.00	0.86	0.96	0.61	0.63
ENSMUST00000022563.8|ENSMUSG00000021987|Mtmr6	736.4	60300882	chr14:60300518-60302370	0.93	0.91	0.76	0.94	1.00	1.00	1.00	0.99	0.79	0.74	1.00	1.00
ENSMUST00000022561.8|ENSMUSG00000021986|Amer2	121.1	60380513	chr14:60380262-60388197	0.04	0.02	0.02	0.04	0.02	0.02	0.01	0.04	0.02	0.02	0.02	0.02
ENSMUST00000022566.13|ENSMUSG00000021990|Spata13	61.9	60762181	chr14:60761048-60764556	0.83	0.66	0.62	0.84	1.00	0.94	0.72	0.84	0.67	0.69	NA	NA
ENSMUST00000225506.1|ENSMUSG00000021993|Mipep	25.8	60903575	chr14:60903424-60905478	0.04	0.02	0.09	0.04	0.01	0.06	0.31	0.08	0.04	0.00	0.06	0.03
ENSMUST00000111236.3|ENSMUSG00000060548|Tnfrsf19	407.1	60966146	chr14:60963874-60966459	0.91	0.76	0.90	0.82	1.00	0.96	1.00	1.00	0.70	1.00	1.00	0.75
ENSMUST00000055159.7|ENSMUSG00000043157|Arl11	262.3	61311632	chr14:61311270-61311936	NA	1.00	0.40	0.39	0.64	0.46	0.30	0.57	0.49	0.35	NA	NA
ENSMUST00000022494.9|ENSMUSG00000021928|Ebpl	41.5	61341015	chr14:61331741-61341166	0.01	0.02	0.01	0.02	0.02	0.01	0.01	0.01	0.00	0.01	0.02	0.03
ENSMUST00000022496.8|ENSMUSG00000021929|Kpna3	154.6	61367380	chr14:61365210-61367633	0.73	0.94	0.65	0.79	0.87	1.00	0.79	0.89	0.97	0.84	1.00	0.99
ENSMUST00000022497.14|ENSMUSG00000021930|Spryd7	232.6	61534176	chr14:61531992-61535146	0.07	0.04	0.12	0.15	0.05	0.04	0.02	0.11	0.08	0.10	0.11	0.16
ENSMUST00000169728.1|ENSMUSG00000021932|Rnaseh2b	262.0	62348717	chr14:62348566-62364100	0.07	0.08	0.10	0.14	0.05	0.07	0.15	0.13	0.12	0.13	0.09	0.10
ENSMUST00000039064.7|ENSMUSG00000035184|Fam124a	106.0	62606803	chr14:62606652-62608486	NA	0.61	0.57	0.66	0.74	0.47	0.28	0.90	0.51	0.71	0.48	0.57
ENSMUST00000053959.6|ENSMUSG00000035161|Ints6	8.6	62693119	chr14:62676329-62693583	0.02	0.02	0.05	0.03	0.02	0.03	0.06	0.04	0.04	0.03	0.04	0.02
ENSMUST00000014691.9|ENSMUSG00000014547|Wdfy2	50.1	62956807	chr14:62956306-62961509	0.52	NA	1.00	0.96	NA	NA	NA	0.76	0.97	1.00	1.00	1.00
ENSMUST00000006235.8|ENSMUSG00000021939|Ctsb	5447334.0	63142946	chr14:63142326-63145923	0.03	0.03	0.04	0.04	0.05	0.03	0.02	0.04	0.04	0.04	0.04	0.05
ENSMUST00000225449.1|ENSMUSG00000035078|Mtmr9	19.8	63520550	chr14:63519650-63520701	0.49	NA	0.62	NA	NA	0.54	1.00	0.74	NA	NA	1.00	0.95
ENSMUST00000079652.6|ENSMUSG00000063060|Sox7	149.9	63949276	chr14:63948656-63950732	0.82	0.86	0.68	0.63	0.90	0.85	NA	0.76	1.00	0.80	1.00	0.81
ENSMUST00000067927.8|ENSMUSG00000054733|Msra	362.0	64122892	chr14:64122624-64123191	0.50	0.47	0.33	0.49	0.74	0.63	0.44	0.33	0.42	0.51	0.47	0.55
ENSMUST00000224503.1|ENSMUSG00000060012|Kif13b	78.0	64806454	chr14:64806293-64809617	NA	NA	1.00	0.64	NA	NA	NA	1.00	0.72	1.00	NA	1.00
ENSMUST00000239450.1|ENSMUSG00000021975|Ints9	83.9	65039597	chr14:65039446-65039835	0.28	0.24	0.33	0.17	0.61	0.48	0.44	0.26	0.26	0.18	0.50	0.59
ENSMUST00000022550.7|ENSMUSG00000021978|Extl3	1213.7	65054464	chr14:65052059-65054615	1.00	1.00	1.00	1.00	1.00	1.00	1.00	1.00	0.91	1.00	1.00	0.87
ENSMUST00000131309.2|ENSMUSG00000007989|Fzd3	15.2	65201249	chr14:65192448-65202721	0.07	0.25	0.22	0.32	NA	0.15	NA	0.33	0.30	0.24	0.23	0.26
ENSMUST00000022610.14|ENSMUSG00000022032|Scara5	550.3	65764226	chr14:65762855-65764826	0.79	1.00	0.89	0.81	0.96	1.00	1.00	0.86	0.69	0.71	NA	NA
ENSMUST00000022612.9|ENSMUSG00000022033|Pbk	391.4	65817595	chr14:65817410-65817822	NA	NA	0.53	0.22	0.58	0.46	NA	0.21	0.55	0.37	0.68	0.44
ENSMUST00000022614.6|ENSMUSG00000022035|Ccdc25	129.4	65866148	chr14:65865156-65866607	0.69	0.85	0.95	0.91	0.79	0.71	0.74	0.77	0.61	0.57	0.68	1.00
ENSMUST00000042046.4|ENSMUSG00000034463|Scara3	3599.7	65920588	chr14:65919393-65920739	0.75	0.87	0.82	0.74	1.00	0.80	0.79	0.78	0.77	0.81	0.98	0.93
ENSMUST00000138665.1|ENSMUSG00000022037|Clu	4824531.0	65973494	chr14:65973343-65975646	0.24	0.23	0.24	0.27	0.12	0.20	0.26	0.25	0.24	0.25	0.16	0.17
ENSMUST00000224698.1|ENSMUSG00000022040|Ephx2	2980.0	66084533	chr14:66084373-66084684	0.36	0.27	0.27	0.27	0.44	0.25	0.27	0.24	0.28	0.26	0.38	0.39
ENSMUST00000022622.13|ENSMUSG00000059456|Ptk2b	331.2	66153905	chr14:66153256-66154056	1.00	1.00	0.62	0.79	1.00	1.00	1.00	0.98	0.77	0.65	1.00	1.00
ENSMUST00000022623.12|ENSMUSG00000022043|Trim35	1415.3	66309488	chr14:66309333-66311424	0.91	1.00	1.00	0.97	1.00	1.00	1.00	0.98	0.90	0.93	0.91	0.91
ENSMUST00000089236.10|ENSMUSG00000046204|Pnma2	78.3	66917380	chr14:66917223-66921023	NA	0.52	NA	0.34	0.03	0.18	0.21	0.42	NA	NA	0.23	0.23
ENSMUST00000225251.1|ENSMUSG00000022052|Ppp2r2a	3065.1	67038815	chr14:67015673-67038966	0.07	0.07	0.07	0.07	0.07	0.08	0.07	0.07	0.07	0.08	0.07	0.09
ENSMUST00000176161.7|ENSMUSG00000022053|Ebf2	79.7	67429510	chr14:67428119-67430918	NA	NA	0.50	0.33	NA	0.30	0.94	0.65	0.32	0.31	NA	NA
ENSMUST00000156700.1|ENSMUSG00000034327|Kctd9	45.9	67729733	chr14:67729317-67742161	0.24	0.14	0.11	0.12	0.10	0.10	NA	NA	NA	0.14	NA	NA
ENSMUST00000039135.5|ENSMUSG00000044447|Dock5	43.6	67755817	chr14:67752134-67756420	NA	0.44	0.49	0.65	NA	NA	0.64	0.39	0.44	0.44	NA	NA
ENSMUST00000111089.7|ENSMUSG00000022054|Nefm	60567.8	68084052	chr14:68082589-68084826	0.03	0.03	0.02	0.02	0.10	0.04	0.02	0.02	0.04	0.03	0.06	0.06
ENSMUST00000022639.7|ENSMUSG00000022055|Nefl	5289.7	68087608	chr14:68087444-68089095	0.81	0.70	0.65	0.68	0.90	0.89	0.62	0.68	0.56	0.81	0.67	0.70
ENSMUST00000022641.8|ENSMUSG00000022057|Adamdec1	34.0	68563713	chr14:68563379-68564371	NA	NA	0.68	0.89	NA	NA	0.72	0.61	NA	NA	NA	NA
ENSMUST00000014957.9|ENSMUSG00000014813|Stc1	14467.2	69039706	chr14:69038500-69041804	0.09	0.09	NA	NA	0.30	0.06	NA	NA	NA	NA	NA	NA
ENSMUST00000184973.7|ENSMUSG00000095463|Entpd4	3831.2	69366471	chr14:69365736-69367270	0.15	0.20	0.08	0.08	0.27	0.14	0.13	0.09	0.09	0.10	0.24	0.31
ENSMUST00000185072.7|ENSMUSG00000022066|Entpd4b	3743.8	69584706	chr14:69583986-69585520	0.15	0.17	0.09	0.08	0.28	0.15	0.14	0.09	0.10	0.11	0.20	0.26
ENSMUST00000022660.13|ENSMUSG00000034205|Loxl2	105.4	69693587	chr14:69693116-69695834	0.06	0.19	0.44	0.45	0.17	0.23	0.26	0.28	0.37	0.64	NA	NA
ENSMUST00000036381.9|ENSMUSG00000034190|Chmp7	685.7	69717444	chr14:69716999-69718250	0.75	0.78	0.75	0.92	0.80	0.66	0.82	0.78	0.98	0.87	0.85	0.90
ENSMUST00000022663.6|ENSMUSG00000022074|Tnfrsf10b	25.2	69783025	chr14:69782563-69784411	0.14	0.31	NA	0.18	0.55	0.38	NA	0.17	0.26	NA	NA	NA
ENSMUST00000022665.3|ENSMUSG00000022075|Rhobtb2	113.5	69787268	chr14:69784989-69787517	0.76	0.36	0.50	0.49	0.30	0.33	0.82	0.49	0.50	0.44	0.35	0.42
ENSMUST00000225200.1|ENSMUSG00000033730|Egr3	516.9	70080053	chr14:70079902-70082550	NA	1.00	1.00	1.00	NA	1.00	1.00	1.00	NA	NA	1.00	1.00
ENSMUST00000035612.6|ENSMUSG00000033712|Ccar2	283.5	70138463	chr14:70138167-70138905	0.57	0.72	0.49	0.47	0.56	0.47	0.48	0.41	0.89	0.64	0.73	0.61
ENSMUST00000129767.1|ENSMUSG00000044551|9930012K11Rik	135.9	70155785	chr14:70154897-70155936	0.50	0.39	NA	0.42	0.50	0.42	NA	NA	0.38	0.50	NA	NA
ENSMUST00000022681.10|ENSMUSG00000022090|Pdlim2	7591.6	70164461	chr14:70164217-70164618	0.35	0.35	0.31	0.27	0.78	0.39	0.31	0.32	0.36	0.33	0.43	0.49
ENSMUST00000227653.1|ENSMUSG00000022091|Sorbs3	1907.7	70180718	chr14:70180467-70181172	0.65	0.56	0.52	0.55	1.00	0.64	0.66	0.52	0.58	0.55	0.81	0.67
ENSMUST00000228911.1|ENSMUSG00000022092|Ppp3cc	81.5	70217935	chr14:70217864-70218086	0.34	0.18	0.03	0.15	0.37	0.00	NA	0.20	0.25	0.19	0.56	0.12
ENSMUST00000068044.13|ENSMUSG00000022094|Slc39a14	4629.6	70305561	chr14:70303468-70306668	0.54	0.53	0.63	0.65	0.75	0.49	1.00	0.62	0.53	0.61	NA	0.56
ENSMUST00000000793.12|ENSMUSG00000000776|Polr3d	178.2	70439050	chr14:70438756-70439458	0.45	0.54	0.44	0.26	0.65	0.58	0.37	0.43	0.58	0.38	0.43	0.69
ENSMUST00000003561.9|ENSMUSG00000003469|Phyhip	258.2	70467679	chr14:70467332-70468832	NA	0.06	0.07	0.07	0.12	0.08	0.08	0.05	0.04	0.06	0.10	0.11
ENSMUST00000226906.1|ENSMUSG00000022098|Bmp1	12330.0	70507998	chr14:70474557-70508198	0.09	0.08	0.07	0.06	0.08	0.07	0.08	0.07	0.06	0.07	NA	0.07
ENSMUST00000047331.7|ENSMUSG00000033595|Lgi3	24.0	70537325	chr14:70537031-70538324	NA	0.76	1.00	0.41	NA	0.87	NA	NA	NA	NA	0.96	0.65
ENSMUST00000047218.4|ENSMUSG00000033589|Reep4	227.3	70548695	chr14:70548492-70548933	0.20	0.26	0.33	0.37	0.58	0.37	0.23	0.26	0.27	0.29	0.27	0.60
ENSMUST00000022691.13|ENSMUSG00000022096|Hr	59.2	70573249	chr14:70572301-70573548	NA	NA	NA	0.72	0.13	0.86	1.00	NA	NA	NA	0.64	1.00
ENSMUST00000228554.1|ENSMUSG00000045211|Nudt18	1247.3	70580107	chr14:70579444-70582688	0.03	0.03	0.03	0.04	0.05	0.03	0.03	0.04	0.04	0.03	0.04	0.06
ENSMUST00000022690.9|ENSMUSG00000022095|Fam160b2	95.0	70583894	chr14:70583295-70585047	0.50	0.59	0.57	0.27	1.00	0.69	0.71	0.51	0.49	0.26	0.50	0.55
ENSMUST00000227331.1|ENSMUSG00000022099|Dmtn	10077.7	70612667	chr14:70605930-70614887	0.00	0.00	0.00	0.00	0.00	0.00	0.00	0.00	0.00	0.00	0.00	0.00
ENSMUST00000167242.7|ENSMUSG00000022100|Xpo7	26.9	70664722	chr14:70654245-70666003	0.06	0.02	0.03	0.01	0.06	0.02	0.02	0.05	0.02	0.01	0.04	0.02
ENSMUST00000022698.7|ENSMUSG00000022102|Dok2	32.0	70778221	chr14:70778070-70778495	NA	NA	NA	0.14	1.00	0.69	0.33	0.31	NA	NA	NA	NA
ENSMUST00000022699.9|ENSMUSG00000022103|Gfra2	1285.5	70979415	chr14:70978493-70979838	NA	0.93	NA	NA	NA	1.00	NA	0.87	NA	NA	1.00	1.00
ENSMUST00000089017.11|ENSMUSG00000033487|Fndc3a	159.7	72540018	chr14:72537945-72540169	0.85	1.00	0.92	1.00	1.00	1.00	1.00	1.00	1.00	1.00	NA	1.00
ENSMUST00000163797.1|ENSMUSG00000022106|Rcbtb2	3706.8	73174516	chr14:73173857-73182602	0.16	0.14	0.12	0.12	0.17	0.17	0.15	0.13	0.11	0.12	0.17	0.15
ENSMUST00000164624.1|ENSMUSG00000022105|Rb1	34.4	73282805	chr14:73280170-73282956	0.04	0.00	0.02	0.00	0.01	0.00	NA	0.00	0.02	0.00	0.00	0.01
ENSMUST00000044405.7|ENSMUSG00000033446|Lpar6	46.9	73239997	chr14:73239632-73243294	0.09	0.05	0.04	0.01	0.03	0.04	NA	0.18	0.07	0.11	0.04	NA
ENSMUST00000022704.8|ENSMUSG00000022108|Itm2b	2753353.0	73362628	chr14:73362225-73363060	0.38	0.36	0.34	0.34	0.49	0.38	0.33	0.34	0.35	0.35	0.43	0.42
ENSMUST00000022705.6|ENSMUSG00000022109|Med4	343.3	73518276	chr14:73518063-73518545	0.59	0.48	0.36	0.41	0.69	0.39	0.45	0.41	0.42	0.45	0.91	0.33
ENSMUST00000043813.2|ENSMUSG00000033405|Nudt15	34.8	73519914	chr14:73518876-73521516	0.44	0.22	0.33	0.14	0.59	0.32	NA	0.19	0.18	0.67	0.35	0.41
ENSMUST00000160507.7|ENSMUSG00000022110|Sucla2	1920.6	73595596	chr14:73595445-73596142	0.51	0.52	0.45	0.54	0.45	0.56	0.52	0.49	0.56	0.38	0.61	0.66
ENSMUST00000022573.16|ENSMUSG00000021996|Esd	11145.2	74749873	chr14:74749722-74750765	0.08	0.07	0.20	0.18	0.02	0.07	0.07	0.21	0.12	0.08	0.05	0.17
ENSMUST00000088970.6|ENSMUSG00000068015|Lrch1	179.6	74756353	chr14:74754674-74757035	0.29	0.22	0.41	0.31	0.23	0.28	0.43	0.55	0.45	0.33	0.33	0.56
ENSMUST00000036072.7|ENSMUSG00000034959|Rubcnl	12.4	75052229	chr14:75052078-75052532	NA	NA	NA	NA	0.82	0.18	0.23	NA	0.11	NA	NA	NA
ENSMUST00000145303.7|ENSMUSG00000021998|Lcp1	2236.7	75229644	chr14:75229335-75230842	1.00	0.99	0.90	0.85	0.83	0.93	1.00	0.98	1.00	1.00	1.00	1.00
ENSMUST00000022577.5|ENSMUSG00000022000|Zc3h13	32.5	75344089	chr14:75343761-75344426	0.64	0.53	0.42	0.86	0.39	0.64	0.49	0.63	0.35	0.46	1.00	0.53
ENSMUST00000049168.8|ENSMUSG00000034893|Cog3	92.9	75703357	chr14:75702369-75704033	0.76	0.68	0.75	0.52	1.00	0.68	0.77	0.72	0.54	0.64	0.66	0.64
ENSMUST00000022580.7|ENSMUSG00000022003|Slc25a30	51.5	75762152	chr14:75760116-75762651	1.00	NA	0.67	1.00	1.00	0.72	NA	0.98	NA	0.63	NA	NA
ENSMUST00000142061.2|ENSMUSG00000060126|Tpt1	198208.2	75847511	chr14:75847360-75848525	1.00	NA	1.00	1.00	1.00	NA	1.00	1.00	NA	NA	NA	NA
ENSMUST00000088922.4|ENSMUSG00000067995|Gtf2f2	106.2	75897384	chr14:75896936-75897536	0.62	0.55	0.61	0.53	0.73	0.58	0.51	0.51	0.44	0.60	0.57	0.60
ENSMUST00000050120.3|ENSMUSG00000046523|Kctd4	36.5	75963929	chr14:75963367-75966206	NA	0.18	NA	NA	NA	0.16	0.38	NA	NA	NA	0.31	0.23
ENSMUST00000022585.4|ENSMUSG00000022008|Gpalpp1	45.1	76089934	chr14:76086235-76090530	0.92	0.78	0.87	0.66	0.76	0.99	1.00	0.80	1.00	0.65	1.00	1.00
ENSMUST00000022586.1|ENSMUSG00000022009|Nufip1	11.7	76135050	chr14:76134899-76137379	0.09	0.01	NA	0.03	0.00	0.00	NA	0.17	0.01	NA	0.12	NA
ENSMUST00000227076.1|ENSMUSG00000052584|Serp2	1.8	76539901	chr14:76532815-76540052	0.01	0.01	0.01	0.01	0.01	0.01	0.00	0.02	0.01	0.00	0.01	0.01
ENSMUST00000022590.4|ENSMUSG00000022013|Dnajc15	609.9	77852790	chr14:77826346-77852941	0.03	0.03	0.03	0.03	0.03	0.03	0.03	0.03	0.03	0.03	0.02	0.03
ENSMUST00000022591.15|ENSMUSG00000022014|Epsti1	71.6	78002289	chr14:78001976-78002657	NA	NA	0.49	0.22	1.00	0.65	0.12	0.44	0.44	0.54	NA	NA
ENSMUST00000123853.8|ENSMUSG00000022016|Akap11	87.7	78495235	chr14:78492245-78495778	NA	0.45	0.47	0.52	1.00	0.69	0.39	0.50	NA	0.47	0.66	0.87
ENSMUST00000227537.1|ENSMUSG00000034731|Dgkh	113.2	78604276	chr14:78570002-78604540	0.06	0.08	0.07	0.04	0.08	0.04	NA	0.06	0.05	0.06	0.05	0.05
ENSMUST00000040990.6|ENSMUSG00000058997|Vwa8	30.6	79201479	chr14:79201203-79202310	0.69	0.46	0.67	0.74	0.72	0.56	0.68	0.65	0.60	0.53	0.58	0.62
ENSMUST00000022595.7|ENSMUSG00000022018|Rgcc	11189.4	79288961	chr14:79288755-79289114	0.36	0.31	0.31	0.29	0.63	0.44	0.35	0.33	0.30	0.32	0.44	0.46
ENSMUST00000169500.1|ENSMUSG00000022020|Naa16	70.0	79381389	chr14:79369145-79381540	0.14	0.10	0.12	0.12	NA	0.09	0.20	0.12	0.15	0.10	NA	NA
ENSMUST00000061222.8|ENSMUSG00000043881|Kbtbd7	49.2	79429435	chr14:79428799-79431036	0.50	1.00	0.82	1.00	NA	0.99	NA	1.00	1.00	0.87	1.00	1.00
ENSMUST00000040131.12|ENSMUSG00000036461|Elf1	129.7	79581324	chr14:79580767-79582494	0.85	0.64	0.67	0.76	0.72	0.58	1.00	0.72	0.62	0.70	NA	0.96
ENSMUST00000054908.9|ENSMUSG00000022024|Sugt1	60.1	79630546	chr14:79628950-79635196	0.04	0.02	0.06	0.06	0.05	0.02	0.02	0.07	0.05	0.03	0.09	0.20
ENSMUST00000039568.10|ENSMUSG00000036422|Pcdh8	30.1	79767023	chr14:79766774-79767373	NA	0.29	NA	NA	NA	0.72	NA	NA	NA	NA	0.81	0.53
ENSMUST00000071370.6|ENSMUSG00000035566|Pcdh17	34.5	84533975	chr14:84533554-84539002	NA	0.14	NA	NA	NA	0.34	0.20	0.23	NA	NA	0.19	0.19
ENSMUST00000168889.2|ENSMUSG00000022021|Diaph3	44.4	86655824	chr14:86655366-86656325	0.18	0.73	NA	NA	0.67	0.60	NA	NA	NA	NA	0.67	0.41
ENSMUST00000195826.5|ENSMUSG00000055421|Pcdh9	33.2	93013945	chr14:93013409-93015514	0.12	0.54	0.44	NA	1.00	NA	NA	NA	NA	NA	0.52	0.56
ENSMUST00000071533.12|ENSMUSG00000055639|Dach1	15.3	97789212	chr14:97786852-97789584	1.00	0.68	NA	NA	NA	NA	NA	NA	NA	0.48	NA	0.70
ENSMUST00000042662.9|ENSMUSG00000033186|Mzt1	1479.6	99035653	chr14:99034543-99036492	0.82	0.75	0.79	0.96	0.55	0.61	0.83	0.89	0.86	0.80	0.78	0.74
ENSMUST00000227022.1|ENSMUSG00000033166|Dis3	40.3	99097584	chr14:99076633-99098788	0.06	0.04	0.05	0.05	NA	0.05	0.01	0.31	0.04	0.03	0.02	0.02
ENSMUST00000022650.8|ENSMUSG00000022064|Pibf1	21.5	99254359	chr14:99254208-99254493	NA	NA	0.18	NA	0.90	0.16	NA	NA	0.14	0.35	NA	NA
ENSMUST00000228216.1|ENSMUSG00000072294|Klf12	48.6	99873928	chr14:99870631-99875135	0.20	0.09	0.23	0.26	0.30	0.29	0.15	0.43	0.30	0.20	0.23	0.22
ENSMUST00000159664.7|ENSMUSG00000033083|Tbc1d4	22.7	101489406	chr14:101462962-101489557	0.16	0.07	0.07	0.06	NA	0.06	0.06	0.07	0.07	0.09	0.05	0.08
ENSMUST00000100339.8|ENSMUSG00000075486|Commd6	1821.3	101634086	chr14:101633765-101634344	0.59	0.62	0.50	0.54	0.59	0.60	0.54	0.52	0.48	0.48	0.69	0.69
ENSMUST00000184744.1|ENSMUSG00000098557|Kctd12	1282.4	102981308	chr14:102976580-102981459	0.93	0.48	0.96	0.98	1.00	1.00	1.00	1.00	0.84	0.88	NA	NA
ENSMUST00000022722.6|ENSMUSG00000022126|Acod1	31.2	103055888	chr14:103055505-103056573	0.28	0.24	0.13	0.11	0.06	0.17	0.05	0.10	NA	NA	NA	NA
ENSMUST00000022721.7|ENSMUSG00000022125|Cln5	1244.4	103077233	chr14:103076336-103077628	0.93	0.69	0.67	0.71	1.00	0.96	0.77	0.77	0.70	0.63	1.00	0.72
ENSMUST00000022720.14|ENSMUSG00000022124|Fbxl3	545.8	103081215	chr14:103080238-103082869	0.08	0.09	0.05	0.12	0.22	0.13	0.09	0.10	0.09	0.07	0.19	0.12
ENSMUST00000069443.13|ENSMUSG00000055717|Slain1	51.5	103704400	chr14:103703908-103704907	0.76	1.00	0.56	0.45	NA	1.00	0.71	0.74	1.00	0.70	0.62	0.86
ENSMUST00000022718.10|ENSMUSG00000022122|Ednrb	2350.1	103816917	chr14:103814624-103817068	0.86	0.91	0.82	0.50	1.00	1.00	NA	1.00	1.00	1.00	0.69	0.75
ENSMUST00000228210.1|ENSMUSG00000022120|Rnf219	38.3	104510222	chr14:104506282-104510373	0.15	0.09	NA	NA	0.07	0.08	0.08	0.07	NA	0.08	0.08	0.08
ENSMUST00000181969.7|ENSMUSG00000053253|Ndfip2	11542.5	105304982	chr14:105304831-105309298	1.00	1.00	1.00	NA	1.00	1.00	1.00	1.00	1.00	1.00	1.00	NA
ENSMUST00000042767.8|ENSMUSG00000033214|Slitrk5	31.7	111682371	chr14:111681816-111683141	NA	0.40	NA	NA	NA	0.26	NA	NA	0.22	NA	0.19	0.36
ENSMUST00000176912.7|ENSMUSG00000022112|Gpc5	263.7	116524831	chr14:116524434-116525179	0.59	0.51	0.52	0.71	NA	0.76	0.60	0.66	NA	NA	0.85	0.73
ENSMUST00000088483.9|ENSMUSG00000058571|Gpc6	238.0	117975341	chr14:117975083-117976544	0.37	1.00	0.85	0.61	0.83	0.86	0.83	0.83	0.72	0.78	0.89	0.85
ENSMUST00000227350.1|ENSMUSG00000022130|Tgds	561.5	118121647	chr14:118111910-118121798	0.20	0.13	0.19	0.14	0.17	0.12	0.18	0.20	0.18	0.15	0.11	NA
ENSMUST00000022728.3|ENSMUSG00000022131|Gpr180	1051.7	118162974	chr14:118162744-118163261	0.54	0.43	0.42	0.47	0.66	0.54	0.35	0.36	0.38	0.39	0.70	0.43
ENSMUST00000170662.1|ENSMUSG00000061517|Sox21	90.6	118233778	chr14:118233231-118234807	0.33	0.82	0.21	0.30	1.00	0.90	NA	0.87	0.03	NA	0.66	0.77
ENSMUST00000036554.13|ENSMUSG00000032849|Abcc4	271.3	118483970	chr14:118482691-118484335	0.58	0.57	0.62	0.54	0.71	0.77	0.55	0.61	0.48	0.44	0.49	0.53
ENSMUST00000100314.3|ENSMUSG00000022132|Cldn10	669.8	118874463	chr14:118874312-118875489	0.05	0.04	0.08	0.09	0.01	0.02	0.01	0.15	NA	NA	0.04	0.05
ENSMUST00000047208.11|ENSMUSG00000042156|Dzip1	148.5	118876403	chr14:118875519-118877185	NA	0.11	0.05	0.08	0.72	0.02	0.04	0.07	0.06	0.12	0.11	0.06
ENSMUST00000022734.8|ENSMUSG00000022136|Dnajc3	877.6	118979155	chr14:118978181-118981697	0.59	0.48	0.56	0.61	0.70	0.50	0.52	0.59	0.60	0.57	0.40	0.54
ENSMUST00000088419.12|ENSMUSG00000022139|Mbnl2	1669.8	120429410	chr14:120428946-120431697	0.38	0.21	0.23	0.27	0.75	0.28	0.20	0.24	0.28	0.28	0.23	0.28
ENSMUST00000062117.13|ENSMUSG00000051615|Rap2a	786.9	120504044	chr14:120503835-120507194	0.24	0.28	0.31	0.30	0.32	0.27	0.15	0.36	0.22	0.30	0.22	0.37
ENSMUST00000032898.8|ENSMUSG00000030662|Ipo5	270.0	120947255	chr14:120946802-120947999	0.56	0.53	0.36	0.40	0.62	0.56	0.44	0.48	0.41	0.40	0.44	0.34
ENSMUST00000026635.7|ENSMUSG00000025555|Farp1	252.4	121282639	chr14:121282388-121283744	1.00	1.00	0.95	0.64	0.63	1.00	1.00	0.92	0.75	0.95	0.94	1.00
ENSMUST00000226998.1|ENSMUSG00000041765|Ubac2	281.2	121973860	chr14:121973709-121994308	0.02	0.02	0.02	0.02	0.02	0.02	0.02	0.02	0.02	0.02	0.02	0.02
ENSMUST00000049872.8|ENSMUSG00000051212|Gpr183	29.2	121953802	chr14:121952550-121954036	NA	NA	0.62	0.41	0.13	0.22	NA	NA	0.23	0.44	NA	0.25
ENSMUST00000170007.1|ENSMUSG00000025544|Tm9sf2	8335.2	122126259	chr14:122126108-122137478	0.03	0.03	0.03	0.03	0.03	0.03	0.03	0.03	0.03	0.02	0.03	0.02
ENSMUST00000039118.6|ENSMUSG00000041703|Zic5	270.9	122458290	chr14:122456794-122459335	0.43	0.30	0.29	0.29	0.97	0.37	0.56	0.29	0.32	0.37	0.12	0.48
ENSMUST00000038075.11|ENSMUSG00000041625|Ggact	619.8	122891134	chr14:122890859-122891354	0.25	0.32	0.25	0.29	0.86	0.37	0.28	0.32	0.25	0.29	0.48	0.32
ENSMUST00000128969.1|ENSMUSG00000041594|Tmtc4	56.8	122971739	chr14:122944746-122973224	0.11	0.10	0.25	0.24	0.37	0.11	0.58	0.43	0.11	0.09	0.12	0.17
