ENSMUST00000025075.2|ENSMUSG00000024232|Bambi	141.5	3512594	chr18:3512397-3516404	0.01	0.01	0.02	0.01	0.02	0.01	0.01	0.01	0.01	0.01	0.01	0.02
ENSMUST00000173930.7|ENSMUSG00000024235|Map3k8	374.2	4339413	chr18:4331339-4339564	0.20	0.16	0.18	0.18	0.24	0.10	0.21	0.18	0.21	0.20	NA	NA
ENSMUST00000234422.1|ENSMUSG00000024234|Mtpap	421.3	4380887	chr18:4380693-4397328	0.07	0.06	0.05	0.07	0.06	0.06	0.09	0.07	0.05	0.05	0.05	0.04
ENSMUST00000037029.6|ENSMUSG00000033960|Jcad	657.4	4680408	chr18:4680257-4682869	1.00	1.00	1.00	1.00	1.00	1.00	1.00	1.00	0.75	0.81	1.00	1.00
ENSMUST00000125512.7|ENSMUSG00000024236|Svil	389.4	5106871	chr18:5106717-5119291	0.05	0.04	0.06	0.06	0.06	0.04	0.06	0.08	0.06	0.06	NA	NA
ENSMUST00000063989.6|ENSMUSG00000050945|Zfp438	8.6	5210490	chr18:5210028-5210642	0.49	0.33	0.16	0.39	NA	NA	0.18	0.46	NA	0.22	0.50	0.34
ENSMUST00000161295.7|ENSMUSG00000024238|Zeb1	41.3	5641534	chr18:5641383-5766570	0.07	0.03	NA	NA	NA	NA	0.10	NA	NA	NA	NA	0.03
ENSMUST00000182066.7|ENSMUSG00000041225|Arhgap12	129.2	6025360	chr18:6024426-6026558	0.41	0.09	0.20	0.22	0.40	0.16	0.25	0.15	0.20	0.45	0.24	0.11
ENSMUST00000025083.13|ENSMUSG00000006740|Kif5b	24170.8	6208056	chr18:6201001-6208207	1.00	1.00	0.82	0.96	1.00	1.00	1.00	1.00	1.00	1.00	1.00	1.00
ENSMUST00000115870.8|ENSMUSG00000024240|Epc1	59.8	6437086	chr18:6435950-6437237	0.81	0.64	0.93	0.79	1.00	0.63	1.00	0.74	0.84	0.87	NA	NA
ENSMUST00000079788.6|ENSMUSG00000061013|Mkx	67.2	6935262	chr18:6934517-6936867	0.55	NA	0.41	0.24	NA	0.71	0.35	0.30	0.32	0.42	NA	NA
ENSMUST00000167020.7|ENSMUSG00000024283|Wac	699.0	7926925	chr18:7926136-7929028	0.07	0.12	0.09	0.09	0.14	0.12	0.13	0.10	0.10	0.10	0.19	0.18
ENSMUST00000041080.6|ENSMUSG00000036904|Fzd8	164.2	9215451	chr18:9214974-9218136	0.13	0.10	0.07	0.08	0.07	0.14	0.10	0.09	0.12	0.08	NA	NA
ENSMUST00000234779.1|ENSMUSG00000024286|Ccny	1287.6	9349270	chr18:9315950-9349421	0.07	0.08	0.07	0.09	0.09	0.06	0.09	0.08	0.07	0.08	0.06	0.06
ENSMUST00000025137.8|ENSMUSG00000024287|Thoc1	70.9	9994225	chr18:9993613-9995489	0.85	1.00	1.00	NA	0.48	1.00	0.64	NA	NA	NA	NA	NA
ENSMUST00000092096.13|ENSMUSG00000047879|Usp14	598.4	9995735	chr18:9993065-9996099	0.07	0.11	0.13	0.12	0.10	0.08	0.18	0.11	0.10	0.12	0.14	0.20
ENSMUST00000234610.1|ENSMUSG00000024290|Rock1	38.0	10072759	chr18:10065755-10072910	0.54	0.18	NA	0.18	0.34	0.11	0.13	0.15	NA	0.16	NA	NA
ENSMUST00000002551.4|ENSMUSG00000002477|Snrpd1	1255.3	10628018	chr18:10627867-10628230	0.18	0.20	0.21	0.38	0.08	0.28	0.23	0.24	0.11	0.21	0.23	0.33
ENSMUST00000117828.8|ENSMUSG00000002475|Abhd3	1372.1	10644710	chr18:10644410-10645059	0.49	0.44	0.38	0.51	1.00	0.59	0.42	0.35	0.58	0.30	0.59	0.66
ENSMUST00000124288.7|ENSMUSG00000024294|Mib1	833.2	10812273	chr18:10812122-10818704	NA	1.00	1.00	1.00	NA	NA	NA	1.00	1.00	1.00	1.00	1.00
ENSMUST00000234616.1|ENSMUSG00000041238|Rbbp8	18.2	11677759	chr18:11677608-11720607	0.02	0.02	0.03	0.03	0.04	0.02	0.02	0.02	0.02	0.03	0.02	NA
ENSMUST00000171109.8|ENSMUSG00000040957|Cables1	116.8	11944977	chr18:11944598-11945626	0.77	0.69	0.86	0.69	1.00	1.00	0.77	0.61	0.77	0.38	1.00	0.64
ENSMUST00000234148.1|ENSMUSG00000024404|Riok3	5146.7	12143215	chr18:12143064-12156701	1.00	1.00	NA	1.00	1.00	1.00	0.38	NA	NA	NA	NA	NA
ENSMUST00000155431.7|ENSMUSG00000024410|Rmc1	762.5	12176295	chr18:12176144-12180571	0.38	0.42	0.38	0.46	0.50	0.40	0.44	0.41	0.48	0.43	0.42	0.44
ENSMUST00000025279.5|ENSMUSG00000024413|Npc1	163.9	12190771	chr18:12189692-12190922	0.99	1.00	0.98	1.00	1.00	1.00	1.00	1.00	1.00	1.00	NA	1.00
ENSMUST00000234405.1|ENSMUSG00000057766|Ankrd29	309.3	12268339	chr18:12260240-12268490	0.09	0.05	0.05	0.06	0.07	0.05	0.05	0.06	NA	0.06	0.05	0.05
ENSMUST00000234974.1|ENSMUSG00000024424|Ttc39c	0.3	12698059	chr18:12697892-12725017	0.00	0.00	0.00	0.00	0.00	0.00	0.00	0.00	0.00	0.00	0.00	0.00
ENSMUST00000025288.8|ENSMUSG00000024420|Zfp521	82.0	13688435	chr18:13687012-13688997	0.10	0.15	0.15	0.24	0.26	0.05	0.34	0.13	0.17	0.17	0.10	0.09
ENSMUST00000234120.1|ENSMUSG00000037013|Ss18	608.4	14651021	chr18:14636581-14670339	0.19	0.38	0.11	0.12	0.02	0.13	0.16	0.20	0.09	0.11	NA	0.20
ENSMUST00000025992.6|ENSMUSG00000036225|Kctd1	178.5	14968907	chr18:14968684-14969539	0.61	0.99	0.57	0.57	0.97	0.75	0.60	0.72	0.63	0.47	0.87	0.86
ENSMUST00000079081.7|ENSMUSG00000024411|Aqp4	237.6	15393045	chr18:15389495-15393453	0.51	0.44	0.44	0.45	0.88	0.26	0.22	0.44	0.56	0.53	0.21	0.44
ENSMUST00000025166.13|ENSMUSG00000024304|Cdh2	148.9	16589900	chr18:16588876-16590149	0.65	0.60	0.20	0.56	1.00	0.74	1.00	0.79	0.69	0.41	1.00	0.82
ENSMUST00000075312.4|ENSMUSG00000061808|Ttr	502753.0	20673886	chr18:20673735-20674321	0.10	0.11	0.14	0.13	0.07	0.17	0.10	0.16	0.14	0.15	0.08	0.12
ENSMUST00000070080.5|ENSMUSG00000056124|B4galt6	85.5	20688124	chr18:20684598-20688323	0.17	0.57	0.52	0.28	0.71	0.54	0.77	0.45	0.29	0.22	0.56	0.46
ENSMUST00000225661.2|ENSMUSG00000033382|Trappc8	126.6	20817555	chr18:20817222-20818079	0.51	0.46	0.43	0.32	1.00	0.53	0.40	0.46	0.42	0.25	0.53	0.58
ENSMUST00000050004.2|ENSMUSG00000033107|Rnf125	1090.0	20983574	chr18:20983182-20983862	0.62	0.67	0.55	0.54	0.88	0.69	0.53	0.60	0.54	0.65	0.81	0.80
ENSMUST00000052396.6|ENSMUSG00000024317|Rnf138	138.6	21027275	chr18:21026151-21028224	0.32	0.40	0.38	0.35	0.65	0.22	0.41	0.29	0.27	0.42	0.43	0.73
ENSMUST00000092015.10|ENSMUSG00000041923|Nol4	81.0	22694792	chr18:22693180-22694943	NA	1.00	0.55	0.80	NA	1.00	NA	1.00	NA	NA	0.98	0.90
ENSMUST00000115832.3|ENSMUSG00000024302|Dtna	1105.2	23653494	chr18:23653343-23659715	0.44	0.64	0.46	0.64	0.64	0.57	0.61	0.61	NA	NA	0.57	0.70
ENSMUST00000165387.1|ENSMUSG00000024277|Mapre2	1274.4	23853850	chr18:23853699-23890931	0.02	0.02	0.03	0.03	0.02	0.02	0.03	0.02	0.02	0.03	0.02	0.02
ENSMUST00000060762.5|ENSMUSG00000024276|Zfp397	27.0	23961410	chr18:23961040-23964673	0.44	0.32	0.40	0.41	0.28	0.28	0.28	0.45	0.29	0.47	0.36	0.54
ENSMUST00000074941.7|ENSMUSG00000063281|Zfp35	60.0	24004565	chr18:24004340-24005376	0.13	0.14	0.12	0.16	0.24	0.09	0.15	0.06	0.14	0.16	0.11	0.14
ENSMUST00000066497.11|ENSMUSG00000051469|Zfp24	141.6	24012475	chr18:24009701-24014149	0.15	0.14	0.25	0.22	0.12	0.16	0.19	0.16	0.18	0.23	0.20	0.24
ENSMUST00000153360.7|ENSMUSG00000047989|Ino80c	330.4	24106056	chr18:24104756-24106529	0.82	0.87	0.87	0.99	0.68	0.83	1.00	0.79	0.93	0.89	0.84	0.94
ENSMUST00000171583.1|ENSMUSG00000000420|Galnt1	2902.5	24254715	chr18:24254564-24267667	0.03	0.03	0.03	0.03	0.03	0.03	0.03	0.03	0.03	0.03	0.03	0.03
ENSMUST00000235029.1|ENSMUSG00000024273|2700062C07Rik	571.4	24473193	chr18:24473042-24477798	0.11	0.14	0.11	0.17	0.08	0.10	0.16	0.13	0.16	0.13	0.11	0.12
ENSMUST00000046206.4|ENSMUSG00000040446|Rprd1a	219.4	24488033	chr18:24484959-24488184	0.83	1.00	1.00	1.00	0.66	1.00	NA	0.81	1.00	0.94	1.00	1.00
ENSMUST00000070726.9|ENSMUSG00000024270|Slc39a6	84.2	24580589	chr18:24579880-24580927	0.97	0.77	0.97	0.97	1.00	0.73	1.00	0.96	0.73	1.00	0.83	1.00
ENSMUST00000234266.1|ENSMUSG00000024271|Elp2	179.4	24638719	chr18:24638568-24639507	0.04	0.04	0.01	0.03	0.03	0.03	0.02	0.04	0.01	0.03	0.05	0.02
ENSMUST00000115817.2|ENSMUSG00000024269|Tpgs2	191.5	25138738	chr18:25136036-25138908	0.09	0.20	0.19	0.21	0.11	0.15	0.18	0.19	0.15	0.16	0.17	0.19
ENSMUST00000160530.7|ENSMUSG00000033632|AW554918	1.3	25204017	chr18:25203866-25463896	0.01	0.01	0.01	NA	0.01	0.01	0.01	0.01	0.01	0.01	0.00	0.01
ENSMUST00000115816.2|ENSMUSG00000024268|Celf4	157818.4	25486689	chr18:25477631-25486840	0.08	0.07	0.06	0.05	0.13	0.07	0.06	0.07	0.07	0.06	0.08	0.08
ENSMUST00000131405.1|ENSMUSG00000033628|Pik3c3	160.7	30311352	chr18:30311201-30348120	0.06	0.04	0.04	0.05	0.04	0.05	0.06	0.05	0.05	0.04	0.04	0.06
ENSMUST00000082070.12|ENSMUSG00000057455|Rit2	4.5	31153674	chr18:30973488-31153825	0.00	0.00	0.00	0.00	0.00	0.00	0.00	0.00	NA	NA	0.00	0.00
ENSMUST00000025110.4|ENSMUSG00000024261|Syt4	91.4	31439347	chr18:31437807-31440185	0.03	0.43	NA	NA	NA	0.21	0.42	0.52	NA	NA	0.19	0.40
ENSMUST00000060396.6|ENSMUSG00000024259|Slc25a46	403.9	31581836	chr18:31580167-31583193	0.10	0.12	0.08	0.10	0.11	0.08	0.14	0.09	0.13	0.12	0.10	0.17
ENSMUST00000235017.1|ENSMUSG00000024260|Sap130	48.8	31722841	chr18:31722327-31723061	NA	NA	0.64	0.43	NA	0.59	NA	NA	NA	0.79	NA	NA
ENSMUST00000025106.4|ENSMUSG00000024258|Polr2d	2562.9	31796437	chr18:31796125-31796701	0.48	0.43	0.41	0.39	0.82	0.52	0.43	0.44	0.34	0.40	0.50	0.59
ENSMUST00000234344.1|ENSMUSG00000024400|Wdr33	22.8	31834474	chr18:31834044-31835422	0.94	0.60	0.74	NA	0.75	0.25	NA	1.00	0.53	1.00	0.63	0.50
ENSMUST00000054984.7|ENSMUSG00000044982|Sft2d3	96.5	31910428	chr18:31909097-31910602	0.36	0.21	0.22	0.15	0.52	0.19	0.13	0.21	0.15	0.15	0.29	0.28
ENSMUST00000225404.1|ENSMUSG00000024395|Lims2	634.6	31941899	chr18:31941736-31954584	0.03	0.05	0.18	0.19	0.07	0.28	0.10	0.08	0.47	0.17	0.09	0.09
ENSMUST00000064016.5|ENSMUSG00000052229|Gpr17	915.1	31946840	chr18:31942996-31946991	NA	NA	1.00	0.77	NA	1.00	NA	NA	1.00	NA	1.00	1.00
ENSMUST00000025243.4|ENSMUSG00000024384|Iws1	7.5	32097429	chr18:32097278-32104328	0.06	0.09	NA	NA	0.05	0.08	0.14	0.21	0.12	NA	NA	NA
ENSMUST00000025241.6|ENSMUSG00000024382|Ercc3	117.4	32270037	chr18:32269886-32270151	0.24	0.28	0.24	0.13	0.27	0.30	0.26	0.28	0.27	0.33	0.44	0.55
ENSMUST00000091967.12|ENSMUSG00000024381|Bin1	4765.5	32435500	chr18:32435239-32435737	0.45	0.41	0.38	0.48	0.59	0.52	0.50	0.40	0.49	0.53	0.50	0.56
ENSMUST00000174459.1|ENSMUSG00000090523|Gypc	893.3	32528939	chr18:32528321-32530007	0.85	1.00	0.77	0.83	1.00	0.79	0.90	0.88	0.91	0.88	NA	NA
ENSMUST00000053663.10|ENSMUSG00000038299|Wdr36	22.0	32866150	chr18:32865999-32867594	0.04	0.07	0.05	0.05	0.10	0.05	NA	0.03	0.08	0.06	0.05	NA
ENSMUST00000234205.1|ENSMUSG00000038128|Camk4	49.4	33186142	chr18:33185198-33191228	NA	NA	0.26	0.29	NA	NA	NA	0.31	NA	NA	0.38	0.45
ENSMUST00000025236.8|ENSMUSG00000024378|Stard4	25.3	33201778	chr18:33199354-33203588	0.12	0.30	0.16	NA	NA	0.20	NA	0.10	NA	NA	0.45	0.30
ENSMUST00000168890.1|ENSMUSG00000042834|Nrep	15708.8	33437556	chr18:33437018-33438716	0.98	0.97	0.79	0.79	1.00	0.97	0.96	0.91	0.87	0.85	0.93	0.88
ENSMUST00000163295.1|ENSMUSG00000005871|Apc	10282.7	34269254	chr18:34266093-34276591	0.17	0.21	0.23	0.25	0.12	0.15	0.13	0.26	NA	NA	0.14	0.22
ENSMUST00000003876.9|ENSMUSG00000003778|Brd8	90.4	34599968	chr18:34598614-34600184	0.05	0.07	0.04	0.03	0.05	0.03	0.10	0.04	0.07	0.04	0.04	0.19
ENSMUST00000133181.1|ENSMUSG00000024370|Cdc23	1084.9	34633050	chr18:34631682-34633996	0.08	0.12	0.08	0.07	0.66	0.51	0.11	0.09	0.15	0.13	0.17	0.21
ENSMUST00000235929.1|ENSMUSG00000034300|Fam53c	8135.7	34768952	chr18:34768251-34773760	0.56	0.64	0.54	0.38	0.72	0.63	0.70	0.57	0.38	0.47	0.70	0.56
ENSMUST00000225195.1|ENSMUSG00000038773|Kdm3b	68.0	34830282	chr18:34830131-34838660	0.11	0.14	0.14	0.14	0.13	0.16	0.19	0.17	0.12	0.11	0.10	0.09
ENSMUST00000043484.7|ENSMUSG00000038555|Reep2	162.9	34846982	chr18:34846466-34847463	0.85	0.68	0.53	0.59	1.00	0.69	0.65	0.83	0.71	0.75	0.79	0.88
ENSMUST00000064795.5|ENSMUSG00000038418|Egr1	39649.1	34864048	chr18:34863765-34864984	0.70	0.79	0.71	0.71	1.00	1.00	0.81	0.76	0.71	0.68	0.89	0.86
ENSMUST00000025218.7|ENSMUSG00000024360|Etf1	1755.5	34904441	chr18:34902784-34904990	0.10	0.12	0.17	0.21	0.19	0.11	0.16	0.17	0.16	0.19	0.19	0.20
ENSMUST00000025217.10|ENSMUSG00000024359|Hspa9	6434.9	34937847	chr18:34937413-34938318	0.30	0.28	0.27	0.25	0.45	0.25	0.26	0.22	0.25	0.23	0.36	0.34
ENSMUST00000237855.1|ENSMUSG00000037815|Ctnna1	4267.6	35174419	chr18:35174258-35253905	0.01	0.01	0.02	0.01	0.01	0.01	0.01	0.01	0.01	0.01	0.02	0.03
ENSMUST00000091636.4|ENSMUSG00000071862|Lrrtm2	16.0	35211899	chr18:35209002-35212702	NA	0.11	NA	NA	NA	0.28	NA	NA	NA	NA	0.38	0.77
ENSMUST00000237018.1|ENSMUSG00000037236|Matr3	15707.5	35582086	chr18:35581282-35590621	0.32	0.30	0.31	0.33	0.39	0.25	0.28	0.27	0.26	0.30	0.29	0.31
ENSMUST00000235476.1|ENSMUSG00000037058|Paip2	9882.5	35616784	chr18:35616252-35617187	0.62	0.64	0.51	0.58	0.59	0.59	0.56	0.58	0.65	0.57	0.68	0.63
ENSMUST00000235760.1|ENSMUSG00000024352|Spata24	5.1	35660091	chr18:35656798-35660284	NA	0.06	NA	NA	0.06	0.01	NA	NA	NA	NA	0.07	0.21
ENSMUST00000235930.1|ENSMUSG00000024350|Dnajc18	1.7	35680765	chr18:35675030-35680917	0.01	0.00	0.00	0.00	0.00	0.00	0.00	0.00	0.00	0.00	0.00	0.00
ENSMUST00000235495.1|ENSMUSG00000024349|Sting1	1578.5	35734199	chr18:35733678-35734507	0.17	0.25	0.18	0.13	0.30	0.16	0.13	0.17	0.20	0.16	0.19	0.15
ENSMUST00000170693.8|ENSMUSG00000091896|Ube2d2a	1433.7	35806243	chr18:35805560-35807168	0.28	0.34	0.29	0.29	0.48	0.44	0.29	0.31	0.29	0.35	0.33	0.52
ENSMUST00000060722.7|ENSMUSG00000046668|Cxxc5	842.0	35860842	chr18:35860691-35861688	0.83	0.56	0.54	0.64	0.79	0.64	0.99	0.74	0.68	0.69	0.77	0.62
ENSMUST00000176472.7|ENSMUSG00000024347|Psd2	301.4	36006797	chr18:36006646-36014580	0.14	0.22	NA	0.24	0.24	0.25	NA	0.28	NA	NA	0.23	0.27
ENSMUST00000051301.5|ENSMUSG00000043991|Pura	143.3	36289661	chr18:36288124-36292535	0.39	0.07	0.12	0.07	0.14	0.08	0.14	0.25	0.26	0.14	0.08	0.04
ENSMUST00000237792.1|ENSMUSG00000024346|Pfdn1	3963.1	36404209	chr18:36403675-36404399	0.12	0.07	0.07	0.09	0.16	0.07	0.07	0.06	0.06	0.06	0.09	0.10
ENSMUST00000025363.6|ENSMUSG00000024486|Hbegf	14610.5	36506090	chr18:36504926-36506655	0.90	0.62	NA	NA	1.00	0.53	0.62	0.60	NA	NA	0.64	0.34
ENSMUST00000140061.7|ENSMUSG00000117942|Maskbp3	34.2	36665742	chr18:36665591-36665917	0.51	NA	0.15	0.42	0.86	NA	0.47	0.31	0.38	0.59	NA	NA
ENSMUST00000036765.7|ENSMUSG00000090264|Eif4ebp3	32.4	36665767	chr18:36665616-36665917	0.48	NA	0.13	0.39	0.69	NA	0.45	0.34	0.40	0.55	NA	NA
ENSMUST00000173482.7|ENSMUSG00000006050|Sra1	39951.7	36669890	chr18:36667245-36670041	1.00	1.00	1.00	1.00	0.60	1.00	1.00	1.00	1.00	1.00	0.91	1.00
ENSMUST00000237965.1|ENSMUSG00000117679|Apbb3	206.4	36676864	chr18:36676402-36677228	0.74	0.04	0.79	0.64	0.60	0.46	1.00	0.41	0.71	0.50	0.00	0.14
ENSMUST00000186538.6|ENSMUSG00000033272|Slc35a4	2153.8	36683546	chr18:36683090-36683861	0.54	0.58	0.45	0.56	0.97	0.69	0.64	0.50	0.54	0.60	0.71	0.80
ENSMUST00000061829.7|ENSMUSG00000051439|Cd14	67417.2	36725151	chr18:36725066-36725302	0.22	0.17	0.19	0.18	0.31	0.29	0.14	0.18	0.24	0.25	0.00	0.25
ENSMUST00000237727.1|ENSMUSG00000006850|Tmco6	207.3	36737882	chr18:36737731-36739832	0.46	0.63	0.57	0.57	0.50	0.57	0.62	0.60	0.47	0.49	0.41	0.19
ENSMUST00000014438.4|ENSMUSG00000014294|Ndufa2	63435.2	36742418	chr18:36742331-36742569	0.06	0.07	0.06	0.05	0.03	0.04	0.04	0.10	0.05	0.05	0.02	0.04
ENSMUST00000007042.5|ENSMUSG00000024474|Ik	1894.2	36757582	chr18:36757431-36757639	0.24	0.19	0.14	0.11	0.33	0.24	0.14	0.09	0.06	0.18	0.25	0.23
ENSMUST00000049323.8|ENSMUSG00000042660|Wdr55	111.4	36763573	chr18:36763422-36763810	0.19	0.18	0.20	0.07	0.33	0.21	0.17	0.10	0.28	0.14	0.09	0.19
ENSMUST00000152954.7|ENSMUSG00000019143|Hars2	253.7	36791645	chr18:36791126-36792562	0.14	0.19	0.16	0.18	0.36	0.18	0.24	0.16	0.17	0.14	0.15	0.29
ENSMUST00000001419.9|ENSMUSG00000001383|Zmat2	8664.2	36798441	chr18:36798019-36799666	0.07	0.05	0.05	0.07	0.07	0.06	0.05	0.06	0.07	0.08	0.08	0.09
ENSMUST00000070797.6|ENSMUSG00000103442|Pcdha1	36.6	37186874	chr18:37185253-37187657	NA	0.34	NA	0.62	NA	NA	0.23	NA	NA	NA	0.62	0.35
ENSMUST00000115662.8|ENSMUSG00000104148|Pcdha2	36.6	37186874	chr18:37185253-37187657	NA	0.34	NA	0.62	NA	NA	0.23	NA	NA	NA	0.62	0.35
ENSMUST00000192503.1|ENSMUSG00000102312|Pcdha3	36.6	37186874	chr18:37185253-37187657	NA	0.34	NA	0.62	NA	NA	0.23	NA	NA	NA	0.62	0.35
ENSMUST00000192512.5|ENSMUSG00000104252|Pcdha4	36.6	37186874	chr18:37185253-37187657	NA	0.34	NA	0.62	NA	NA	0.23	NA	NA	NA	0.62	0.35
ENSMUST00000192168.1|ENSMUSG00000103092|Pcdha5	36.6	37186874	chr18:37185253-37187657	NA	0.34	NA	0.62	NA	NA	0.23	NA	NA	NA	0.62	0.35
ENSMUST00000192631.1|ENSMUSG00000104318|Pcdha7	36.6	37186874	chr18:37185253-37187657	NA	0.34	NA	0.62	NA	NA	0.23	NA	NA	NA	0.62	0.35
ENSMUST00000194038.1|ENSMUSG00000103800|Pcdha8	36.6	37186874	chr18:37185253-37187657	NA	0.34	NA	0.62	NA	NA	0.23	NA	NA	NA	0.62	0.35
ENSMUST00000115659.5|ENSMUSG00000103770|Pcdha9	36.6	37186874	chr18:37185253-37187657	NA	0.34	NA	0.62	NA	NA	0.23	NA	NA	NA	0.62	0.35
ENSMUST00000115658.5|ENSMUSG00000007440|Pcdha11	36.6	37186874	chr18:37185253-37187657	NA	0.34	NA	0.62	NA	NA	0.23	NA	NA	NA	0.62	0.35
ENSMUST00000115657.9|ENSMUSG00000102206|Pcdha11	36.6	37186874	chr18:37185253-37187657	NA	0.34	NA	0.62	NA	NA	0.23	NA	NA	NA	0.62	0.35
ENSMUST00000047614.3|ENSMUSG00000103310|Pcdha12	36.6	37186874	chr18:37185253-37187657	NA	0.34	NA	0.62	NA	NA	0.23	NA	NA	NA	0.62	0.35
ENSMUST00000007584.3|ENSMUSG00000103255|Pcdhac1	36.6	37186874	chr18:37185253-37187657	NA	0.34	NA	0.62	NA	NA	0.23	NA	NA	NA	0.62	0.35
ENSMUST00000047479.2|ENSMUSG00000102697|Pcdhac2	36.6	37186874	chr18:37185253-37187657	NA	0.34	NA	0.62	NA	NA	0.23	NA	NA	NA	0.62	0.35
ENSMUST00000051754.1|ENSMUSG00000045498|Pcdhb3	17.6	37303659	chr18:37303334-37304585	NA	NA	0.00	NA	0.19	0.06	0.12	0.11	NA	NA	NA	NA
ENSMUST00000053037.4|ENSMUSG00000045062|Pcdhb7	11.6	37344567	chr18:37344299-37345202	0.04	0.24	0.14	0.10	NA	0.18	0.24	0.44	NA	NA	0.08	NA
ENSMUST00000051163.2|ENSMUSG00000045876|Pcdhb8	8.8	37358074	chr18:37357607-37358604	NA	NA	0.47	0.10	NA	NA	0.52	0.84	NA	NA	NA	NA
ENSMUST00000057228.1|ENSMUSG00000051242|Pcdhb9	154.2	37403651	chr18:37403438-37403909	NA	NA	0.32	0.38	1.00	0.86	0.51	0.33	0.76	0.70	NA	NA
ENSMUST00000053073.5|ENSMUSG00000051486|Pcdhb11	10.7	37424549	chr18:37424009-37425836	NA	NA	0.47	0.29	NA	NA	NA	0.38	NA	0.70	NA	NA
ENSMUST00000055495.5|ENSMUSG00000043458|Pcdhb12	11.2	37438365	chr18:37438169-37438654	0.50	NA	0.29	0.49	NA	NA	NA	0.63	0.15	0.81	NA	NA
ENSMUST00000052387.4|ENSMUSG00000044043|Pcdhb14	7.5	37450655	chr18:37450230-37456350	0.04	0.15	0.08	0.12	0.06	0.05	0.05	0.10	0.12	0.05	NA	NA
ENSMUST00000051442.6|ENSMUSG00000047910|Pcdhb16	13.1	37481260	chr18:37480394-37483038	0.91	0.75	NA	0.63	NA	NA	NA	0.58	0.45	0.51	NA	NA
ENSMUST00000053856.5|ENSMUSG00000046387|Pcdhb17	39.9	37488053	chr18:37487555-37489454	0.07	0.10	0.02	0.10	0.13	0.10	0.07	0.07	0.13	0.09	NA	0.05
ENSMUST00000059571.6|ENSMUSG00000043313|Pcdhb19	2.8	37499707	chr18:37499556-37504128	0.10	NA	NA	NA	0.00	NA	NA	NA	0.15	0.19	NA	NA
ENSMUST00000052179.7|ENSMUSG00000046191|Pcdhb20	30.9	37507353	chr18:37506819-37507822	0.27	0.11	0.13	0.14	0.30	0.16	0.30	0.15	0.22	0.26	NA	0.36
ENSMUST00000061405.5|ENSMUSG00000044022|Pcdhb21	12.5	37516317	chr18:37516141-37518325	NA	0.42	0.42	NA	0.58	NA	NA	0.78	NA	0.42	NA	NA
ENSMUST00000192409.1|ENSMUSG00000073591|Pcdhb22	2.3	37521024	chr18:37520862-37524479	NA	0.02	NA	NA	NA	0.04	0.02	0.08	0.09	NA	NA	NA
ENSMUST00000066272.5|ENSMUSG00000051316|Taf7	18.9	37642211	chr18:37640490-37642489	0.11	0.10	0.12	0.10	0.21	0.06	0.08	0.12	0.10	0.09	0.22	0.06
ENSMUST00000194190.1|ENSMUSG00000103144|Pcdhga1	34141.5	37840277	chr18:37840126-37841873	1.00	1.00	1.00	1.00	1.00	1.00	1.00	1.00	1.00	1.00	1.00	1.00
ENSMUST00000193869.1|ENSMUSG00000103332|Pcdhga2	34147.7	37840277	chr18:37840126-37841870	1.00	1.00	1.00	1.00	1.00	1.00	1.00	1.00	1.00	1.00	1.00	1.00
ENSMUST00000073447.7|ENSMUSG00000104346|Pcdhga3	34141.5	37840277	chr18:37840126-37841873	1.00	1.00	1.00	1.00	1.00	1.00	1.00	1.00	1.00	1.00	1.00	1.00
ENSMUST00000192931.1|ENSMUSG00000103037|Pcdhgb1	34147.7	37840277	chr18:37840126-37841870	1.00	1.00	1.00	1.00	1.00	1.00	1.00	1.00	1.00	1.00	1.00	1.00
ENSMUST00000194418.1|ENSMUSG00000103677|Pcdhga4	34141.5	37840277	chr18:37840126-37841873	1.00	1.00	1.00	1.00	1.00	1.00	1.00	1.00	1.00	1.00	1.00	1.00
ENSMUST00000195112.1|ENSMUSG00000102748|Pcdhgb2	34141.5	37840277	chr18:37840126-37841873	1.00	1.00	1.00	1.00	1.00	1.00	1.00	1.00	1.00	1.00	1.00	1.00
ENSMUST00000193414.1|ENSMUSG00000103567|Pcdhga5	34141.5	37840277	chr18:37840126-37841873	1.00	1.00	1.00	1.00	1.00	1.00	1.00	1.00	1.00	1.00	1.00	1.00
ENSMUST00000195823.1|ENSMUSG00000103793|Pcdhga6	34141.5	37840277	chr18:37840126-37841873	1.00	1.00	1.00	1.00	1.00	1.00	1.00	1.00	1.00	1.00	1.00	1.00
ENSMUST00000192511.1|ENSMUSG00000103472|Pcdhga7	34141.5	37840277	chr18:37840126-37841873	1.00	1.00	1.00	1.00	1.00	1.00	1.00	1.00	1.00	1.00	1.00	1.00
ENSMUST00000195363.1|ENSMUSG00000103585|Pcdhgb4	34147.7	37840277	chr18:37840126-37841870	1.00	1.00	1.00	1.00	1.00	1.00	1.00	1.00	1.00	1.00	1.00	1.00
ENSMUST00000066149.8|ENSMUSG00000103897|Pcdhga8	34141.5	37840277	chr18:37840126-37841873	1.00	1.00	1.00	1.00	1.00	1.00	1.00	1.00	1.00	1.00	1.00	1.00
ENSMUST00000192535.1|ENSMUSG00000103749|Pcdhgb5	34141.5	37840277	chr18:37840126-37841873	1.00	1.00	1.00	1.00	1.00	1.00	1.00	1.00	1.00	1.00	1.00	1.00
ENSMUST00000091935.6|ENSMUSG00000102440|Pcdhga9	34147.7	37840277	chr18:37840126-37841870	1.00	1.00	1.00	1.00	1.00	1.00	1.00	1.00	1.00	1.00	1.00	1.00
ENSMUST00000003599.8|ENSMUSG00000103088|Pcdhgb6	34141.5	37840277	chr18:37840126-37841873	1.00	1.00	1.00	1.00	1.00	1.00	1.00	1.00	1.00	1.00	1.00	1.00
ENSMUST00000193404.1|ENSMUSG00000102222|Pcdhga10	34141.5	37840277	chr18:37840126-37841873	1.00	1.00	1.00	1.00	1.00	1.00	1.00	1.00	1.00	1.00	1.00	1.00
ENSMUST00000194928.1|ENSMUSG00000104063|Pcdhgb7	34141.5	37840277	chr18:37840126-37841873	1.00	1.00	1.00	1.00	1.00	1.00	1.00	1.00	1.00	1.00	1.00	1.00
ENSMUST00000061279.9|ENSMUSG00000102742|Pcdhga11	34141.5	37840277	chr18:37840126-37841873	1.00	1.00	1.00	1.00	1.00	1.00	1.00	1.00	1.00	1.00	1.00	1.00
ENSMUST00000195764.1|ENSMUSG00000103081|Pcdhgb8	34147.7	37840277	chr18:37840126-37841870	1.00	1.00	1.00	1.00	1.00	1.00	1.00	1.00	1.00	1.00	1.00	1.00
ENSMUST00000044851.7|ENSMUSG00000102428|Pcdhga12	34141.5	37840277	chr18:37840126-37841873	1.00	1.00	1.00	1.00	1.00	1.00	1.00	1.00	1.00	1.00	1.00	1.00
ENSMUST00000192103.1|ENSMUSG00000102918|Pcdhgc3	4062.2	37808977	chr18:37806781-37841873	0.05	0.04	0.03	0.03	0.05	0.04	0.07	0.03	0.02	0.02	0.14	0.13
ENSMUST00000066140.12|ENSMUSG00000023036|Pcdhgc4	34141.5	37840277	chr18:37840126-37841873	1.00	1.00	1.00	1.00	1.00	1.00	1.00	1.00	1.00	1.00	1.00	1.00
ENSMUST00000193941.1|ENSMUSG00000102543|Pcdhgc5	2494.5	37833483	chr18:37833332-37840200	0.01	0.00	0.00	0.00	0.02	0.00	0.01	0.00	0.00	0.00	0.00	0.00
ENSMUST00000115634.7|ENSMUSG00000024456|Diaph1	202.3	37845067	chr18:37843600-37845343	0.97	1.00	1.00	0.95	1.00	1.00	1.00	0.90	0.94	0.81	1.00	1.00
ENSMUST00000236756.1|ENSMUSG00000024454|Hdac3	424.6	37940930	chr18:37937562-37941081	0.01	0.00	0.00	0.00	0.00	0.00	0.00	0.00	0.00	0.00	0.00	0.00
ENSMUST00000091932.11|ENSMUSG00000044024|Rell2	179606.9	37958571	chr18:37958392-37959163	1.00	1.00	0.88	1.00	1.00	1.00	1.00	1.00	1.00	1.00	1.00	1.00
ENSMUST00000043437.13|ENSMUSG00000038524|Fchsd1	18354.3	37958013	chr18:37957433-37959591	0.31	NA	0.13	0.15	0.05	0.03	0.24	0.19	0.38	0.39	NA	NA
ENSMUST00000237272.1|ENSMUSG00000024451|Arap3	179.2	37972941	chr18:37972627-37973174	0.49	0.44	0.52	0.55	1.00	0.26	0.50	0.51	0.61	0.37	0.70	0.68
ENSMUST00000236649.1|ENSMUSG00000060450|Rnf14	9001.7	38308395	chr18:38307947-38317842	0.07	0.06	0.06	0.07	0.07	0.08	0.07	0.07	0.07	0.07	0.06	0.06
ENSMUST00000235590.1|ENSMUSG00000052102|Gnpda1	15851.2	38330387	chr18:38327549-38330538	0.95	1.00	1.00	1.00	1.00	1.00	1.00	1.00	1.00	1.00	1.00	1.00
ENSMUST00000236480.1|ENSMUSG00000024425|Ndfip1	93241.5	38460650	chr18:38456118-38464374	0.02	0.01	0.02	0.01	0.01	0.00	0.01	0.00	0.01	0.01	0.00	0.00
ENSMUST00000025295.7|ENSMUSG00000024427|Spry4	110.3	38589249	chr18:38586246-38589808	0.88	0.97	0.60	1.00	1.00	1.00	NA	0.90	0.84	0.89	NA	1.00
ENSMUST00000115567.7|ENSMUSG00000024431|Nr3c1	486.0	39412228	chr18:39410544-39414484	0.25	0.51	0.32	0.33	0.86	0.43	0.72	0.41	0.31	0.30	0.42	0.26
ENSMUST00000025364.5|ENSMUSG00000024487|Yipf5	4675.7	40205720	chr18:40203895-40206240	0.07	0.08	0.07	0.08	0.14	0.09	0.07	0.07	0.07	0.07	0.08	0.10
ENSMUST00000237587.1|ENSMUSG00000024493|Lars	453.3	42210019	chr18:42202346-42218556	0.01	0.00	0.00	0.02	0.00	0.00	0.00	0.00	0.00	0.00	0.00	0.00
ENSMUST00000091920.5|ENSMUSG00000024491|Rbm27	53.7	42338681	chr18:42338472-42341542	0.45	NA	NA	0.41	1.00	NA	NA	0.85	NA	NA	NA	NA
ENSMUST00000117687.7|ENSMUSG00000024500|Ppp2r2b	1201.9	42645473	chr18:42645268-42645730	0.36	0.32	0.29	0.36	0.77	0.33	0.22	0.27	0.09	0.67	0.42	0.43
ENSMUST00000057110.10|ENSMUSG00000043424|Eif3j2	1076.4	43476739	chr18:43475417-43476957	0.34	0.34	0.32	0.35	0.43	0.35	0.42	0.41	0.34	0.34	0.45	0.36
ENSMUST00000089874.8|ENSMUSG00000071856|Mcc	36.4	44426219	chr18:44425059-44429889	NA	0.77	NA	0.73	NA	NA	NA	0.98	0.26	NA	NA	0.73
ENSMUST00000236405.1|ENSMUSG00000054477|Kcnn2	64.7	45683257	chr18:45683106-45685395	0.02	0.00	NA	NA	NA	0.00	NA	0.00	NA	NA	0.02	0.01
ENSMUST00000025354.4|ENSMUSG00000024477|Pggt1b	126.0	46259521	chr18:46240604-46259672	0.08	0.08	0.06	0.07	0.03	0.05	0.08	0.08	0.08	0.06	0.07	0.08
ENSMUST00000036226.5|ENSMUSG00000033319|Fem1c	24.5	46504000	chr18:46501745-46505082	0.13	0.16	0.15	NA	0.38	0.24	0.33	0.30	0.23	0.25	NA	NA
ENSMUST00000070084.10|ENSMUSG00000056130|Ticam2	26.6	46559228	chr18:46557290-46560322	NA	NA	0.31	0.22	NA	0.25	NA	NA	0.27	0.32	NA	NA
ENSMUST00000036030.13|ENSMUSG00000033184|Tmed7	557.3	46586148	chr18:46560234-46588562	0.00	0.00	0.00	0.00	0.01	0.00	0.00	0.00	0.00	0.00	0.00	0.00
ENSMUST00000078079.10|ENSMUSG00000057561|Eif1a	4653.3	46608931	chr18:46608131-46610211	0.24	0.26	0.24	0.23	0.37	0.26	0.15	0.32	0.25	0.23	0.18	0.28
ENSMUST00000234222.1|ENSMUSG00000033022|Cdo1	347.6	46720189	chr18:46715709-46720340	0.02	0.00	0.01	0.00	0.05	0.00	0.03	0.00	0.00	0.00	0.00	0.00
ENSMUST00000035648.5|ENSMUSG00000032905|Atg12	716.1	46732626	chr18:46730143-46734452	0.03	0.03	0.01	0.03	0.07	0.03	0.03	0.02	0.01	0.02	0.03	0.04
ENSMUST00000225415.1|ENSMUSG00000024480|Ap3s1	1576.0	46758114	chr18:46757382-46779206	NA	0.00	NA	0.00	0.00	0.00	NA	0.00	NA	NA	0.00	0.00
ENSMUST00000025358.3|ENSMUSG00000024481|Lvrn	51.7	46906571	chr18:46905353-46907242	NA	NA	0.61	0.69	NA	NA	1.00	0.63	0.50	NA	NA	NA
ENSMUST00000019791.13|ENSMUSG00000019647|Sema6a	85.6	47248111	chr18:47245253-47248385	0.11	0.09	0.12	0.08	0.38	0.20	NA	0.17	0.05	0.08	NA	0.09
ENSMUST00000076155.5|ENSMUSG00000059040|Eno1b	82642.2	48048308	chr18:48048058-48048412	0.68	0.68	0.77	0.70	0.52	0.67	0.80	0.82	0.74	0.81	0.68	0.72
ENSMUST00000237137.1|ENSMUSG00000024505|Dtwd2	74.3	49700229	chr18:49697578-49700380	0.40	0.38	0.29	0.22	0.33	0.38	NA	NA	0.18	0.17	0.34	0.20
ENSMUST00000179937.1|ENSMUSG00000062210|Tnfaip8	360.9	50091624	chr18:50091349-50093229	0.09	0.10	0.08	0.05	0.08	0.04	0.02	0.03	0.07	0.06	0.03	0.03
ENSMUST00000025385.6|ENSMUSG00000024507|Hsd17b4	1890.7	50196092	chr18:50195941-50196269	0.20	0.23	0.18	0.22	0.47	0.31	0.21	0.15	0.18	0.15	0.39	0.39
ENSMUST00000235541.1|ENSMUSG00000073565|Prr16	4.5	51304880	chr18:51303362-51420044	NA	NA	0.00	0.00	NA	0.01	0.00	0.00	0.00	0.00	0.00	0.00
ENSMUST00000025409.8|ENSMUSG00000024529|Lox	6400.6	52517528	chr18:52516066-52519229	0.83	0.65	0.76	0.80	1.00	0.85	0.90	0.64	0.74	0.77	NA	NA
ENSMUST00000178883.7|ENSMUSG00000024534|Sncaip	111.5	52885153	chr18:52885002-52915879	0.12	NA	0.12	0.12	0.07	0.08	0.15	0.10	0.11	0.11	NA	0.08
ENSMUST00000236911.1|ENSMUSG00000034484|Snx2	6514.1	53189772	chr18:53189603-53203093	0.14	0.16	0.15	0.15	0.08	0.13	0.20	0.20	0.11	0.14	0.08	0.09
ENSMUST00000165032.8|ENSMUSG00000024535|Snx24	152.2	53390534	chr18:53389581-53390920	0.69	0.61	0.55	0.58	0.88	0.69	0.62	0.75	0.71	0.54	0.85	0.75
ENSMUST00000025419.8|ENSMUSG00000024538|Ppic	18753.6	53406622	chr18:53406331-53406939	0.43	0.42	0.41	0.42	0.90	0.60	0.39	0.38	0.52	0.45	0.35	0.51
ENSMUST00000091900.10|ENSMUSG00000069378|Prdm6	54.0	53575532	chr18:53575066-53575857	NA	NA	0.43	0.38	NA	0.70	0.79	0.46	0.60	0.69	NA	NA
ENSMUST00000049811.7|ENSMUSG00000048799|Cep120	101.5	53682786	chr18:53681722-53683235	0.94	0.99	0.98	1.00	0.71	1.00	1.00	1.00	0.75	1.00	1.00	1.00
ENSMUST00000069597.7|ENSMUSG00000073563|Csnk1g3	136.0	53953538	chr18:53953296-53955548	0.41	0.50	0.61	0.54	0.42	0.40	0.52	0.50	0.44	0.50	0.77	0.84
ENSMUST00000237844.1|ENSMUSG00000052713|Zfp608	57.0	54897280	chr18:54888722-54900294	0.18	0.09	0.16	0.21	NA	0.33	0.21	0.16	0.13	0.15	0.28	NA
ENSMUST00000070166.5|ENSMUSG00000001700|Gramd3	283.9	56503321	chr18:56502626-56503792	0.46	0.49	0.49	0.48	0.70	0.73	0.52	0.47	0.46	0.54	1.00	0.75
ENSMUST00000174704.7|ENSMUSG00000053644|Aldh7a1	19071.3	56531489	chr18:56526749-56537214	0.00	0.00	0.00	0.00	0.01	0.00	0.00	0.00	0.00	0.00	0.00	0.00
ENSMUST00000008445.6|ENSMUSG00000008301|Phax	190.0	56587326	chr18:56587143-56587712	0.15	0.17	0.14	0.13	0.22	0.22	0.14	0.12	0.32	0.14	0.10	0.23
ENSMUST00000025486.8|ENSMUSG00000024590|Lmnb1	24.1	56752796	chr18:56752645-56753424	0.60	0.84	NA	0.33	0.45	0.79	NA	0.40	0.48	NA	NA	0.57
ENSMUST00000025488.14|ENSMUSG00000024592|C330018D20Rik	84.3	56957185	chr18:56955832-56957744	0.53	0.52	0.48	0.40	0.41	0.43	0.39	0.40	0.48	0.54	0.65	0.63
ENSMUST00000075770.12|ENSMUSG00000024593|Megf10	62.5	57294646	chr18:57294052-57297467	NA	NA	0.98	1.00	NA	NA	NA	0.80	0.75	0.96	NA	NA
ENSMUST00000025490.9|ENSMUSG00000024594|Prrc1	203.1	57389577	chr18:57389426-57392956	0.40	0.54	0.70	0.69	0.15	0.37	0.52	0.71	0.61	0.64	0.75	0.60
ENSMUST00000091892.3|ENSMUSG00000069372|Ctxn3	23.4	57477717	chr18:57477352-57478133	0.50	0.58	0.68	0.45	1.00	0.56	0.69	0.64	NA	1.00	0.74	0.50
ENSMUST00000115366.2|ENSMUSG00000024597|Slc12a2	114.0	57944487	chr18:57944048-57946821	0.69	0.79	0.71	0.67	0.71	0.89	1.00	0.92	0.79	0.73	NA	0.69
ENSMUST00000025497.7|ENSMUSG00000024598|Fbn2	55.7	58009141	chr18:58008622-58010260	NA	NA	NA	NA	0.85	0.98	NA	NA	0.94	0.79	NA	NA
ENSMUST00000025503.9|ENSMUSG00000024601|Isoc1	414.9	58678080	chr18:58677908-58680368	0.25	0.26	0.38	0.31	0.38	0.31	0.19	0.40	0.33	0.36	0.27	0.26
ENSMUST00000117064.7|ENSMUSG00000050875|Minar2	226.9	59072417	chr18:59072254-59076962	NA	0.16	0.18	NA	0.12	0.24	NA	0.20	NA	NA	0.14	0.23
ENSMUST00000238155.1|ENSMUSG00000058152|Chsy3	0.5	59411042	chr18:59410443-59535999	NA	NA	0.00	NA	0.01	NA	NA	NA	0.00	0.00	NA	NA
ENSMUST00000031549.5|ENSMUSG00000073555|Gm4951	113.9	60246957	chr18:60246612-60247820	NA	NA	0.45	0.95	1.00	0.46	1.00	1.00	1.00	1.00	NA	NA
ENSMUST00000171297.1|ENSMUSG00000090942|F830016B08Rik	83.6	60301245	chr18:60301094-60303016	NA	NA	0.85	1.00	NA	0.66	0.71	0.60	0.74	0.54	NA	NA
ENSMUST00000066912.12|ENSMUSG00000054072|Iigp1	1114.5	60391771	chr18:60391050-60392634	0.45	0.46	0.36	0.39	0.32	0.42	0.42	0.34	0.33	0.47	0.29	0.43
ENSMUST00000042710.7|ENSMUSG00000038059|Smim3	2730.0	60474598	chr18:60474190-60475398	0.64	0.55	0.56	0.49	0.88	0.69	0.55	0.59	0.54	0.63	0.79	0.74
ENSMUST00000025505.6|ENSMUSG00000024603|Dctn4	197.0	60556966	chr18:60556438-60558766	0.43	0.49	0.45	0.43	0.93	0.61	0.40	0.58	0.50	0.42	0.73	0.77
ENSMUST00000025506.6|ENSMUSG00000024604|Rbm22	293.5	60572467	chr18:60571950-60572810	0.55	0.52	0.29	0.43	0.75	0.55	0.54	0.31	0.44	0.34	0.73	0.58
ENSMUST00000155195.2|ENSMUSG00000043079|Synpo	145.5	60600776	chr18:60600205-60602085	NA	NA	0.46	0.66	NA	NA	NA	NA	NA	NA	0.46	0.41
ENSMUST00000235795.1|ENSMUSG00000054008|Ndst1	280.0	60686219	chr18:60684493-60688720	0.81	0.68	0.41	0.36	1.00	0.60	0.98	0.55	0.41	0.39	0.72	0.56
ENSMUST00000050487.15|ENSMUSG00000024610|Cd74	428181.4	60812368	chr18:60812159-60812652	0.48	0.40	0.37	0.33	0.64	0.54	0.34	0.34	0.39	0.34	0.67	NA
ENSMUST00000163446.8|ENSMUSG00000024613|Tcof1	472.8	60819364	chr18:60815996-60819515	0.13	0.12	0.12	0.10	0.23	0.14	0.12	0.09	0.12	0.10	0.21	0.10
ENSMUST00000040359.5|ENSMUSG00000036412|Arsi	60.2	60918247	chr18:60917765-60918561	0.63	NA	0.36	0.82	1.00	0.76	0.61	0.52	0.68	0.46	NA	NA
ENSMUST00000102888.9|ENSMUSG00000024617|Camk2a	180059.2	60985346	chr18:60984777-60988152	1.00	0.77	0.61	0.54	1.00	0.70	1.00	0.92	0.46	0.47	0.78	0.50
ENSMUST00000025522.10|ENSMUSG00000024620|Pdgfrb	5985.3	61084183	chr18:61083380-61085061	1.00	0.97	0.93	0.82	1.00	0.98	1.00	0.93	0.81	0.86	1.00	0.94
ENSMUST00000115268.3|ENSMUSG00000024621|Csf1r	10058.4	61130925	chr18:61130477-61132149	0.29	0.22	0.07	0.10	0.12	0.08	0.42	0.16	0.07	0.07	0.24	0.15
ENSMUST00000236068.1|ENSMUSG00000024622|Hmgxb3	120.4	61155027	chr18:61131292-61155394	0.12	0.09	0.08	0.07	0.11	0.11	NA	0.09	0.09	0.10	0.14	0.10
ENSMUST00000146409.7|ENSMUSG00000034320|Slc26a2	99.4	61197545	chr18:61192918-61198140	0.29	0.25	0.19	0.30	0.74	0.26	0.48	0.22	0.22	0.26	NA	NA
ENSMUST00000075299.12|ENSMUSG00000033871|Ppargc1b	16.8	61298417	chr18:61298135-61298685	NA	NA	0.06	0.28	0.00	NA	0.59	0.19	NA	NA	0.44	0.44
ENSMUST00000165123.7|ENSMUSG00000024576|Csnk1a1	7786.6	61588057	chr18:61587430-61590061	0.28	0.43	0.41	0.40	0.36	0.35	0.41	0.29	0.30	0.33	0.51	0.52
ENSMUST00000154876.7|ENSMUSG00000033032|Afap1l1	5717.0	61735567	chr18:61730260-61748742	0.01	0.00	0.00	0.00	0.00	0.00	0.00	0.00	0.00	0.00	0.00	0.01
ENSMUST00000166783.2|ENSMUSG00000032735|Ablim3	44.1	61800707	chr18:61799391-61801297	NA	1.00	NA	0.58	NA	NA	NA	0.86	NA	NA	0.74	0.78
ENSMUST00000053640.4|ENSMUSG00000045730|Adrb2	49.2	62178176	chr18:62177815-62178498	0.51	0.61	0.82	0.89	0.88	0.64	0.57	0.28	0.93	0.22	0.67	NA
ENSMUST00000048688.7|ENSMUSG00000042211|Fbxo38	105.1	62504429	chr18:62504154-62504704	0.49	0.42	0.51	0.49	1.00	0.76	0.64	0.51	0.63	0.75	0.64	0.52
ENSMUST00000236135.1|ENSMUSG00000071847|Apcdd1	276.7	62953648	chr18:62952275-62961179	0.00	0.00	0.00	0.00	0.01	0.01	0.01	0.00	0.00	0.00	0.01	0.01
ENSMUST00000237157.1|ENSMUSG00000024581|Napg	697.4	62987024	chr18:62984059-62997361	0.29	0.16	NA	NA	0.17	0.13	0.12	0.19	NA	NA	0.11	0.15
ENSMUST00000237004.1|ENSMUSG00000024583|Txnl1	736.2	63664154	chr18:63661093-63664305	0.13	0.19	0.25	0.23	0.05	0.12	0.09	0.22	0.17	0.21	0.22	0.21
ENSMUST00000236956.1|ENSMUSG00000040560|Wdr7	18.6	63755231	chr18:63755063-63865303	NA	0.01	0.03	0.02	NA	NA	NA	0.02	0.01	0.01	0.03	0.03
ENSMUST00000025477.14|ENSMUSG00000056812|St8sia3	23.4	64272038	chr18:64271793-64279611	NA	0.06	0.06	0.09	NA	0.02	0.14	0.07	NA	NA	0.08	0.09
ENSMUST00000235215.1|ENSMUSG00000024588|Fech	5828.1	64475056	chr18:64457261-64475278	0.07	0.08	0.09	0.09	0.07	0.08	0.11	0.09	0.09	0.09	0.07	0.08
ENSMUST00000237369.1|ENSMUSG00000024587|Nars	18159.6	64511610	chr18:64500212-64511880	0.20	0.21	0.23	0.25	0.10	0.18	0.27	0.23	0.21	0.23	0.15	0.15
ENSMUST00000025482.9|ENSMUSG00000039529|Atp8b1	36.4	64531159	chr18:64528966-64531342	1.00	1.00	NA	NA	1.00	NA	NA	NA	1.00	0.80	NA	NA
ENSMUST00000163516.8|ENSMUSG00000024589|Nedd4l	31.8	65213107	chr18:65212883-65217828	0.05	0.16	0.13	0.12	0.02	0.09	0.19	0.20	0.06	0.03	0.30	0.41
ENSMUST00000237756.1|ENSMUSG00000042439|Zfp532	4.8	65644370	chr18:65644219-65689443	0.01	0.02	0.01	0.02	NA	NA	NA	0.01	0.01	0.01	NA	0.02
ENSMUST00000126432.8|ENSMUSG00000024516|Sec11c	17398.8	65815011	chr18:65814860-65817665	0.03	0.03	0.03	0.03	0.04	0.03	0.03	0.03	0.04	0.03	0.03	0.03
ENSMUST00000048260.14|ENSMUSG00000041891|Lman1	5773.8	65983702	chr18:65980737-65983853	1.00	1.00	1.00	1.00	0.92	1.00	1.00	1.00	1.00	1.00	1.00	1.00
ENSMUST00000237161.1|ENSMUSG00000024521|Pmaip1	116.0	66464729	chr18:66463370-66465565	0.69	0.81	0.65	0.70	0.67	0.72	0.92	0.74	0.65	0.58	NA	1.00
ENSMUST00000025402.14|ENSMUSG00000024524|Gnal	689.0	67224618	chr18:67222712-67226792	NA	0.47	1.00	1.00	NA	1.00	NA	1.00	NA	NA	0.57	0.48
ENSMUST00000210564.2|ENSMUSG00000109901|Chmp1b	744.1	67206709	chr18:67206097-67207889	0.47	0.49	0.52	0.55	0.44	0.58	0.45	0.55	0.49	0.57	0.47	0.47
ENSMUST00000073054.4|ENSMUSG00000062526|Mppe1	153.0	67225367	chr18:67225042-67225704	0.69	0.53	0.54	0.51	0.79	0.80	0.45	0.50	0.42	0.53	0.72	0.91
ENSMUST00000025403.7|ENSMUSG00000024525|Impa2	8.4	67318755	chr18:67318507-67322472	0.11	0.12	0.18	0.15	0.01	0.07	NA	NA	0.11	0.11	0.20	0.26
ENSMUST00000001513.7|ENSMUSG00000001473|Tubb6	58268.8	67402534	chr18:67402373-67402749	0.35	0.33	0.31	0.28	0.68	0.39	0.32	0.25	0.32	0.31	0.15	0.37
ENSMUST00000025408.9|ENSMUSG00000024527|Afg3l2	690.1	67405031	chr18:67404763-67405280	0.38	0.42	0.44	0.36	0.76	0.36	0.35	0.45	0.35	0.32	0.62	0.51
ENSMUST00000025411.8|ENSMUSG00000024530|Prelid3a	3955.6	67478151	chr18:67478000-67479835	0.91	0.88	0.90	0.73	0.56	0.71	0.80	0.79	0.47	NA	0.94	0.80
ENSMUST00000045105.12|ENSMUSG00000024533|Spire1	391.5	67490106	chr18:67488208-67491293	0.45	0.41	0.66	0.62	0.66	0.55	1.00	0.56	0.55	0.55	0.60	0.59
ENSMUST00000097542.3|ENSMUSG00000073542|Cep76	35.0	67618323	chr18:67617799-67619236	NA	1.00	NA	0.49	0.51	0.75	NA	1.00	NA	0.97	NA	NA
ENSMUST00000122412.1|ENSMUSG00000024539|Ptpn2	42.1	67672230	chr18:67671211-67672575	0.45	0.42	0.40	0.69	0.61	1.00	0.44	0.43	0.60	0.52	1.00	NA
ENSMUST00000025421.8|ENSMUSG00000079614|Seh1l	450.4	67793407	chr18:67793159-67795487	0.57	0.66	0.54	0.77	0.80	0.71	0.81	0.70	0.90	0.77	1.00	1.00
ENSMUST00000063775.4|ENSMUSG00000024544|Ldlrad4	51.9	68254769	chr18:68254536-68255551	0.32	0.42	0.37	0.41	1.00	NA	0.13	0.44	0.65	0.52	0.34	0.54
ENSMUST00000042852.6|ENSMUSG00000038121|Fam210a	78.9	68266734	chr18:68260186-68268721	0.08	0.10	0.16	0.13	0.28	0.08	0.55	0.12	0.12	0.08	0.18	0.19
ENSMUST00000009679.10|ENSMUSG00000009535|Rnmt	64.0	68321769	chr18:68321352-68324852	0.03	0.06	0.08	0.09	0.03	0.05	0.13	0.06	0.09	0.09	0.21	0.25
ENSMUST00000172148.3|ENSMUSG00000007480|Mc5r	125.3	68340347	chr18:68339687-68342446	NA	NA	0.70	0.50	0.80	0.61	1.00	0.55	0.48	0.58	NA	NA
ENSMUST00000209116.1|ENSMUSG00000053477|Tcf4	34283.8	69643098	chr18:69642947-69657838	0.03	0.03	0.03	0.03	0.03	0.03	0.03	0.03	0.03	0.03	0.03	0.03
ENSMUST00000121693.7|ENSMUSG00000024511|Rab27b	24.4	69983857	chr18:69979130-69985190	NA	0.06	0.14	0.10	NA	0.07	0.08	0.08	NA	0.21	0.09	0.14
ENSMUST00000114959.8|ENSMUSG00000079608|Stard6	21.6	70500785	chr18:70500622-70501066	0.27	0.16	NA	NA	0.98	0.26	0.07	0.32	0.13	NA	0.21	0.57
ENSMUST00000091852.4|ENSMUSG00000037253|Mex3c	348.2	73590944	chr18:73590793-73592575	1.00	1.00	1.00	1.00	1.00	1.00	1.00	0.90	1.00	1.00	1.00	1.00
ENSMUST00000025393.13|ENSMUSG00000024515|Smad4	755.4	73639753	chr18:73639008-73640260	0.61	0.62	0.48	0.54	1.00	0.77	0.59	0.58	0.56	0.44	0.61	0.59
ENSMUST00000041138.2|ENSMUSG00000036941|Elac1	39.9	73737749	chr18:73735037-73738836	0.12	0.33	0.45	0.51	0.76	0.17	0.48	0.52	0.38	0.30	0.67	0.85
ENSMUST00000025439.4|ENSMUSG00000024556|Me2	99.1	73770271	chr18:73769902-73770628	0.37	0.45	0.41	0.45	0.81	0.30	0.27	0.36	0.30	0.54	0.80	0.35
ENSMUST00000179472.7|ENSMUSG00000064036|Mro	103.3	73878289	chr18:73877895-73879134	0.56	0.60	0.36	0.24	0.70	0.44	0.44	0.44	NA	NA	0.35	0.49
ENSMUST00000162863.7|ENSMUSG00000024558|Mapk4	86.7	73934983	chr18:73928485-73935134	0.02	0.06	0.09	0.07	0.01	0.04	0.07	0.12	0.05	0.08	0.02	0.03
ENSMUST00000025444.7|ENSMUSG00000024560|Cxxc1	896.2	74221353	chr18:74221202-74221493	0.25	0.26	0.25	0.26	0.57	0.25	0.19	0.25	0.25	0.15	0.35	0.31
ENSMUST00000224332.1|ENSMUSG00000024561|Mbd1	49.8	74279428	chr18:74278715-74281234	0.80	1.00	1.00	1.00	0.66	0.70	1.00	0.76	0.63	1.00	0.76	0.91
ENSMUST00000074157.12|ENSMUSG00000025885|Myo5b	14.1	74770689	chr18:74770446-74771493	NA	NA	0.34	0.50	NA	NA	NA	0.42	NA	NA	0.39	0.25
ENSMUST00000041053.10|ENSMUSG00000036880|Acaa2	6707.2	74806087	chr18:74805936-74806208	0.28	0.26	0.21	0.16	0.40	0.20	0.24	0.20	0.19	0.18	0.31	0.34
ENSMUST00000237263.1|ENSMUSG00000036299|BC031181	30653.2	75009735	chr18:75009340-75010152	0.16	0.18	0.18	0.15	0.32	0.19	0.14	0.13	0.16	0.19	0.24	0.25
ENSMUST00000026999.9|ENSMUSG00000025880|Smad7	150.4	75394513	chr18:75394362-75395935	0.73	1.00	0.57	0.95	1.00	0.96	1.00	0.67	1.00	0.84	1.00	1.00
ENSMUST00000168423.8|ENSMUSG00000024563|Smad2	131.9	76305148	chr18:76304727-76310963	0.03	0.04	0.04	0.06	0.05	0.03	0.04	0.07	0.06	0.08	0.05	0.08
ENSMUST00000136800.1|ENSMUSG00000090000|Ier3ip1	18564.4	76939770	chr18:76939619-76941605	1.00	1.00	1.00	1.00	0.55	0.79	1.00	1.00	1.00	1.00	0.49	0.69
ENSMUST00000142456.1|ENSMUSG00000117732|Gm50364	8360.7	76955186	chr18:76954994-76971449	0.05	0.04	0.05	0.05	0.02	0.04	0.05	0.05	0.04	0.04	0.04	0.04
ENSMUST00000097522.10|ENSMUSG00000025421|Hdhd2	1845.0	76971225	chr18:76970711-76975307	0.05	0.03	0.06	0.07	0.02	0.03	0.02	0.06	0.04	0.05	0.04	0.06
ENSMUST00000075290.7|ENSMUSG00000025425|St8sia5	24.6	77255236	chr18:77254831-77258771	NA	0.00	NA	0.06	0.05	0.01	0.15	0.05	NA	NA	0.03	0.04
ENSMUST00000026494.13|ENSMUSG00000025427|Rnf165	339.3	77461875	chr18:77456109-77462334	NA	0.04	0.06	0.03	0.05	0.03	0.09	0.06	0.00	0.07	0.04	0.03
ENSMUST00000135678.1|ENSMUSG00000025428|Atp5a1	1220549.4	77782007	chr18:77781856-77782655	0.48	0.49	0.48	0.48	0.47	0.51	0.49	0.50	0.48	0.46	0.54	0.54
ENSMUST00000091813.11|ENSMUSG00000059336|Slc14a1	145.6	78101846	chr18:78100090-78102397	0.53	0.68	0.62	0.65	NA	0.72	NA	0.62	NA	NA	1.00	NA
ENSMUST00000070219.8|ENSMUSG00000056214|Pard6g	824.1	80119129	chr18:80117819-80119639	0.95	0.61	0.64	0.69	0.74	0.55	0.76	0.63	0.50	0.57	0.33	0.67
ENSMUST00000066743.10|ENSMUSG00000053950|Adnp2	26.3	80127262	chr18:80126310-80127697	0.54	0.53	0.43	0.75	1.00	0.63	1.00	0.76	0.64	0.42	NA	0.52
ENSMUST00000025462.6|ENSMUSG00000024570|Rbfa	714.1	80192331	chr18:80192264-80192482	0.11	0.17	0.17	0.19	0.30	0.21	0.29	0.21	0.24	0.14	0.30	0.23
ENSMUST00000156400.8|ENSMUSG00000024571|Gm16286	9383.1	80212466	chr18:80212152-80212741	0.41	0.38	0.34	0.30	0.89	0.41	0.30	0.32	0.31	0.33	0.48	0.47
ENSMUST00000145963.8|ENSMUSG00000057130|Txnl4a	1528.1	80223377	chr18:80222347-80225855	0.09	0.14	0.09	0.10	0.09	0.08	0.11	0.12	0.08	0.10	0.11	0.19
ENSMUST00000077962.7|ENSMUSG00000059852|Kcng2	16.2	80295480	chr18:80294545-80295631	NA	0.47	NA	0.49	NA	NA	NA	0.54	NA	NA	0.42	0.65
ENSMUST00000036229.12|ENSMUSG00000033323|Ctdp1	129.8	80408346	chr18:80407958-80408642	0.41	0.79	0.54	0.50	0.57	0.63	0.44	0.38	0.40	0.44	0.57	0.61
ENSMUST00000236310.1|ENSMUSG00000033016|Nfatc1	0.5	80635401	chr18:80606204-80635690	NA	0.00	0.00	0.01	NA	NA	NA	0.01	0.00	0.00	NA	NA
ENSMUST00000225235.1|ENSMUSG00000024566|Atp9b	207.0	80808508	chr18:80735074-80808659	0.10	0.14	0.12	0.16	0.12	0.13	NA	0.15	0.11	0.12	NA	NA
ENSMUST00000143506.7|ENSMUSG00000041607|Mbp	1218342.4	82573043	chr18:82572892-82584217	0.06	0.06	0.07	0.06	0.05	0.06	0.07	0.06	0.06	0.06	0.05	0.05
ENSMUST00000171238.7|ENSMUSG00000058881|Zfp516	21.0	83002415	chr18:83001329-83005314	NA	NA	0.42	0.80	NA	NA	NA	0.41	0.42	0.61	NA	NA
ENSMUST00000060303.9|ENSMUSG00000046982|Tshz1	157.5	84012754	chr18:84011626-84013029	0.50	0.26	0.19	0.27	0.56	0.68	0.29	0.24	0.12	0.26	0.53	0.31
ENSMUST00000060223.3|ENSMUSG00000049090|Zadh2	120.9	84095794	chr18:84095331-84097528	0.69	0.94	0.79	0.74	1.00	0.70	0.61	0.78	0.91	0.86	0.81	0.93
ENSMUST00000025546.16|ENSMUSG00000024644|Cndp2	3645.3	84667730	chr18:84667464-84668033	0.41	0.40	0.31	0.43	0.62	0.45	0.51	0.38	0.47	0.42	0.62	0.43
ENSMUST00000025547.3|ENSMUSG00000024645|Timm21	169.5	84947457	chr18:84946190-84947649	0.08	0.13	0.12	0.16	0.07	0.18	0.11	0.07	0.17	0.16	0.09	0.16
ENSMUST00000070116.11|ENSMUSG00000056153|Socs6	151.9	88868648	chr18:88865168-88869190	0.16	0.17	0.17	0.18	0.13	0.15	0.29	0.18	0.19	0.18	0.45	0.50
ENSMUST00000097495.4|ENSMUSG00000073514|Dok6	496.7	89300984	chr18:89292423-89301137	NA	0.62	0.79	0.79	NA	0.91	NA	0.80	NA	NA	0.72	0.70
