Gene	fit_value	Predicted_Proximal_APA	Loci	/home/taylor/stroke_APA_work/bedgraph/day1_rep1_PDUI	/home/taylor/stroke_APA_work/bedgraph/day1_rep2_PDUI	/home/taylor/stroke_APA_work/bedgraph/day21_rep1_PDUI	/home/taylor/stroke_APA_work/bedgraph/day21_rep2_PDUI	/home/taylor/stroke_APA_work/bedgraph/day3_rep1_PDUI	/home/taylor/stroke_APA_work/bedgraph/day3_rep2_PDUI	/home/taylor/stroke_APA_work/bedgraph/day60_rep1_PDUI	/home/taylor/stroke_APA_work/bedgraph/day60_rep2_PDUI	/home/taylor/stroke_APA_work/bedgraph/day7_rep1_PDUI	/home/taylor/stroke_APA_work/bedgraph/day7_rep2_PDUI	/home/taylor/stroke_APA_work/bedgraph/sham1_PDUI	/home/taylor/stroke_APA_work/bedgraph/sham2_PDUI
ENSMUST00000027035.9|ENSMUSG00000025902|Sox17	851.8	4491510	chr1:4490930-4491718	0.34	0.40	0.28	0.37	0.60	0.38	0.32	0.28	0.33	0.55	0.41	0.42
ENSMUST00000045689.13|ENSMUSG00000033845|Mrpl15	5796.0	4782531	chr1:4774435-4782682	0.07	0.07	0.06	0.06	0.09	0.08	0.07	0.07	0.06	0.06	0.08	0.07
ENSMUST00000119612.8|ENSMUSG00000025903|Lypla1	366.5	4841260	chr1:4841109-4845174	0.01	0.01	0.00	0.00	0.04	0.00	0.02	0.00	0.00	0.00	0.03	0.01
ENSMUST00000155020.1|ENSMUSG00000104217|Gm37988	2615.9	4846695	chr1:4832313-4886770	0.07	0.06	0.05	0.05	0.13	0.04	0.12	0.06	0.03	0.03	0.20	0.21
ENSMUST00000165720.2|ENSMUSG00000033813|Tcea1	711.8	4896903	chr1:4896361-4897909	0.85	1.00	0.99	0.88	0.83	0.75	1.00	1.00	0.83	0.96	0.92	0.98
ENSMUST00000170566.1|ENSMUSG00000002459|Rgs20	1423.5	4916781	chr1:4910473-4916932	0.13	0.22	0.18	0.17	0.21	0.22	0.24	0.24	NA	NA	0.19	0.25
ENSMUST00000044369.12|ENSMUSG00000033793|Atp6v1h	5879.5	5162313	chr1:5162162-5162529	0.17	0.19	0.16	0.15	0.44	0.29	0.15	0.14	0.21	0.19	0.31	0.33
ENSMUST00000072079.8|ENSMUSG00000061024|Rrs1	601.3	9547079	chr1:9546618-9547455	0.60	0.55	0.48	0.45	1.00	0.64	0.61	0.50	0.47	0.52	0.58	0.73
ENSMUST00000027044.14|ENSMUSG00000025911|Adhfe1	2626.2	9553819	chr1:9552939-9576901	0.19	0.17	0.15	0.17	0.17	0.18	0.18	0.16	NA	NA	0.13	0.14
ENSMUST00000088666.3|ENSMUSG00000067879|Vxn	953.5	9625276	chr1:9624893-9627143	1.00	0.89	0.80	0.89	0.61	1.00	0.95	0.88	0.70	1.00	0.90	0.85
ENSMUST00000057438.6|ENSMUSG00000045210|Vcpip1	19.2	9723385	chr1:9718621-9724484	0.25	0.19	0.18	0.25	0.46	0.27	NA	0.21	0.22	0.19	NA	0.42
ENSMUST00000088615.10|ENSMUSG00000067851|Arfgef1	50.1	10138683	chr1:10137570-10138834	0.93	1.00	1.00	1.00	1.00	0.81	NA	0.67	0.74	0.82	1.00	0.93
ENSMUST00000177608.7|ENSMUSG00000016918|Sulf1	1812.7	12860107	chr1:12858839-12861192	0.16	0.41	0.34	0.25	0.31	0.47	0.48	0.35	0.38	0.36	NA	NA
ENSMUST00000081713.10|ENSMUSG00000005886|Ncoa2	32.1	13142045	chr1:13139104-13142763	NA	NA	NA	1.00	0.96	NA	NA	1.00	0.43	0.78	NA	1.00
ENSMUST00000027068.10|ENSMUSG00000025935|Tram1	5258.2	13566069	chr1:13564697-13566325	0.74	0.70	0.62	0.63	1.00	0.97	0.67	0.61	0.75	0.68	0.88	0.79
ENSMUST00000027071.6|ENSMUSG00000025937|Lactb2	90.9	13625325	chr1:13623329-13626863	0.08	0.09	0.11	0.16	0.32	0.11	0.12	0.14	0.18	0.14	0.12	0.11
ENSMUST00000027066.12|ENSMUSG00000025932|Eya1	187.0	14170447	chr1:14168953-14170918	NA	1.00	0.69	0.77	0.79	1.00	0.90	0.63	0.60	0.93	1.00	1.00
ENSMUST00000027062.6|ENSMUSG00000025930|Msc	829.3	14753700	chr1:14753345-14754241	0.67	0.42	0.56	0.48	1.00	0.44	0.47	0.53	0.52	0.66	NA	NA
ENSMUST00000188371.6|ENSMUSG00000025925|Terf1	44.1	15843301	chr1:15843079-15844052	0.08	0.15	0.12	0.11	0.11	0.10	0.12	0.04	0.12	0.07	0.07	0.15
ENSMUST00000058437.13|ENSMUSG00000043716|Rpl7	1749.6	16101579	chr1:16101294-16101730	0.51	NA	NA	0.10	0.49	NA	NA	NA	NA	NA	0.10	NA
ENSMUST00000027053.7|ENSMUSG00000025921|Rdh10	1470.3	16132275	chr1:16131414-16133734	0.23	0.24	0.24	0.22	0.31	0.20	0.11	0.27	0.35	0.21	0.35	0.08
ENSMUST00000188641.6|ENSMUSG00000079658|Eloc	1853.6	16642941	chr1:16641724-16643290	0.42	0.66	0.63	0.52	0.30	0.37	0.53	0.65	0.52	0.48	0.78	0.79
ENSMUST00000065373.5|ENSMUSG00000025940|Tmem70	1279.5	16677712	chr1:16677422-16678275	0.32	0.39	0.36	0.42	0.48	0.37	0.40	0.43	0.37	0.41	0.47	0.65
ENSMUST00000189736.1|ENSMUSG00000025777|Gdap1	86.8	17157134	chr1:17156975-17161631	NA	0.04	0.05	0.05	NA	0.07	0.02	0.07	NA	NA	0.06	0.06
ENSMUST00000095075.4|ENSMUSG00000025776|Crispld1	334.2	17764770	chr1:17764111-17766344	0.10	0.40	0.16	0.30	0.27	0.21	0.24	0.30	0.30	0.29	0.31	0.44
ENSMUST00000053266.10|ENSMUSG00000041859|Mcm3	249.4	20803211	chr1:20802967-20803458	0.23	0.41	0.20	0.22	0.42	0.29	0.28	0.34	0.24	0.33	0.28	0.48
ENSMUST00000189400.6|ENSMUSG00000025931|Paqr8	545.9	20937201	chr1:20935685-20939650	0.60	0.74	0.87	0.70	1.00	0.87	1.00	0.82	0.57	0.97	1.00	0.88
ENSMUST00000037998.5|ENSMUSG00000041779|Tram2	38.7	21001413	chr1:20996298-21001564	NA	NA	0.63	0.66	0.55	NA	NA	NA	0.88	0.79	NA	NA
ENSMUST00000027064.7|ENSMUSG00000025933|Tmem14a	544.7	21229893	chr1:21229582-21230164	0.30	0.39	0.48	0.22	0.51	0.42	0.36	0.40	0.40	0.41	0.50	0.63
ENSMUST00000081544.12|ENSMUSG00000041670|Rims1	2069.8	22287117	chr1:22286250-22288424	1.00	0.82	0.47	0.69	0.78	0.96	0.79	0.93	0.52	0.63	0.67	0.79
ENSMUST00000027339.13|ENSMUSG00000026155|Smap1	388.0	23845972	chr1:23845624-23846431	0.56	0.64	0.63	0.62	0.69	0.62	0.61	0.46	0.54	0.60	0.88	0.76
ENSMUST00000027338.3|ENSMUSG00000026154|Sdhaf4	1820.7	23996102	chr1:23995938-23996253	0.35	0.28	0.33	0.36	0.48	0.36	0.34	0.39	0.31	0.34	0.47	0.42
ENSMUST00000188712.6|ENSMUSG00000026153|Fam135a	33.1	24053946	chr1:24011092-24054097	0.06	0.09	0.16	0.10	NA	0.07	NA	0.10	0.10	0.11	0.05	0.09
ENSMUST00000095062.9|ENSMUSG00000073725|Lmbrd1	534.7	24762956	chr1:24762733-24766301	0.16	0.30	0.38	0.44	0.18	0.24	0.38	0.30	0.34	0.41	0.39	0.47
ENSMUST00000126626.7|ENSMUSG00000033569|Adgrb3	18.0	25067714	chr1:25067475-25068170	NA	0.00	NA	NA	NA	NA	NA	0.27	NA	NA	0.45	0.58
ENSMUST00000191064.6|ENSMUSG00000048874|Phf3	36.2	30824209	chr1:30820225-30824463	0.08	0.02	0.04	0.03	0.02	0.03	0.02	0.05	0.03	0.04	0.03	0.02
ENSMUST00000232841.1|ENSMUSG00000026064|Ptp4a1	7285.1	30941802	chr1:30940301-30943208	0.10	0.11	0.10	0.13	0.18	0.11	0.12	0.15	0.17	0.17	0.22	0.19
ENSMUST00000233506.1|ENSMUSG00000117310|Ptp4a1	78478.7	30946037	chr1:30940301-30946546	0.57	0.55	0.51	0.62	0.64	0.60	0.91	0.54	0.51	0.58	0.52	0.59
ENSMUST00000027312.10|ENSMUSG00000026134|Prim2	19.4	33453937	chr1:33453809-33454088	0.26	NA	0.08	NA	0.33	0.39	NA	0.28	0.12	0.05	0.32	0.30
ENSMUST00000044691.8|ENSMUSG00000042215|Bag2	114.3	33745970	chr1:33745483-33746609	0.88	0.93	1.00	1.00	1.00	0.93	0.63	0.68	0.83	0.74	0.97	1.00
ENSMUST00000139143.7|ENSMUSG00000042197|Zfp451	101.7	33776268	chr1:33761544-33783098	0.21	0.20	0.15	0.16	0.21	NA	NA	0.17	0.15	0.18	NA	NA
ENSMUST00000129464.7|ENSMUSG00000042182|Bend6	1478.3	33852821	chr1:33852051-33853361	0.71	0.75	0.47	0.61	0.75	0.64	0.67	0.54	0.39	0.72	0.68	0.76
ENSMUST00000042493.9|ENSMUSG00000042111|Ccdc115	753.4	34437005	chr1:34436669-34437500	0.65	0.53	0.36	0.37	0.97	0.61	0.49	0.55	0.45	0.45	0.69	0.60
ENSMUST00000027303.13|ENSMUSG00000026127|Imp4	584.2	34444802	chr1:34444467-34449356	0.07	0.08	0.17	0.14	0.07	0.06	0.05	0.15	0.12	0.12	0.07	0.13
ENSMUST00000160855.1|ENSMUSG00000037509|Arhgef4	75766.7	34807771	chr1:34807185-34808911	0.14	0.17	0.14	0.13	0.03	0.06	0.08	0.13	0.07	0.32	0.12	0.11
ENSMUST00000167518.7|ENSMUSG00000037503|Fam168b	5500.8	34817865	chr1:34813218-34818016	1.00	1.00	1.00	1.00	1.00	1.00	1.00	1.00	1.00	1.00	1.00	1.00
ENSMUST00000088174.3|ENSMUSG00000045216|Hs6st1	119.8	36104550	chr1:36104218-36106446	1.00	0.96	0.89	0.92	NA	0.97	1.00	0.85	0.79	1.00	0.92	1.00
ENSMUST00000174266.7|ENSMUSG00000037470|Uggt1	513.0	36209904	chr1:36143485-36210055	0.08	0.07	0.06	0.06	0.09	0.06	0.05	0.07	0.10	0.08	0.04	0.06
ENSMUST00000056946.7|ENSMUSG00000047180|Neurl3	129.1	36265499	chr1:36264596-36266362	NA	NA	0.86	0.73	1.00	0.96	NA	0.76	0.80	0.61	NA	NA
ENSMUST00000137906.1|ENSMUSG00000037447|Arid5a	229.8	36320401	chr1:36320200-36324029	0.16	0.17	0.24	0.21	0.09	0.12	0.20	0.28	0.17	0.22	0.11	0.24
ENSMUST00000188961.6|ENSMUSG00000010453|Kansl3	725.2	36365481	chr1:36337572-36367767	0.27	NA	0.75	NA	NA	NA	0.35	0.61	0.79	NA	NA	NA
ENSMUST00000207088.1|ENSMUSG00000109510|Gm42417	94.9	36538409	chr1:36534051-36539393	0.11	0.01	0.05	0.07	0.08	0.05	0.09	0.07	0.04	0.07	0.04	0.03
ENSMUST00000207843.1|ENSMUSG00000079610|Ankrd39	1057.2	36541858	chr1:36537506-36542847	0.89	0.94	0.79	0.73	0.53	0.51	0.64	0.77	0.62	0.49	0.53	0.78
ENSMUST00000191677.5|ENSMUSG00000026121|Sema4c	74.9	36549102	chr1:36548638-36549541	0.23	0.26	0.29	0.32	0.50	0.28	0.25	0.15	0.29	0.27	NA	0.07
ENSMUST00000081180.6|ENSMUSG00000061518|Cox5b	702094.4	36692659	chr1:36692508-36693386	0.13	0.08	0.08	0.09	0.08	0.08	0.08	0.09	0.09	0.08	0.08	0.08
ENSMUST00000043951.9|ENSMUSG00000037351|Actr1b	4481.8	36699397	chr1:36698113-36700078	0.41	0.34	0.46	0.45	0.50	0.43	0.41	0.51	0.43	0.44	0.40	0.47
ENSMUST00000027286.6|ENSMUSG00000026112|Coa5	692.7	37418138	chr1:37417083-37420588	0.84	1.00	0.86	0.78	0.84	0.91	1.00	0.88	0.83	0.88	0.91	0.71
ENSMUST00000027285.12|ENSMUSG00000026111|Unc50	1029.6	37438966	chr1:37438815-37439124	0.01	0.01	0.01	0.01	0.03	0.02	0.00	0.00	0.01	0.00	0.03	0.01
ENSMUST00000042161.14|ENSMUSG00000026110|Mgat4a	46.3	37444510	chr1:37439339-37444661	0.40	NA	0.61	NA	0.53	0.67	NA	0.81	1.00	NA	NA	NA
ENSMUST00000160023.5|ENSMUSG00000026090|2010300C02Rik	475.2	37611918	chr1:37611676-37612259	0.42	0.54	0.35	0.50	0.59	0.86	0.41	0.37	0.31	0.59	0.58	0.53
ENSMUST00000139725.7|ENSMUSG00000026088|Mitd1	32.0	37879056	chr1:37874800-37879270	0.06	0.05	0.02	0.06	0.05	0.03	0.01	0.03	0.04	0.03	0.16	NA
ENSMUST00000027256.11|ENSMUSG00000026087|Mrpl30	637.3	37898412	chr1:37898261-37898535	0.32	0.48	0.42	0.36	0.31	0.09	0.13	0.73	0.36	0.12	0.44	0.57
ENSMUST00000027252.7|ENSMUSG00000026083|Eif5b	158.4	38051896	chr1:38051710-38055579	0.68	0.45	0.51	0.42	0.20	0.54	0.90	0.87	NA	0.53	0.47	0.42
ENSMUST00000193489.1|ENSMUSG00000026078|Pdcl3	348.7	38991466	chr1:38991315-38994917	0.02	0.00	0.05	0.03	0.01	0.00	0.01	0.00	0.00	0.01	0.00	0.00
ENSMUST00000056815.8|ENSMUSG00000026077|Npas2	118.9	39362904	chr1:39362004-39363236	NA	0.49	0.61	0.60	NA	0.48	0.90	0.60	0.40	0.52	0.62	0.81
ENSMUST00000086535.11|ENSMUSG00000073702|Rpl31	1922.0	39371481	chr1:39371330-39371911	0.46	0.33	0.46	0.61	0.38	0.39	0.52	0.39	0.44	0.89	0.41	0.37
ENSMUST00000192531.5|ENSMUSG00000003134|Tbc1d8	57.7	39402682	chr1:39372295-39402922	0.07	0.07	0.07	0.06	0.06	NA	0.11	0.07	0.05	0.07	0.04	0.06
ENSMUST00000161515.7|ENSMUSG00000003135|Cnot11	48.0	39546231	chr1:39545263-39546889	0.43	0.38	0.56	0.24	0.73	0.43	0.48	0.43	0.41	0.36	0.62	0.22
ENSMUST00000195136.1|ENSMUSG00000048234|Rnf149	746.1	39555449	chr1:39552468-39555600	0.01	0.00	0.01	0.01	0.00	0.01	0.00	0.00	0.00	0.00	0.00	0.00
ENSMUST00000053355.5|ENSMUSG00000050967|Creg2	41.1	39621264	chr1:39618405-39623098	NA	0.18	0.10	0.16	0.26	0.42	0.02	0.12	0.16	0.15	0.28	0.19
ENSMUST00000168431.6|ENSMUSG00000026074|Map4k4	261.5	40024860	chr1:40024709-40026310	0.08	0.24	0.46	0.35	0.19	0.37	0.56	0.28	0.15	0.23	1.00	0.64
ENSMUST00000195770.1|ENSMUSG00000026073|Il1r2	126.0	40112221	chr1:40112070-40125219	0.08	NA	0.09	0.10	0.15	0.09	NA	NA	NA	NA	NA	NA
ENSMUST00000027241.10|ENSMUSG00000026072|Il1r1	1921.8	40315963	chr1:40313390-40317257	0.10	0.08	0.06	0.08	0.85	0.16	0.17	0.09	0.08	0.05	NA	0.31
ENSMUST00000194296.5|ENSMUSG00000070942|Il1rl2	104.3	40365593	chr1:40365442-40367562	0.63	NA	1.00	1.00	1.00	0.83	1.00	0.87	1.00	0.89	NA	NA
ENSMUST00000027231.12|ENSMUSG00000026062|Slc9a2	38.1	40768433	chr1:40767996-40769273	1.00	1.00	NA	NA	0.35	NA	NA	1.00	NA	NA	NA	NA
ENSMUST00000239323.1|ENSMUSG00000045515|Pou3f3	510.7	42700055	chr1:42698636-42703176	NA	0.10	0.06	0.07	NA	0.10	0.09	0.07	NA	NA	0.11	0.14
ENSMUST00000201108.3|ENSMUSG00000060679|Mrps9	486.6	42899549	chr1:42899375-42905683	0.07	0.07	0.07	0.06	0.14	0.06	0.07	0.04	0.06	0.06	0.05	0.06
ENSMUST00000095014.7|ENSMUSG00000070939|Tgfbrap1	48.1	43048313	chr1:43047199-43049661	NA	1.00	1.00	0.79	0.79	0.98	NA	1.00	0.67	0.69	1.00	1.00
ENSMUST00000010434.7|ENSMUSG00000010290|AI597479	128.1	43113743	chr1:43113239-43115947	1.00	1.00	1.00	0.83	1.00	1.00	1.00	0.99	1.00	1.00	1.00	0.78
ENSMUST00000008280.13|ENSMUSG00000008136|Fhl2	13134.2	43123336	chr1:43123073-43123516	0.32	0.31	0.38	0.30	1.00	0.52	0.36	0.35	0.34	0.32	0.52	0.55
ENSMUST00000086421.8|ENSMUSG00000066877|Nck2	410.2	43569827	chr1:43569339-43570515	0.54	0.62	0.55	0.60	1.00	0.88	0.56	0.52	0.53	0.51	0.74	0.80
ENSMUST00000076997.12|ENSMUSG00000057363|Uxs1	188.4	43790351	chr1:43749511-43790502	0.07	0.08	0.07	0.06	0.07	0.07	0.07	0.07	0.07	0.07	NA	0.06
ENSMUST00000188302.6|ENSMUSG00000041763|Tpp2	587.5	43983592	chr1:43973454-43990603	0.09	0.01	0.03	0.07	0.08	0.02	0.10	0.07	0.03	0.04	NA	0.01
ENSMUST00000027215.11|ENSMUSG00000026049|Tex30	80.6	44086741	chr1:44086612-44086892	0.33	0.60	NA	NA	0.35	0.28	0.05	0.47	0.12	0.50	NA	NA
ENSMUST00000114709.2|ENSMUSG00000041684|Bivm	43.3	44144189	chr1:44143139-44144770	0.55	0.50	0.38	0.36	1.00	0.39	NA	0.37	0.48	0.39	NA	NA
ENSMUST00000159555.7|ENSMUSG00000056870|Gulp1	179.9	44754516	chr1:44754365-44796826	0.03	0.03	0.04	0.04	0.07	0.03	0.07	0.03	0.04	0.04	NA	0.04
ENSMUST00000087883.12|ENSMUSG00000026043|Col3a1	1979097.3	45348895	chr1:45348744-45349706	0.10	0.09	0.08	0.09	0.11	0.11	0.06	0.07	0.11	0.11	0.09	NA
ENSMUST00000086430.4|ENSMUSG00000026042|Col5a2	2551.8	45375934	chr1:45374320-45376086	0.15	0.15	0.10	0.11	0.18	0.14	0.09	0.12	0.20	0.20	NA	NA
ENSMUST00000186651.1|ENSMUSG00000025995|Wdr75	117.6	45823506	chr1:45823355-45823616	0.18	0.41	0.24	0.15	0.22	0.39	0.52	0.09	0.37	NA	0.38	NA
ENSMUST00000027137.10|ENSMUSG00000025993|Slc40a1	550.2	45908579	chr1:45908067-45909408	0.76	0.78	0.62	0.66	1.00	0.88	0.77	0.62	0.81	0.81	1.00	0.98
ENSMUST00000027131.5|ENSMUSG00000025986|Slc39a10	458.4	46809804	chr1:46807543-46809955	0.91	1.00	1.00	0.94	1.00	0.90	0.98	1.00	0.71	0.80	0.99	0.93
ENSMUST00000081851.3|ENSMUSG00000026109|Tmeff2	69.1	51185629	chr1:51185478-51187270	0.13	0.20	0.12	0.13	0.14	0.17	0.12	0.11	0.17	0.28	0.19	0.26
ENSMUST00000051572.7|ENSMUSG00000045954|Cavin2	395.0	51301769	chr1:51301419-51302960	0.64	0.54	0.52	0.50	0.83	1.00	0.51	0.42	0.37	0.47	0.64	0.74
ENSMUST00000189542.6|ENSMUSG00000026107|Nabp1	33.9	51469765	chr1:51465861-51471247	0.03	0.03	0.03	0.01	0.07	0.05	0.05	0.09	NA	0.03	0.02	NA
ENSMUST00000046390.13|ENSMUSG00000018417|Myo1b	721.5	51750615	chr1:51749764-51751175	0.82	0.77	0.83	0.94	1.00	1.00	0.98	0.77	0.77	0.69	1.00	0.88
ENSMUST00000114510.7|ENSMUSG00000026103|Gls	237.1	52185369	chr1:52184103-52187650	0.05	0.03	0.01	0.01	0.08	0.01	NA	0.03	0.00	0.00	0.06	0.05
ENSMUST00000186764.6|ENSMUSG00000002881|Nab1	478.8	52458074	chr1:52457293-52459220	0.50	0.63	0.43	0.42	0.96	0.42	0.49	0.42	0.42	0.52	0.48	0.50
ENSMUST00000156876.7|ENSMUSG00000041439|Mfsd6	33.8	52657609	chr1:52656285-52658344	0.90	0.73	0.97	0.51	0.54	0.56	NA	0.70	0.49	0.88	NA	0.98
ENSMUST00000177279.7|ENSMUSG00000026102|Inpp1	289.3	52794393	chr1:52789667-52794544	0.09	0.10	0.11	0.12	0.10	0.12	0.10	0.09	0.12	0.10	0.09	0.07
ENSMUST00000159352.7|ENSMUSG00000041426|Hibch	254.2	52920630	chr1:52920307-52920981	0.29	0.36	0.18	0.29	0.57	0.23	0.30	0.24	0.28	0.32	0.33	0.30
ENSMUST00000050567.10|ENSMUSG00000043629|1700019D03Rik	20.1	52925051	chr1:52922323-52925249	NA	0.11	NA	NA	NA	0.07	NA	0.05	NA	NA	0.03	0.06
ENSMUST00000027266.3|ENSMUSG00000026097|Ormdl1	166.7	53309892	chr1:53308959-53310309	0.67	0.51	0.51	0.39	0.95	0.50	0.32	0.53	0.57	0.46	0.74	0.57
ENSMUST00000151296.7|ENSMUSG00000026096|Osgepl1	249.5	53318289	chr1:53317985-53326174	0.11	0.09	0.11	0.06	0.10	0.12	0.09	0.07	0.06	0.06	0.09	0.09
ENSMUST00000027263.13|ENSMUSG00000026094|Stk17b	570.2	53756312	chr1:53755505-53757490	0.39	0.49	0.41	0.42	0.69	0.52	0.39	0.38	0.47	0.49	0.53	0.57
ENSMUST00000041638.7|ENSMUSG00000041303|Gtf3c3	22.1	54397650	chr1:54396003-54397882	0.53	0.42	1.00	1.00	0.37	0.62	NA	0.62	0.51	0.46	0.55	NA
ENSMUST00000179030.7|ENSMUSG00000052331|Ankrd44	32.5	54647336	chr1:54645339-54648279	NA	NA	NA	0.97	1.00	NA	NA	0.95	0.68	1.00	NA	NA
ENSMUST00000191303.1|ENSMUSG00000025982|Sf3b1	7756.1	55014482	chr1:55012251-55014907	0.00	NA	0.00	0.00	0.00	0.00	0.00	0.00	0.00	0.00	NA	NA
ENSMUST00000027125.6|ENSMUSG00000025981|Coq10b	671.0	55072320	chr1:55071800-55072702	0.59	0.48	0.57	0.73	0.70	0.55	0.56	0.53	0.55	0.64	1.00	0.76
ENSMUST00000027123.14|ENSMUSG00000025980|Hspd1	3319.9	55078093	chr1:55077834-55078290	0.44	0.38	0.34	0.38	0.74	0.45	0.35	0.32	0.37	0.31	0.53	0.53
ENSMUST00000161122.1|ENSMUSG00000025979|Mob4	3808.3	55148634	chr1:55148330-55153359	0.18	0.16	0.15	0.19	0.15	0.17	0.15	0.18	0.14	0.15	0.15	0.17
ENSMUST00000132055.7|ENSMUSG00000025978|Rftn2	380.8	55206335	chr1:55171747-55206613	0.02	0.02	0.02	0.02	0.03	0.02	0.03	0.02	0.03	0.02	0.02	0.02
ENSMUST00000061334.9|ENSMUSG00000046994|Mars2	6.0	55239776	chr1:55238997-55248470	0.09	0.03	NA	NA	NA	0.11	NA	0.06	NA	NA	NA	0.16
ENSMUST00000042986.9|ENSMUSG00000038349|Plcl1	11.3	55752774	chr1:55751460-55754285	NA	0.10	0.32	NA	NA	NA	0.44	NA	NA	NA	NA	0.34
ENSMUST00000042734.2|ENSMUSG00000038323|1700066M21Rik	62.3	57383830	chr1:57383561-57385423	0.86	0.96	0.89	1.00	1.00	0.87	NA	1.00	1.00	0.73	1.00	0.94
ENSMUST00000079998.12|ENSMUSG00000048495|Tyw5	248.4	57393302	chr1:57388239-57393453	0.10	0.08	0.09	0.08	0.15	0.09	0.08	0.15	0.08	0.06	0.10	0.09
ENSMUST00000027114.5|ENSMUSG00000025971|Maip1	35.5	57415882	chr1:57415731-57417953	0.13	0.12	0.16	0.39	0.01	0.06	0.10	0.18	0.10	0.11	0.16	0.31
ENSMUST00000167085.7|ENSMUSG00000038305|Spats2l	206.0	57946745	chr1:57946460-57948394	0.06	0.06	0.12	0.14	0.42	0.15	0.15	0.14	0.25	0.17	0.28	0.28
ENSMUST00000161608.7|ENSMUSG00000054770|Kctd18	67.3	57963067	chr1:57955252-57963257	0.06	0.05	0.06	0.03	0.06	0.03	0.10	0.03	0.04	0.04	0.05	0.05
ENSMUST00000001027.6|ENSMUSG00000063558|Aox1	23.2	58106226	chr1:58106075-58106413	0.23	0.23	0.34	0.13	0.78	0.26	0.27	0.28	0.36	0.20	NA	NA
ENSMUST00000188630.6|ENSMUSG00000051223|Bzw1	96252.3	58401511	chr1:58400780-58405487	0.30	0.26	0.29	0.28	0.29	0.26	0.23	0.28	0.28	0.26	0.25	0.25
ENSMUST00000148330.7|ENSMUSG00000026034|Clk1	2576.7	58414371	chr1:58411999-58419715	0.35	0.06	0.16	0.18	0.26	0.12	0.00	0.17	0.16	0.18	NA	0.35
ENSMUST00000087521.12|ENSMUSG00000026036|Nif3l1	111.8	58462022	chr1:58461322-58463456	0.06	0.10	0.21	0.11	0.20	0.13	0.05	0.07	0.13	0.13	0.30	0.34
ENSMUST00000027198.11|ENSMUSG00000026037|Orc2	91.5	58463513	chr1:58462770-58464206	0.28	0.30	0.31	0.46	1.00	0.43	NA	0.40	0.48	0.39	0.43	0.42
ENSMUST00000187717.6|ENSMUSG00000038174|Fam126b	17.4	58552087	chr1:58527742-58552238	0.04	0.04	0.08	0.07	NA	0.06	NA	0.10	0.06	0.06	0.06	0.05
ENSMUST00000114313.7|ENSMUSG00000026031|Cflar	175.0	58754888	chr1:58753919-58758884	0.21	0.24	0.17	0.25	0.36	0.23	0.29	0.23	0.26	0.22	0.27	0.34
ENSMUST00000027189.14|ENSMUSG00000026029|Casp8	511.0	58846902	chr1:58846751-58847503	0.04	0.07	0.09	0.03	0.09	0.03	0.01	0.11	0.05	0.06	0.10	0.01
ENSMUST00000027186.11|ENSMUSG00000026028|Trak2	1795.2	58903140	chr1:58900448-58903506	0.75	0.98	0.79	0.91	1.00	0.84	0.85	0.84	0.80	0.63	0.95	0.92
ENSMUST00000153990.7|ENSMUSG00000026027|Stradb	1043.5	58985491	chr1:58985340-58995122	0.32	0.33	0.34	0.32	0.24	0.40	0.39	0.30	0.39	0.37	0.34	0.37
ENSMUST00000094917.9|ENSMUSG00000038079|Tmem237	92.6	59100988	chr1:59100589-59101139	0.44	0.34	0.24	0.29	0.94	0.31	0.37	0.16	0.14	0.22	0.40	0.51
ENSMUST00000027178.12|ENSMUSG00000026024|Als2	42.3	59164028	chr1:59162925-59164179	1.00	1.00	1.00	0.75	1.00	0.62	1.00	0.99	0.98	0.88	1.00	1.00
ENSMUST00000114246.3|ENSMUSG00000041075|Fzd7	294.5	59485360	chr1:59484675-59486955	NA	NA	1.00	0.83	1.00	1.00	1.00	1.00	0.93	0.85	NA	NA
ENSMUST00000091374.8|ENSMUSG00000026021|Sumo1	13514.5	59639730	chr1:59639433-59640202	0.65	0.51	0.56	0.50	0.59	0.51	0.53	0.50	0.57	0.53	0.63	0.70
ENSMUST00000191142.6|ENSMUSG00000026020|Nop58	4.8	59711469	chr1:59711318-59719044	0.00	0.03	0.02	0.01	0.02	0.01	NA	NA	NA	NA	NA	NA
ENSMUST00000087435.6|ENSMUSG00000067336|Bmpr2	535.2	59870633	chr1:59870482-59879014	1.00	1.00	1.00	1.00	1.00	NA	1.00	1.00	NA	NA	1.00	1.00
ENSMUST00000036540.11|ENSMUSG00000041040|Fam117b	107.2	59982026	chr1:59981724-59985346	0.59	0.47	0.61	0.54	0.71	0.72	0.80	0.80	0.53	0.50	0.90	0.90
ENSMUST00000027172.12|ENSMUSG00000026018|Ica1l	57.2	59990793	chr1:59989067-59991126	NA	0.47	0.85	0.99	NA	0.56	0.13	1.00	NA	NA	0.58	0.77
ENSMUST00000027173.14|ENSMUSG00000026019|Wdr12	12.8	60077693	chr1:60069784-60078166	0.04	0.07	0.07	0.04	0.02	0.06	0.04	0.08	0.03	0.05	0.08	0.07
ENSMUST00000148443.2|ENSMUSG00000049439|Cyp20a1	694.6	60354674	chr1:60354523-60388060	0.03	0.04	0.03	0.03	0.05	0.04	0.04	0.04	0.03	0.03	0.05	0.03
ENSMUST00000052332.14|ENSMUSG00000026782|Abi2	418.7	60479357	chr1:60476912-60481158	0.75	0.65	0.69	0.78	1.00	0.77	0.95	0.62	0.69	0.62	0.73	0.69
ENSMUST00000027165.2|ENSMUSG00000026012|Cd28	16.6	60770260	chr1:60769782-60773359	NA	NA	0.33	0.22	NA	NA	NA	NA	0.22	0.25	NA	NA
ENSMUST00000114155.7|ENSMUSG00000025969|Nrp2	28.4	62796743	chr1:62795986-62799314	0.20	NA	0.33	0.27	0.67	0.28	0.25	0.27	0.21	0.31	0.28	0.52
ENSMUST00000027108.12|ENSMUSG00000025967|Eef1b2	60251.8	63178898	chr1:63177786-63179622	0.17	0.08	0.10	0.10	0.13	0.08	0.09	0.09	0.08	0.10	0.09	0.09
ENSMUST00000087374.9|ENSMUSG00000025964|Adam23	22.3	63592806	chr1:63592653-63596276	NA	0.21	NA	0.14	NA	0.20	NA	NA	NA	NA	0.66	0.40
ENSMUST00000114086.7|ENSMUSG00000025959|Klf7	66.6	64033072	chr1:64029446-64035715	0.06	0.09	0.14	NA	0.18	0.19	NA	0.13	NA	NA	0.16	NA
ENSMUST00000114079.8|ENSMUSG00000025956|Mettl21a	213.5	64607341	chr1:64606472-64607742	0.32	0.48	0.45	0.57	0.45	0.40	0.42	0.45	0.44	0.45	1.00	0.21
ENSMUST00000114077.7|ENSMUSG00000070871|Ccnyl1	88.0	64724156	chr1:64723636-64725644	0.80	0.62	0.78	0.74	0.86	1.00	NA	0.78	0.70	0.69	0.87	0.93
ENSMUST00000139649.7|ENSMUSG00000051344|Plekhm3	26.8	64794155	chr1:64785982-64795039	NA	0.26	0.18	0.28	NA	NA	NA	0.21	0.28	NA	0.45	0.44
ENSMUST00000097709.10|ENSMUSG00000025950|Idh1	5084.6	65158943	chr1:65158615-65159467	0.74	0.51	0.54	0.56	0.62	0.57	0.62	0.50	0.52	0.59	0.75	0.72
ENSMUST00000190058.6|ENSMUSG00000025949|Pikfyve	7.8	65202923	chr1:65202748-65246898	0.03	NA	0.07	0.04	NA	0.03	0.06	0.04	0.04	0.05	0.02	0.04
ENSMUST00000114015.7|ENSMUSG00000015222|Map2	15210.4	66439155	chr1:66439004-66442583	0.98	1.00	1.00	1.00	1.00	1.00	1.00	1.00	1.00	NA	1.00	1.00
ENSMUST00000061620.16|ENSMUSG00000055567|Unc80	169.4	66696490	chr1:66695593-66699148	NA	0.65	0.47	0.44	NA	0.65	NA	0.33	NA	NA	0.54	0.65
ENSMUST00000151016.1|ENSMUSG00000026005|Rpe	56.6	66701636	chr1:66701029-66715194	NA	NA	NA	0.03	NA	NA	NA	0.03	NA	NA	0.02	0.01
ENSMUST00000129190.7|ENSMUSG00000026004|Kansl1l	19.8	66720520	chr1:66719247-66720778	1.00	NA	0.75	0.63	NA	0.79	1.00	1.00	0.72	1.00	NA	NA
ENSMUST00000027153.5|ENSMUSG00000026003|Acadl	3106.2	66831099	chr1:66830838-66831436	0.40	0.32	0.27	0.26	0.60	0.42	0.27	0.34	0.32	0.30	0.46	0.45
ENSMUST00000027149.11|ENSMUSG00000026000|Lancl1	64.6	67003332	chr1:67000516-67003483	0.63	0.45	0.40	0.36	0.03	0.24	0.11	0.61	0.24	0.14	0.43	0.53
ENSMUST00000187627.1|ENSMUSG00000026193|Fn1	142217.2	71597181	chr1:71590096-71597332	0.18	0.18	0.16	0.16	0.17	0.20	0.20	0.18	0.16	0.17	0.20	0.20
ENSMUST00000027379.9|ENSMUSG00000026187|Xrcc5	102.4	72394870	chr1:72394719-72394952	0.24	0.07	NA	0.30	0.35	0.30	0.26	0.23	0.14	0.12	0.19	0.16
ENSMUST00000047328.10|ENSMUSG00000039323|Igfbp2	177210.8	72852310	chr1:72852159-72852474	0.26	0.27	0.27	0.24	0.39	0.28	0.22	0.21	0.27	0.23	0.32	0.31
ENSMUST00000027377.8|ENSMUSG00000026185|Igfbp5	272932.4	72862228	chr1:72857931-72862379	1.00	1.00	1.00	1.00	1.00	1.00	1.00	1.00	1.00	1.00	NA	1.00
ENSMUST00000169786.7|ENSMUSG00000055322|Tns1	303.9	73914110	chr1:73910230-73914532	1.00	0.94	0.99	0.96	1.00	NA	1.00	1.00	0.74	0.91	1.00	0.44
ENSMUST00000106899.3|ENSMUSG00000026180|Cxcr2	13.2	74159862	chr1:74159425-74161246	0.20	NA	0.13	0.15	NA	0.09	NA	NA	NA	NA	NA	NA
ENSMUST00000113820.8|ENSMUSG00000006304|Arpc2	39233.8	74267961	chr1:74267792-74268209	0.31	0.31	0.29	0.28	0.69	0.40	0.29	0.30	0.33	0.29	0.39	0.39
ENSMUST00000006462.13|ENSMUSG00000006299|Aamp	27693.4	74280069	chr1:74279839-74280236	0.39	0.34	0.36	0.39	0.84	0.52	0.36	0.34	0.41	0.36	0.52	0.50
ENSMUST00000087226.10|ENSMUSG00000026179|Pnkd	374.2	74352184	chr1:74351928-74353694	1.00	1.00	1.00	0.89	0.74	1.00	0.91	0.90	1.00	0.89	1.00	1.00
ENSMUST00000016309.15|ENSMUSG00000006301|Tmbim1	1225.6	74288593	chr1:74288246-74289374	0.74	0.71	0.74	0.64	0.97	0.67	0.75	0.65	0.75	0.68	0.83	0.72
ENSMUST00000027368.5|ENSMUSG00000026177|Slc11a1	1087.6	74385833	chr1:74385503-74386062	0.27	0.47	0.27	0.29	0.58	0.43	0.33	0.31	0.33	0.31	NA	0.27
ENSMUST00000027367.13|ENSMUSG00000026176|Ctdsp1	658.0	74395732	chr1:74395581-74397285	0.46	0.69	0.57	0.43	1.00	0.50	1.00	1.00	1.00	0.82	1.00	NA
ENSMUST00000027366.12|ENSMUSG00000026175|Vil1	35.7	74435201	chr1:74434988-74435559	0.45	0.33	0.20	NA	1.00	NA	NA	0.66	NA	NA	NA	NA
ENSMUST00000087215.6|ENSMUSG00000026174|Cnot9	223.7	74529569	chr1:74528851-74530842	0.55	0.34	0.41	0.42	0.66	0.48	0.74	0.67	0.40	0.47	0.58	0.95
ENSMUST00000141412.7|ENSMUSG00000026173|Plcd4	418.1	74565367	chr1:74562170-74567794	0.28	0.33	0.52	0.51	NA	0.43	NA	1.00	NA	NA	0.54	0.44
ENSMUST00000127921.1|ENSMUSG00000026135|Zfp142	95.8	74569678	chr1:74566868-74578253	NA	NA	0.00	0.00	NA	NA	NA	0.00	0.00	0.00	NA	0.00
ENSMUST00000027358.10|ENSMUSG00000026172|Bcs1l	30.5	74592219	chr1:74592068-74592443	0.19	0.35	NA	0.38	0.09	0.44	0.18	NA	NA	NA	0.17	0.42
ENSMUST00000135140.7|ENSMUSG00000026171|Rnf25	330.5	74598361	chr1:74593747-74598829	0.24	NA	NA	NA	0.21	0.17	NA	NA	0.28	0.34	0.19	0.17
ENSMUST00000189830.1|ENSMUSG00000033276|Stk36	7.1	74609261	chr1:74609107-74611256	NA	NA	NA	0.06	0.25	NA	NA	NA	0.03	0.03	NA	0.03
ENSMUST00000027356.6|ENSMUSG00000026170|Cyp27a1	37.8	74737807	chr1:74737656-74737892	NA	NA	NA	0.09	0.53	NA	0.11	0.29	NA	NA	NA	NA
ENSMUST00000006716.7|ENSMUSG00000033227|Wnt6	125.0	74784748	chr1:74784597-74785322	NA	NA	0.30	0.31	0.09	0.35	0.34	0.33	0.25	0.51	NA	NA
ENSMUST00000006718.14|ENSMUSG00000026167|Wnt10a	65.3	74803826	chr1:74803617-74804179	NA	NA	NA	NA	NA	NA	0.35	0.44	NA	NA	0.54	0.66
ENSMUST00000160379.3|ENSMUSG00000090071|Cdk5r2	4198.7	74856576	chr1:74856204-74857732	0.38	0.11	0.15	0.12	0.13	0.17	0.11	0.13	0.08	0.15	0.11	0.12
ENSMUST00000152855.1|ENSMUSG00000026162|Nhej1	55.6	74967499	chr1:74967138-74967696	0.17	0.23	0.10	0.09	0.36	0.18	0.24	0.15	0.08	0.12	0.22	NA
ENSMUST00000168720.7|ENSMUSG00000033159|Cnppd1	811.2	75135950	chr1:75134553-75136401	0.04	0.04	0.08	0.07	0.08	0.06	0.06	0.05	0.05	0.06	0.03	0.03
ENSMUST00000188873.6|ENSMUSG00000049339|Retreg2	27149.3	75144839	chr1:75144688-75147909	1.00	1.00	1.00	1.00	1.00	1.00	1.00	1.00	1.00	1.00	1.00	1.00
ENSMUST00000160439.7|ENSMUSG00000026197|Zfand2b	532.0	75171428	chr1:75171277-75171629	0.29	0.36	0.32	0.40	0.91	0.46	0.31	0.36	0.40	0.30	0.44	0.39
ENSMUST00000145459.8|ENSMUSG00000026199|Ankzf1	875.2	75196038	chr1:75195887-75199387	1.00	NA	1.00	1.00	NA	NA	NA	1.00	1.00	1.00	NA	0.94
ENSMUST00000189663.6|ENSMUSG00000026200|Glb1l	5107.0	75202186	chr1:75199490-75202457	NA	NA	0.48	0.48	0.65	0.39	0.51	0.42	0.51	0.47	NA	NA
ENSMUST00000027401.10|ENSMUSG00000026201|Stk16	38069.5	75214100	chr1:75213949-75215606	0.17	0.33	0.27	0.29	0.12	0.26	0.21	0.41	0.14	0.09	0.82	1.00
ENSMUST00000186213.6|ENSMUSG00000026202|Tuba4a	11742.3	75215139	chr1:75214227-75215624	0.07	0.08	0.10	0.13	0.12	0.07	0.08	0.13	0.19	0.23	0.08	0.08
ENSMUST00000185403.6|ENSMUSG00000026203|Dnajb2	7536.5	75239630	chr1:75239208-75245055	0.31	0.33	0.37	0.31	0.37	0.28	0.39	0.34	0.36	0.30	0.39	0.35
ENSMUST00000027404.11|ENSMUSG00000026204|Ptprn	353.9	75247304	chr1:75247026-75247551	0.61	0.47	0.30	0.34	0.61	0.50	0.38	0.46	0.29	0.44	0.53	0.55
ENSMUST00000186229.1|ENSMUSG00000033061|Resp18	171.2	75273879	chr1:75272310-75274030	0.00	0.00	NA	NA	0.00	0.00	NA	0.00	NA	NA	0.00	0.00
ENSMUST00000185419.6|ENSMUSG00000026209|Dnpep	678.3	75308590	chr1:75307939-75309259	0.01	NA	NA	0.06	0.03	NA	0.01	0.23	NA	NA	NA	NA
ENSMUST00000027409.9|ENSMUSG00000026208|Des	395.8	75367588	chr1:75367047-75368579	0.01	0.03	0.02	0.03	0.06	0.02	0.01	0.01	0.01	0.01	0.04	0.03
ENSMUST00000125306.1|ENSMUSG00000026207|Speg	17.3	75385164	chr1:75384878-75387895	NA	NA	0.02	0.00	NA	0.00	NA	0.02	0.00	0.00	0.01	0.01
ENSMUST00000188097.1|ENSMUSG00000033021|Gmppa	13548.0	75440644	chr1:75440493-75442028	0.48	0.40	0.43	0.42	0.32	0.41	0.45	0.40	0.43	0.40	0.38	0.41
ENSMUST00000138683.1|ENSMUSG00000032997|Chpf	107199.5	75477244	chr1:75474575-75477536	0.86	0.71	0.70	0.73	0.57	0.75	0.83	0.71	0.72	0.71	0.78	0.74
ENSMUST00000155084.7|ENSMUSG00000026211|Obsl1	225.2	75490795	chr1:75490533-75491179	NA	NA	0.44	0.32	NA	0.57	0.65	0.49	0.53	0.42	NA	NA
ENSMUST00000050899.6|ENSMUSG00000051703|Tmem198	986.0	75485325	chr1:75484981-75485705	0.60	0.41	0.42	0.44	0.49	0.80	0.40	0.33	0.40	0.16	0.52	0.49
ENSMUST00000027414.15|ENSMUSG00000026213|Stk11ip	90.9	75536754	chr1:75536232-75537335	0.17	0.12	0.07	0.10	0.32	0.10	0.16	0.14	0.17	0.14	0.14	0.11
ENSMUST00000027415.11|ENSMUSG00000006576|Slc4a3	1443.5	75555141	chr1:75552758-75558890	NA	0.67	0.95	0.77	NA	NA	NA	0.78	NA	0.47	1.00	0.65
ENSMUST00000190149.6|ENSMUSG00000026235|Epha4	3.1	77506547	chr1:77373630-77507188	0.02	0.01	NA	0.01	0.01	NA	NA	NA	NA	NA	0.01	0.01
ENSMUST00000036172.9|ENSMUSG00000032908|Sgpp2	51.4	78418568	chr1:78417423-78420289	0.76	NA	0.85	0.89	0.94	NA	1.00	0.80	NA	0.88	1.00	1.00
ENSMUST00000189529.6|ENSMUSG00000026245|Farsb	3006.2	78462305	chr1:78425084-78478244	0.25	0.25	0.28	0.25	0.22	0.22	0.30	0.25	0.23	0.25	0.28	0.26
ENSMUST00000035779.14|ENSMUSG00000032883|Acsl3	858.9	78706766	chr1:78706412-78707743	0.15	0.12	0.13	0.15	0.30	0.15	0.08	0.17	0.14	0.08	0.18	0.19
ENSMUST00000053760.11|ENSMUSG00000079470|Utp14b	4.0	78667331	chr1:78666726-78671512	0.01	0.02	NA	NA	NA	NA	0.01	0.03	NA	NA	NA	NA
ENSMUST00000057262.7|ENSMUSG00000047330|Kcne4	251.2	78818484	chr1:78818146-78820028	1.00	1.00	1.00	0.79	1.00	1.00	1.00	1.00	0.77	0.84	NA	0.54
ENSMUST00000185234.1|ENSMUSG00000050711|Scg2	54.5	79434998	chr1:79434668-79435153	0.75	0.54	NA	NA	NA	NA	0.16	NA	NA	NA	0.45	0.77
ENSMUST00000187005.6|ENSMUSG00000073643|Wdfy1	252.3	79719072	chr1:79705356-79719223	0.14	NA	0.04	0.06	0.06	0.03	0.04	0.07	0.04	0.05	NA	NA
ENSMUST00000027464.8|ENSMUSG00000026248|Mrpl44	215.5	79781286	chr1:79781135-79781445	0.30	0.20	0.19	0.24	0.55	0.30	0.30	0.25	0.31	0.25	0.31	0.27
ENSMUST00000027467.10|ENSMUSG00000026249|Serpine2	922025.2	79794600	chr1:79794196-79795007	0.33	0.31	0.25	0.24	0.85	0.40	0.28	0.24	0.29	0.25	0.46	0.46
ENSMUST00000023262.5|ENSMUSG00000022591|Gm9747	21.5	82234544	chr1:82234393-82235933	0.48	NA	0.83	0.65	NA	NA	NA	0.90	1.00	1.00	NA	1.00
ENSMUST00000027322.13|ENSMUSG00000026142|Rhbdd1	121.8	82443450	chr1:82442951-82445366	0.80	0.85	0.74	0.76	1.00	1.00	NA	0.70	0.61	1.00	0.89	1.00
ENSMUST00000162003.7|ENSMUSG00000026150|Mff	6426.8	82752125	chr1:82751713-82752394	0.54	0.51	0.41	0.38	0.55	0.60	0.40	0.37	0.52	0.41	0.64	0.54
ENSMUST00000189220.6|ENSMUSG00000026159|Agfg1	483.2	82896041	chr1:82895055-82901182	0.05	0.07	0.10	0.11	0.09	0.06	0.04	0.14	0.09	0.08	0.13	0.15
ENSMUST00000045560.14|ENSMUSG00000038496|Slc19a3	100.6	83012893	chr1:83012522-83013821	0.64	0.55	0.78	0.88	0.83	NA	1.00	0.47	0.47	NA	0.55	0.43
ENSMUST00000177458.1|ENSMUSG00000045658|Pid1	18.0	84158685	chr1:84157128-84159117	0.47	NA	0.41	0.49	NA	NA	0.73	0.51	NA	NA	NA	NA
ENSMUST00000049126.12|ENSMUSG00000036766|Dner	105.8	84370123	chr1:84369838-84370766	0.62	0.71	0.54	0.58	0.93	0.55	0.66	0.57	0.53	0.38	0.81	0.69
ENSMUST00000187733.1|ENSMUSG00000026219|Trip12	476.6	84730430	chr1:84724576-84730581	0.30	0.22	0.25	0.28	0.32	0.42	0.32	0.31	0.27	0.26	0.35	0.29
ENSMUST00000097672.3|ENSMUSG00000073633|Fbxo36	185.7	84900333	chr1:84900182-84900487	0.37	0.39	0.26	0.23	1.00	0.16	0.28	0.26	0.37	0.41	0.33	0.40
ENSMUST00000093508.6|ENSMUSG00000070034|Sp110	135.4	85577143	chr1:85576898-85577294	0.24	0.30	0.29	0.21	0.26	0.23	0.27	0.17	0.39	0.21	NA	0.19
ENSMUST00000113385.2|ENSMUSG00000070031|Sp140	10.2	85601304	chr1:85601153-85610782	NA	NA	0.01	0.01	0.01	0.00	0.05	0.02	0.00	0.00	NA	NA
ENSMUST00000113360.7|ENSMUSG00000036707|Cab39	1082.1	85849764	chr1:85849218-85851576	0.71	0.72	0.57	0.62	0.87	0.77	0.71	0.72	0.68	0.70	0.73	0.81
ENSMUST00000027425.15|ENSMUSG00000026223|Itm2c	96317.3	85908364	chr1:85907635-85908675	0.71	0.71	0.62	0.63	0.89	0.77	0.67	0.64	0.72	0.67	0.87	0.84
ENSMUST00000027426.10|ENSMUSG00000026224|4933407L21Rik	38.2	85931673	chr1:85931522-85931754	NA	NA	NA	NA	0.38	0.15	NA	NA	NA	NA	0.52	0.26
ENSMUST00000165824.2|ENSMUSG00000026227|2810459M11Rik	144.7	86054477	chr1:86053086-86055456	0.52	0.54	0.66	0.33	0.84	0.67	0.33	0.51	0.54	0.66	0.68	0.76
ENSMUST00000139715.7|ENSMUSG00000026229|Psmd1	10306.7	86076004	chr1:86075808-86132749	0.04	0.04	0.04	0.04	0.05	0.04	0.05	0.04	0.05	0.05	0.04	0.04
ENSMUST00000027431.6|ENSMUSG00000026228|Htr2b	113.4	86099194	chr1:86099025-86099345	NA	NA	NA	NA	0.40	0.33	NA	NA	0.28	0.10	NA	NA
ENSMUST00000126579.1|ENSMUSG00000062590|Armc9	14.3	86259821	chr1:86257309-86269086	0.05	0.01	0.06	0.05	0.07	0.18	0.08	0.08	0.03	0.03	0.02	0.03
ENSMUST00000113306.3|ENSMUSG00000079445|B3gnt7	21.8	86306795	chr1:86306224-86307305	NA	NA	NA	NA	0.37	0.21	NA	0.14	0.28	0.46	NA	NA
ENSMUST00000027438.7|ENSMUSG00000026234|Ncl	362.8	86350471	chr1:86344718-86350622	0.07	0.10	0.09	0.10	0.03	0.07	0.09	0.14	0.08	0.06	0.08	0.07
ENSMUST00000045897.14|ENSMUSG00000026238|Ptma	286742.9	86530245	chr1:86530009-86530712	0.39	0.35	0.30	0.28	0.83	0.52	0.23	0.25	0.29	0.30	0.41	0.43
ENSMUST00000138280.7|ENSMUSG00000026240|Cops7b	269.2	86596925	chr1:86596774-86606326	0.16	0.15	0.13	0.15	0.18	0.11	0.11	0.15	0.09	0.12	0.10	0.09
ENSMUST00000027472.6|ENSMUSG00000026255|Efhd1	94.7	87310203	chr1:87309792-87310839	1.00	0.82	0.95	0.94	1.00	0.96	0.62	0.68	NA	0.60	0.79	0.77
ENSMUST00000172964.7|ENSMUSG00000048000|Gigyf2	9.4	87443838	chr1:87443687-87449145	0.10	NA	0.02	0.04	0.06	0.03	0.05	0.04	0.05	0.04	NA	0.04
ENSMUST00000027477.14|ENSMUSG00000026259|Ngef	598.4	87477121	chr1:87476833-87477556	0.63	0.49	0.41	0.61	1.00	0.53	0.55	0.40	0.90	0.72	0.70	0.67
ENSMUST00000164128.1|ENSMUSG00000079434|Neu2	27.1	87597645	chr1:87597473-87597845	0.56	0.36	NA	NA	0.11	NA	NA	NA	NA	NA	0.37	0.35
ENSMUST00000072999.12|ENSMUSG00000026288|Inpp5d	1747.3	87718284	chr1:87717758-87720503	0.32	0.22	0.36	0.29	0.38	0.36	0.17	0.29	0.27	0.27	0.39	0.34
ENSMUST00000027512.12|ENSMUSG00000026289|Atg16l1	83.9	87792094	chr1:87791306-87792428	0.63	0.76	0.69	0.60	0.88	0.71	0.68	0.71	1.00	0.54	0.82	0.81
ENSMUST00000190061.6|ENSMUSG00000070738|Dgkd	101.1	87944299	chr1:87942513-87945180	0.34	0.19	0.06	0.16	0.43	0.15	0.26	0.16	0.12	0.05	0.18	0.26
ENSMUST00000113142.9|ENSMUSG00000090165|Ugt1a10	839.5	88218736	chr1:88218421-88219004	0.73	0.63	0.41	0.51	0.55	0.50	0.60	0.41	0.46	0.48	0.64	1.00
ENSMUST00000073772.4|ENSMUSG00000090175|Ugt1a9	795.6	88218733	chr1:88218421-88218997	0.74	0.64	0.42	0.53	0.56	0.51	0.62	0.42	0.47	0.49	0.66	1.00
ENSMUST00000113139.1|ENSMUSG00000089675|Ugt1a8	839.5	88218736	chr1:88218421-88219004	0.73	0.63	0.41	0.51	0.55	0.50	0.60	0.41	0.46	0.48	0.64	1.00
ENSMUST00000126203.7|ENSMUSG00000090124|Ugt1a7c	648.3	88216369	chr1:88216218-88218427	0.03	0.00	0.00	0.00	0.01	0.00	0.00	0.00	0.00	0.00	0.00	0.00
ENSMUST00000113138.7|ENSMUSG00000090145|Ugt1a6b	839.5	88218736	chr1:88218421-88219003	0.73	0.63	0.41	0.51	0.55	0.50	0.60	0.41	0.46	0.48	0.64	1.00
ENSMUST00000113134.7|ENSMUSG00000054545|Ugt1a6a	795.6	88218733	chr1:88218421-88218997	0.74	0.64	0.42	0.53	0.56	0.51	0.62	0.42	0.47	0.49	0.66	1.00
ENSMUST00000097659.4|ENSMUSG00000089943|Ugt1a5	795.6	88218733	chr1:88218421-88218997	0.74	0.64	0.42	0.53	0.56	0.51	0.62	0.42	0.47	0.49	0.66	1.00
ENSMUST00000049289.8|ENSMUSG00000090171|Ugt1a2	795.6	88218733	chr1:88218421-88218997	0.74	0.64	0.42	0.53	0.56	0.51	0.62	0.42	0.47	0.49	0.66	1.00
ENSMUST00000073049.6|ENSMUSG00000089960|Ugt1a1	795.6	88218733	chr1:88218421-88218997	0.74	0.64	0.42	0.53	0.56	0.51	0.62	0.42	0.47	0.49	0.66	1.00
ENSMUST00000147393.1|ENSMUSG00000044783|Hjurp	1071.3	88267841	chr1:88264977-88267992	1.00	1.00	1.00	1.00	1.00	1.00	1.00	1.00	1.00	1.00	NA	1.00
ENSMUST00000066279.10|ENSMUSG00000036206|Sh3bp4	301.3	89153665	chr1:89153348-89155068	0.23	0.18	0.37	0.31	0.23	0.20	0.25	0.29	0.29	0.25	0.28	0.29
ENSMUST00000027521.14|ENSMUSG00000055013|Agap1	413.4	89889614	chr1:89888891-89897617	0.13	0.20	0.22	0.18	0.17	0.32	0.61	0.33	0.09	0.09	0.86	0.56
ENSMUST00000065587.4|ENSMUSG00000044337|Ackr3	680.5	90215482	chr1:90214906-90216751	0.06	0.05	0.01	0.03	0.11	0.07	0.03	0.06	0.06	0.04	0.04	0.11
ENSMUST00000036153.11|ENSMUSG00000034432|Cops8	5446.2	90612885	chr1:90612250-90613341	0.34	0.40	0.30	0.34	0.57	0.50	0.31	0.35	0.30	0.38	0.50	0.53
ENSMUST00000097653.10|ENSMUSG00000048126|Col6a3	1354.4	90767150	chr1:90766859-90767594	0.75	0.53	0.40	0.46	1.00	0.86	0.60	0.66	0.47	0.43	NA	NA
ENSMUST00000097649.9|ENSMUSG00000026305|Lrrfip1	201.0	91116226	chr1:91116061-91117315	0.85	0.95	0.88	0.64	1.00	1.00	0.54	0.95	0.64	0.75	NA	0.73
ENSMUST00000097648.5|ENSMUSG00000034353|Ramp1	4101.4	91223544	chr1:91223358-91225196	0.02	0.03	0.08	0.04	0.03	0.04	0.05	0.03	0.02	0.03	0.04	0.03
ENSMUST00000171165.7|ENSMUSG00000034343|Ube2f	702.5	91285734	chr1:91285352-91290337	0.04	0.04	0.05	0.06	0.09	0.05	0.03	0.07	0.06	0.05	0.07	0.15
ENSMUST00000154045.7|ENSMUSG00000026307|Scly	87.1	91302940	chr1:91302789-91309851	0.23	0.17	0.20	0.20	0.18	0.13	0.25	0.27	0.16	0.17	0.18	0.18
ENSMUST00000187049.6|ENSMUSG00000026309|Ilkap	5354.3	91387181	chr1:91373860-91387332	0.08	0.07	0.08	0.07	0.06	0.07	0.07	0.08	0.07	0.08	0.08	0.07
ENSMUST00000086851.1|ENSMUSG00000067071|Hes6	747.9	91411750	chr1:91411482-91412060	0.48	0.40	0.35	0.43	0.85	0.61	0.36	0.34	0.44	0.40	0.63	0.70
ENSMUST00000047242.8|ENSMUSG00000034292|Traf3ip1	14.6	91527931	chr1:91527780-91529307	1.00	NA	0.58	0.87	0.68	0.43	NA	1.00	NA	NA	NA	0.91
ENSMUST00000027538.8|ENSMUSG00000026311|Asb1	53.3	91555088	chr1:91554875-91559589	0.93	0.75	0.70	0.66	NA	1.00	NA	0.57	0.93	0.78	0.89	0.90
ENSMUST00000007949.3|ENSMUSG00000007805|Twist2	4.3	91802257	chr1:91802106-91848028	NA	0.00	0.00	0.00	NA	0.01	0.02	0.00	0.00	0.00	NA	NA
ENSMUST00000097644.8|ENSMUSG00000026313|Hdac4	382.2	91932935	chr1:91928778-91933349	0.25	0.17	0.27	0.23	0.19	0.17	0.11	0.24	0.26	0.35	0.15	0.26
ENSMUST00000189503.6|ENSMUSG00000026260|Ndufa10	12244.1	92469848	chr1:92439278-92469999	0.03	0.02	0.02	0.03	0.03	0.03	0.02	0.02	0.02	0.03	0.02	0.02
ENSMUST00000148508.1|ENSMUSG00000073616|Cops9	33166.1	92641587	chr1:92637144-92641738	0.17	0.08	0.12	0.11	0.43	0.16	0.08	0.10	0.22	0.17	0.10	0.11
ENSMUST00000045970.7|ENSMUSG00000034220|Gpc1	1669.8	92859815	chr1:92858561-92860779	0.49	0.43	0.29	0.33	0.62	0.40	0.39	0.26	0.28	0.22	0.48	0.37
ENSMUST00000060913.7|ENSMUSG00000047067|Dusp28	480.7	92908193	chr1:92907684-92908435	0.37	0.50	0.63	0.45	0.81	0.55	0.54	0.43	0.74	0.43	0.81	0.76
ENSMUST00000179531.1|ENSMUSG00000026269|Rnpepl1	209.6	92920397	chr1:92919852-92924384	0.03	0.03	0.02	0.02	0.03	0.01	0.01	0.01	0.01	0.01	0.03	0.03
ENSMUST00000152983.7|ENSMUSG00000026270|Capn10	769.0	92946982	chr1:92946831-92947929	0.37	0.25	0.37	0.26	0.62	0.45	0.28	0.26	0.42	0.34	0.34	0.38
ENSMUST00000169198.2|ENSMUSG00000026271|Gpr35	38.7	92984876	chr1:92983488-92986391	NA	0.15	0.19	0.23	0.52	0.37	NA	0.17	0.29	0.16	NA	NA
ENSMUST00000186828.1|ENSMUSG00000014602|Kif1a	3125.9	93046651	chr1:93042497-93046806	0.03	0.04	0.04	0.03	0.02	0.03	0.03	0.03	0.03	0.03	0.04	0.03
ENSMUST00000062202.13|ENSMUSG00000047793|Sned1	659.9	93297340	chr1:93296275-93301065	0.37	0.35	0.22	0.23	0.47	0.24	0.25	0.22	0.17	0.17	NA	0.10
ENSMUST00000027494.10|ENSMUSG00000026275|Ppp1r7	228.1	93367324	chr1:93365063-93373489	0.10	0.09	0.05	0.10	0.06	0.06	0.11	0.10	0.03	0.04	0.10	0.15
ENSMUST00000170883.7|ENSMUSG00000034088|Hdlbp	666.9	93407946	chr1:93405939-93408175	0.34	0.28	0.46	0.41	0.26	0.27	0.34	0.51	0.37	0.35	0.57	0.85
ENSMUST00000027495.14|ENSMUSG00000026276|Septin2	28355.3	93509492	chr1:93507061-93510260	0.99	0.93	0.52	0.60	NA	0.76	NA	0.64	0.65	0.65	NA	NA
ENSMUST00000179353.7|ENSMUSG00000116048|Septin2	32066.7	93507212	chr1:93507061-93509733	1.00	1.00	1.00	1.00	NA	1.00	NA	1.00	1.00	1.00	NA	NA
ENSMUST00000120301.7|ENSMUSG00000034066|Farp2	14.7	93621652	chr1:93621368-93621976	0.40	0.13	0.15	0.36	NA	NA	NA	0.71	0.33	0.25	0.78	0.51
ENSMUST00000027498.13|ENSMUSG00000026277|Stk25	6042.3	93622111	chr1:93619750-93622489	0.03	0.03	0.03	0.03	0.05	0.03	0.02	0.04	0.04	0.04	0.03	0.03
ENSMUST00000027499.12|ENSMUSG00000026278|Bok	8590.5	93695502	chr1:93695159-93695764	0.44	0.43	0.40	0.35	0.80	0.52	0.36	0.35	0.36	0.39	0.65	0.61
ENSMUST00000112905.3|ENSMUSG00000026279|Thap4	108.4	93725153	chr1:93705389-93725304	0.01	0.01	0.02	0.01	0.02	0.01	0.01	0.01	0.01	0.01	0.02	0.01
ENSMUST00000185482.6|ENSMUSG00000026280|Atg4b	1792.6	93780911	chr1:93778328-93784923	0.04	0.00	0.02	0.01	0.07	0.03	0.00	0.02	0.00	0.00	0.00	0.00
ENSMUST00000112890.2|ENSMUSG00000026281|Dtymk	306.7	93800594	chr1:93800064-93800800	0.40	0.28	0.39	0.37	0.22	0.17	0.20	0.45	0.38	0.31	0.23	0.20
ENSMUST00000188402.1|ENSMUSG00000026283|Ing5	96.6	93811948	chr1:93811778-93822101	0.37	0.52	NA	NA	0.24	NA	0.17	NA	NA	0.39	0.18	0.12
ENSMUST00000186783.1|ENSMUSG00000073609|D2hgdh	2.2	93835455	chr1:93835294-93837976	0.00	0.00	0.00	0.00	0.00	0.00	0.00	0.00	0.00	0.00	0.00	0.00
ENSMUST00000050890.7|ENSMUSG00000034000|Neu4	6.6	94025954	chr1:94025413-94028334	NA	0.01	0.30	0.14	NA	0.04	0.26	NA	NA	NA	0.14	0.48
ENSMUST00000027507.7|ENSMUSG00000026285|Pdcd1	92.4	94039095	chr1:94038304-94039307	NA	NA	NA	0.55	1.00	0.54	0.80	NA	0.64	1.00	NA	NA
ENSMUST00000053033.13|ENSMUSG00000044768|D1Ertd622e	23.6	97644070	chr1:97606317-97645717	0.00	0.00	0.00	0.00	0.01	0.00	0.00	0.00	0.00	0.00	0.00	0.00
ENSMUST00000042509.12|ENSMUSG00000040648|Ppip5k2	29.2	97707337	chr1:97706047-97707720	1.00	NA	1.00	1.00	1.00	1.00	NA	0.73	0.82	0.60	NA	NA
ENSMUST00000138142.7|ENSMUSG00000026333|Gin1	24.6	97783223	chr1:97783027-97793006	0.11	0.09	NA	NA	0.10	NA	0.03	NA	NA	NA	NA	NA
ENSMUST00000070699.14|ENSMUSG00000056536|Pign	30.6	105521229	chr1:105518421-105522006	1.00	0.37	0.72	0.65	NA	NA	0.71	0.67	0.67	0.69	NA	NA
ENSMUST00000027559.7|ENSMUSG00000026321|Tnfrsf11a	54.7	105845034	chr1:105844863-105847981	0.72	0.81	0.55	0.24	0.98	0.55	NA	0.90	0.43	0.48	NA	NA
ENSMUST00000061047.6|ENSMUSG00000044340|Phlpp1	69.0	106393912	chr1:106393337-106394250	0.84	0.49	0.65	0.51	0.84	0.91	0.87	0.53	0.95	0.34	0.73	0.74
ENSMUST00000112751.1|ENSMUSG00000057329|Bcl2	83.2	106541942	chr1:106538177-106543266	0.07	0.09	0.11	0.09	0.35	0.09	0.10	0.06	0.11	0.12	0.09	0.13
ENSMUST00000010049.5|ENSMUSG00000009905|Kdsr	203.7	106724060	chr1:106720458-106724904	0.11	0.07	0.10	0.10	0.08	0.07	0.14	0.10	0.09	0.07	0.08	0.15
ENSMUST00000112736.7|ENSMUSG00000009907|Vps4b	274.0	106771381	chr1:106764070-106772449	0.02	0.02	0.02	0.02	0.03	0.02	0.02	0.02	0.02	0.03	0.03	0.04
ENSMUST00000112706.3|ENSMUSG00000026315|Serpinb8	9.1	107608232	chr1:107607322-107610484	NA	NA	NA	NA	NA	0.21	NA	0.12	0.20	0.03	NA	0.19
ENSMUST00000094626.4|ENSMUSG00000047216|Cdh19	24.2	110889549	chr1:110888325-110889700	NA	1.00	NA	NA	0.77	0.59	NA	0.70	NA	NA	NA	NA
ENSMUST00000035462.6|ENSMUSG00000038702|Dsel	19.4	111858973	chr1:111858705-111859182	0.39	NA	0.22	0.75	0.44	0.57	0.79	0.53	0.56	0.35	NA	0.46
ENSMUST00000027623.8|ENSMUSG00000026374|Tsn	875.7	118299614	chr1:118294777-118300806	0.05	0.05	0.08	0.10	0.08	0.06	0.09	0.07	0.08	0.07	0.09	0.08
ENSMUST00000027626.12|ENSMUSG00000026377|Nifk	839.1	118333382	chr1:118332938-118333822	0.25	0.28	0.14	0.25	0.61	0.34	0.24	0.15	0.30	0.19	0.28	0.27
ENSMUST00000190733.6|ENSMUSG00000064302|Clasp1	25.9	118471946	chr1:118471795-118607165	NA	NA	0.09	0.10	NA	0.05	0.09	0.08	0.08	0.08	0.07	0.10
ENSMUST00000160991.7|ENSMUSG00000048402|Gli2	10.6	118867978	chr1:118848459-118868170	NA	NA	0.04	0.03	NA	NA	NA	NA	0.04	0.06	NA	NA
ENSMUST00000038765.5|ENSMUSG00000037035|Inhbb	83.9	119417173	chr1:119415464-119417324	1.00	0.96	1.00	1.00	1.00	0.92	NA	NA	NA	NA	NA	0.92
ENSMUST00000004565.14|ENSMUSG00000004451|Ralb	5116.8	119471438	chr1:119470304-119471708	0.76	0.80	0.76	0.72	1.00	0.94	0.63	0.80	0.85	0.66	0.77	0.65
ENSMUST00000183952.1|ENSMUSG00000098923|Tmem185b	389.6	119528010	chr1:119527560-119528983	0.09	0.06	0.04	0.06	0.05	0.05	0.10	0.07	0.04	0.05	0.15	0.07
ENSMUST00000037906.5|ENSMUSG00000036975|Tmem177	8.6	119909847	chr1:119907889-119910014	0.24	0.29	0.40	0.24	0.15	0.27	0.00	0.20	0.53	0.13	0.37	NA
ENSMUST00000056089.7|ENSMUSG00000050777|Tmem37	13571.8	120067561	chr1:120067376-120067712	0.02	0.04	0.11	0.04	0.05	0.06	0.07	0.05	0.03	0.07	0.13	0.06
ENSMUST00000112641.7|ENSMUSG00000026389|Steap3	8356.3	120226719	chr1:120224385-120227649	0.00	0.01	0.05	0.05	0.04	0.05	0.06	0.05	0.05	0.05	NA	NA
ENSMUST00000003818.13|ENSMUSG00000003721|Insig2	807.0	121304772	chr1:121304352-121305908	0.66	0.68	0.74	0.81	1.00	0.86	0.89	0.73	0.71	0.86	1.00	0.59
ENSMUST00000036025.15|ENSMUSG00000026339|Ccdc93	24.7	121501454	chr1:121501240-121506460	0.14	NA	0.49	0.80	0.18	0.13	NA	0.78	0.70	0.74	NA	NA
ENSMUST00000191578.6|ENSMUSG00000026341|Actr3	34048.9	125411200	chr1:125393889-125411351	0.08	0.10	0.09	0.10	0.08	0.08	0.10	0.09	0.09	0.09	0.08	0.08
ENSMUST00000189443.1|ENSMUSG00000026342|Slc35f5	1637.5	125590058	chr1:125589907-125595148	0.07	0.07	0.07	0.07	0.05	0.07	0.06	0.07	0.07	0.07	0.07	0.07
ENSMUST00000027581.6|ENSMUSG00000026343|Gpr39	384.9	125873571	chr1:125872881-125873862	0.00	0.00	0.00	0.02	0.00	0.00	0.00	0.00	0.00	NA	0.00	0.00
ENSMUST00000159417.1|ENSMUSG00000026344|Lypd1	391.2	125872430	chr1:125867621-125873338	0.02	0.07	0.03	0.05	0.23	0.08	0.07	0.06	NA	0.06	0.07	0.11
ENSMUST00000027587.14|ENSMUSG00000026349|Ccnt2	32.1	127804556	chr1:127803556-127808061	0.23	0.27	0.16	0.25	0.19	0.16	0.15	0.29	0.23	0.25	NA	0.27
ENSMUST00000037649.5|ENSMUSG00000036104|Rab3gap1	185.6	127943195	chr1:127942607-127943868	0.66	0.38	0.46	0.44	1.00	0.49	0.44	0.69	0.41	0.45	0.80	0.60
ENSMUST00000086614.11|ENSMUSG00000036086|Zranb3	26.1	127954797	chr1:127954183-127954969	NA	NA	NA	NA	NA	1.00	NA	NA	0.39	0.76	0.64	NA
ENSMUST00000027592.5|ENSMUSG00000026353|Ubxn4	321.5	128277387	chr1:128277092-128279378	0.14	0.19	0.23	0.24	0.25	0.19	0.15	0.28	0.29	0.25	0.23	0.19
ENSMUST00000027602.14|ENSMUSG00000026356|Dars	2657.6	128363962	chr1:128363706-128364236	0.33	0.34	0.45	0.37	0.77	0.43	0.35	0.32	0.34	0.29	0.54	0.59
ENSMUST00000049813.5|ENSMUSG00000046404|Yod1	15.9	130721824	chr1:130719416-130724358	0.14	0.12	0.02	NA	NA	NA	0.27	0.16	NA	NA	NA	0.15
ENSMUST00000016672.10|ENSMUSG00000016528|Mapkapk2	1010.6	131054069	chr1:131053699-131055094	0.79	0.83	0.66	0.83	0.91	0.76	1.00	0.70	0.83	0.81	0.80	0.82
ENSMUST00000112442.1|ENSMUSG00000026430|Rassf5	590.9	131180430	chr1:131176409-131180581	NA	NA	1.00	NA	1.00	1.00	NA	NA	1.00	1.00	NA	NA
ENSMUST00000062108.9|ENSMUSG00000042349|Ikbke	83.1	131254884	chr1:131254596-131255307	0.31	0.75	0.39	0.50	1.00	0.70	0.70	0.39	0.49	0.47	NA	NA
ENSMUST00000097588.8|ENSMUSG00000026425|Srgap2	41.0	131286629	chr1:131285250-131289359	0.15	NA	0.02	0.08	NA	NA	NA	0.08	0.04	0.02	0.22	0.16
ENSMUST00000064679.8|ENSMUSG00000052688|Rab7b	1202.5	131712549	chr1:131711694-131715439	0.12	0.08	0.06	0.06	0.22	0.09	0.07	0.07	0.07	0.07	0.14	NA
ENSMUST00000086559.6|ENSMUSG00000013275|Slc41a1	562.5	131847545	chr1:131846732-131848865	1.00	1.00	0.94	1.00	1.00	0.89	1.00	0.91	0.79	0.94	1.00	1.00
ENSMUST00000125925.1|ENSMUSG00000026433|Rab29	12912.9	131870861	chr1:131869963-131872502	0.10	0.00	0.01	0.01	0.10	0.02	0.06	0.05	0.01	0.01	0.04	0.00
ENSMUST00000062264.7|ENSMUSG00000026434|Nucks1	191.4	131932174	chr1:131931203-131936321	0.37	0.42	0.68	0.67	0.29	0.30	0.36	0.58	0.61	0.72	0.76	0.68
ENSMUST00000177943.7|ENSMUSG00000026435|Slc45a3	18.0	131982262	chr1:131981725-131982969	NA	NA	0.32	0.67	0.58	NA	0.63	0.84	0.46	NA	NA	NA
ENSMUST00000146267.7|ENSMUSG00000059149|Mfsd4a	77.7	132057715	chr1:132026834-132057933	NA	0.07	NA	0.05	NA	NA	NA	NA	NA	NA	0.05	0.07
ENSMUST00000027697.11|ENSMUSG00000026437|Cdk18	36.1	132113841	chr1:132112236-132114938	NA	0.03	0.03	0.06	0.12	0.02	0.03	0.04	0.02	0.03	0.05	0.03
ENSMUST00000046071.4|ENSMUSG00000042115|Klhdc8a	71.1	132305393	chr1:132304789-132307357	0.00	0.01	NA	0.03	0.21	0.05	NA	0.01	NA	NA	0.03	0.03
ENSMUST00000082125.5|ENSMUSG00000009772|Nuak2	123.0	132333065	chr1:132332378-132333488	0.05	0.12	0.12	0.15	0.42	0.25	0.19	0.12	0.12	0.17	NA	NA
ENSMUST00000045473.15|ENSMUSG00000042066|Tmcc2	3773.6	132356773	chr1:132356314-132357508	0.73	0.78	0.75	0.75	1.00	0.95	0.90	0.81	0.65	0.55	1.00	0.86
ENSMUST00000045110.13|ENSMUSG00000042046|Dstyk	116.5	132465709	chr1:132463508-132466958	0.47	0.55	0.17	0.33	0.89	0.39	0.72	0.42	0.18	0.19	0.40	0.35
ENSMUST00000027700.14|ENSMUSG00000026439|Rbbp5	84.6	132504613	chr1:132503789-132505659	1.00	0.84	0.78	0.76	0.70	0.90	1.00	0.69	0.70	0.84	0.89	0.86
ENSMUST00000094569.10|ENSMUSG00000026442|Nfasc	7.3	132569363	chr1:132564689-132570422	NA	0.08	NA	0.28	NA	0.06	0.09	0.13	NA	NA	0.09	0.16
ENSMUST00000027706.3|ENSMUSG00000026443|Lrrn2	393.4	132939697	chr1:132939388-132940005	NA	0.41	0.29	0.43	1.00	0.35	0.74	0.31	0.38	0.41	0.54	0.51
ENSMUST00000191212.6|ENSMUSG00000054387|Mdm4	30.5	133003701	chr1:132990401-133003852	0.18	0.08	0.12	0.13	0.08	0.12	0.12	0.17	0.17	NA	0.10	NA
ENSMUST00000052529.3|ENSMUSG00000046062|Ppp1r15b	180.2	133137767	chr1:133136884-133139783	0.93	0.82	0.92	1.00	0.92	1.00	1.00	0.79	0.93	0.98	1.00	0.89
ENSMUST00000094557.6|ENSMUSG00000103421|Golt1a	15.3	133321976	chr1:133321647-133323026	NA	0.12	NA	NA	0.00	0.00	NA	0.00	NA	NA	0.01	0.04
ENSMUST00000183489.3|ENSMUSG00000098306|Gm28040	44.9	133321976	chr1:133321647-133329901	NA	0.06	NA	NA	0.00	0.02	NA	0.03	NA	NA	0.04	0.05
ENSMUST00000135222.8|ENSMUSG00000070644|Etnk2	39.1	133379732	chr1:133379386-133380336	0.43	0.64	1.00	0.59	0.86	1.00	0.56	0.42	NA	NA	0.72	0.86
ENSMUST00000144386.7|ENSMUSG00000070643|Sox13	960.3	133384304	chr1:133382302-133384455	1.00	1.00	1.00	NA	NA	NA	NA	NA	NA	1.00	NA	1.00
ENSMUST00000191896.5|ENSMUSG00000102976|Zc3h11a	1146.3	133621394	chr1:133619861-133621545	1.00	NA	1.00	1.00	1.00	NA	1.00	1.00	1.00	1.00	NA	1.00
ENSMUST00000027736.12|ENSMUSG00000116275|Zc3h11a	1141.2	133621394	chr1:133619870-133621545	1.00	NA	1.00	1.00	1.00	NA	1.00	1.00	1.00	1.00	NA	1.00
ENSMUST00000048432.5|ENSMUSG00000041577|Prelp	932.7	133912457	chr1:133910303-133912608	0.84	0.80	0.94	0.84	1.00	0.82	1.00	0.99	0.85	0.96	0.71	0.81
ENSMUST00000048183.7|ENSMUSG00000041559|Fmod	908.6	134047840	chr1:134046622-134048277	0.52	0.54	0.59	0.63	0.72	0.37	1.00	0.60	0.71	0.69	0.87	NA
ENSMUST00000020692.6|ENSMUSG00000020423|Btg2	11114.2	134077072	chr1:134075169-134077371	1.00	1.00	1.00	1.00	0.78	0.96	1.00	1.00	1.00	1.00	1.00	1.00
ENSMUST00000153856.7|ENSMUSG00000064246|Chil1	692.7	134189824	chr1:134189609-134190181	0.28	0.18	0.16	0.19	0.28	0.21	0.18	0.19	0.21	0.23	0.19	0.31
ENSMUST00000191577.1|ENSMUSG00000042451|Mybph	27.2	134200840	chr1:134200408-134201232	NA	0.62	1.00	0.80	0.52	0.96	0.43	0.73	NA	NA	0.91	0.70
ENSMUST00000169927.1|ENSMUSG00000042429|Adora1	1104.0	134201602	chr1:134199222-134202953	0.25	0.13	0.17	0.17	0.54	0.16	0.20	0.18	0.09	0.22	0.15	0.16
ENSMUST00000172795.1|ENSMUSG00000026456|Cyb5r1	2476.5	134408487	chr1:134407135-134410969	0.32	0.34	0.40	0.41	0.38	0.37	0.38	0.32	0.34	0.34	NA	NA
ENSMUST00000027727.14|ENSMUSG00000026457|Adipor1	17993.5	134432146	chr1:134431655-134433351	0.12	0.10	0.06	0.06	0.14	0.09	0.05	0.07	0.07	0.06	0.10	0.11
ENSMUST00000027725.10|ENSMUSG00000026455|Klhl12	120.1	134490574	chr1:134489455-134491018	0.59	0.70	0.53	0.58	0.83	0.70	0.68	0.47	0.43	0.53	0.77	0.77
ENSMUST00000047978.8|ENSMUSG00000042229|Rabif	883.5	134507614	chr1:134506318-134508774	0.18	0.18	0.22	0.18	0.19	0.18	0.27	0.17	0.25	0.18	0.36	0.37
ENSMUST00000047714.13|ENSMUSG00000042207|Kdm5b	35.1	134631863	chr1:134631371-134635285	0.09	0.14	0.13	0.11	0.10	0.09	0.14	0.08	0.18	0.13	0.07	0.14
ENSMUST00000223886.1|ENSMUSG00000026429|Ube2t	236.7	134972189	chr1:134969256-134974141	NA	NA	NA	NA	0.00	0.00	0.00	NA	NA	0.00	NA	NA
ENSMUST00000049449.10|ENSMUSG00000031506|Ptpn7	26.0	135144676	chr1:135143251-135145317	NA	NA	NA	NA	1.00	0.29	0.68	NA	0.21	0.10	NA	NA
ENSMUST00000027684.10|ENSMUSG00000026426|Arl8a	6066.2	135155419	chr1:135155268-135156269	0.77	0.91	0.75	0.79	1.00	0.83	0.84	0.77	0.82	0.84	0.90	0.81
ENSMUST00000027682.8|ENSMUSG00000026424|Gpr37l1	8461.2	135160495	chr1:135160233-135160882	0.44	0.41	0.33	0.34	0.66	0.47	0.33	0.33	0.40	0.39	0.62	0.52
ENSMUST00000077340.13|ENSMUSG00000041926|Rnpep	3949.4	135262822	chr1:135262711-135262973	0.24	0.22	0.26	0.30	0.28	0.26	0.26	0.25	0.29	0.29	0.33	0.23
ENSMUST00000081104.9|ENSMUSG00000062580|Timm17a	1785.1	135301704	chr1:135295212-135301920	0.02	0.02	0.02	0.02	0.01	0.02	0.02	0.02	0.01	0.02	0.03	0.07
ENSMUST00000041240.3|ENSMUSG00000041889|Shisa4	2910.8	135371458	chr1:135371056-135371952	0.52	0.58	0.46	0.61	0.75	0.61	0.50	0.52	0.51	0.52	0.62	0.64
ENSMUST00000161189.7|ENSMUSG00000041879|Ipo9	1373.2	135426888	chr1:135384472-135427039	NA	0.53	0.53	0.75	0.47	NA	NA	NA	1.00	NA	0.19	0.17
ENSMUST00000040599.14|ENSMUSG00000009418|Nav1	158.0	135439014	chr1:135434579-135441686	0.35	0.42	0.34	0.39	0.47	0.42	0.54	0.33	0.35	0.35	0.71	0.54
ENSMUST00000097561.8|ENSMUSG00000026421|Csrp1	12268.9	135751896	chr1:135751117-135752232	0.53	0.55	0.51	0.51	0.65	0.64	0.52	0.51	0.61	0.53	0.60	0.62
ENSMUST00000038945.5|ENSMUSG00000041801|Phlda3	38724.7	135766974	chr1:135766823-135769136	0.27	0.28	0.25	0.27	0.27	0.26	0.26	0.27	0.24	0.25	0.28	0.29
ENSMUST00000063719.14|ENSMUSG00000026411|Tmem9	8038.6	136034781	chr1:136034217-136035342	0.24	0.16	0.16	0.16	0.34	0.20	0.15	0.11	0.19	0.15	0.29	0.24
ENSMUST00000120339.7|ENSMUSG00000041605|Inava	28.2	136213969	chr1:136213530-136214328	NA	NA	NA	NA	0.76	0.41	NA	NA	0.67	0.38	NA	0.95
ENSMUST00000048309.11|ENSMUSG00000041570|Camsap2	126.5	136270693	chr1:136268122-136270844	1.00	1.00	0.81	0.83	1.00	1.00	1.00	0.84	1.00	1.00	1.00	1.00
ENSMUST00000047734.14|ENSMUSG00000041483|Zfp281	43.3	136628115	chr1:136627964-136630053	0.33	0.19	0.19	0.18	0.46	0.32	0.10	0.08	0.18	0.16	0.12	0.11
ENSMUST00000182283.7|ENSMUSG00000026395|Ptprc	140.0	138064357	chr1:138063406-138064508	0.61	NA	0.70	0.93	1.00	0.90	1.00	0.64	0.85	0.75	NA	NA
ENSMUST00000186017.6|ENSMUSG00000026393|Nek7	2471.6	138485040	chr1:138482874-138487002	0.32	0.32	0.29	0.34	0.32	0.31	0.42	0.29	0.30	0.30	0.29	0.30
ENSMUST00000193374.1|ENSMUSG00000079283|2310009B15Rik	900.4	138856073	chr1:138852032-138856388	0.12	0.06	0.18	0.09	0.11	0.12	0.07	0.14	NA	0.11	0.06	0.06
ENSMUST00000199011.1|ENSMUSG00000033964|Zbtb41	16.7	139429391	chr1:139429240-139449183	0.05	0.05	0.10	0.07	0.13	0.09	NA	0.08	0.06	0.06	0.06	0.08
ENSMUST00000123238.1|ENSMUSG00000026365|Cfh	220590.7	140088657	chr1:140085878-140088883	0.03	0.03	0.02	0.02	0.04	0.03	0.02	0.02	0.02	0.02	0.03	0.04
ENSMUST00000193606.1|ENSMUSG00000052726|Kcnt2	2.3	140553137	chr1:140552986-140574789	NA	NA	NA	0.01	NA	NA	NA	0.02	0.03	0.01	NA	NA
ENSMUST00000129653.2|ENSMUSG00000018196|Glrx2	253.1	143746787	chr1:143746636-143749676	0.58	0.51	0.82	1.00	0.09	0.39	0.34	0.70	0.70	0.79	0.32	0.45
ENSMUST00000159879.1|ENSMUSG00000018199|Ro60	94.3	143755908	chr1:143750789-143757744	0.16	0.19	0.16	0.17	0.18	0.15	0.28	0.13	0.14	0.15	0.24	0.16
ENSMUST00000185539.1|ENSMUSG00000018189|Uchl5	2.0	143803105	chr1:143802954-143806941	0.11	0.03	NA	NA	NA	NA	NA	NA	NA	NA	0.01	0.00
ENSMUST00000127206.7|ENSMUSG00000026360|Rgs2	938.2	144001131	chr1:143999337-144001682	0.06	0.09	0.07	0.09	0.06	0.11	0.14	0.11	0.08	0.10	0.12	0.12
ENSMUST00000070200.14|ENSMUSG00000056220|Pla2g4a	1607.0	149829865	chr1:149829617-149830063	0.42	0.30	0.30	0.28	0.77	0.47	0.28	0.30	0.37	0.27	0.48	0.80
ENSMUST00000035065.8|ENSMUSG00000032487|Ptgs2	1628.7	150105930	chr1:150105779-150108227	1.00	1.00	1.00	1.00	0.95	0.96	1.00	1.00	1.00	1.00	1.00	1.00
ENSMUST00000094477.3|ENSMUSG00000006010|Odr4	1.7	150372028	chr1:150362533-150372195	0.00	0.00	0.00	0.00	0.00	0.00	0.01	0.00	0.00	0.00	0.00	0.00
ENSMUST00000006171.15|ENSMUSG00000006014|Prg4	497.2	150449835	chr1:150449411-150449986	0.27	0.14	0.31	0.19	0.38	0.07	0.77	1.00	0.19	0.56	NA	NA
ENSMUST00000074783.11|ENSMUSG00000066842|Hmcn1	42.9	150563378	chr1:150562523-150563529	0.25	NA	0.47	NA	0.86	NA	1.00	0.82	0.92	1.00	NA	NA
ENSMUST00000186745.1|ENSMUSG00000023150|Ivns1abp	5775.1	151356236	chr1:151355172-151363365	0.46	0.77	0.77	0.87	0.59	0.89	0.69	0.80	1.00	1.00	0.80	0.93
ENSMUST00000111883.8|ENSMUSG00000052748|Swt1	14.7	151384309	chr1:151368363-151384460	0.02	0.02	0.01	0.01	0.03	0.01	0.02	0.01	0.01	0.02	NA	NA
ENSMUST00000189655.1|ENSMUSG00000053286|Trmt1l	487.9	151448497	chr1:151448308-151458161	0.07	0.09	0.10	0.10	0.17	0.09	0.09	0.09	0.07	0.10	0.09	0.10
ENSMUST00000187048.6|ENSMUSG00000026484|Rnf2	297.1	151470686	chr1:151469404-151471318	0.81	1.00	0.74	0.89	0.79	1.00	0.71	0.79	0.87	0.71	0.84	0.89
ENSMUST00000097541.9|ENSMUSG00000026483|Fam129a	348.9	151715856	chr1:151715705-151719342	0.71	0.58	0.63	0.81	0.94	0.78	0.82	0.78	0.97	0.85	NA	0.78
ENSMUST00000059498.11|ENSMUSG00000043019|Edem3	115.7	151819071	chr1:151818710-151822051	1.00	1.00	1.00	0.81	1.00	NA	NA	1.00	0.86	0.87	NA	NA
ENSMUST00000015124.14|ENSMUSG00000014980|Tsen15	534.7	152371002	chr1:152370734-152371265	0.46	0.45	0.42	0.28	0.41	0.38	0.37	0.40	0.30	0.52	0.62	0.52
ENSMUST00000077755.10|ENSMUSG00000008475|Arpc5	20312.2	152775136	chr1:152774319-152775597	0.76	0.75	0.67	0.67	1.00	0.73	0.70	0.64	0.66	0.66	0.87	0.87
ENSMUST00000186568.6|ENSMUSG00000026480|Ncf2	98.0	152836262	chr1:152836111-152836991	0.01	NA	0.10	NA	0.00	0.00	NA	NA	0.09	0.18	0.10	NA
ENSMUST00000073441.12|ENSMUSG00000042772|Smg7	163.6	152839123	chr1:152836994-152839274	0.79	0.85	1.00	1.00	1.00	1.00	NA	1.00	0.96	0.96	0.89	1.00
ENSMUST00000163011.1|ENSMUSG00000026478|Lamc1	3029.4	153230721	chr1:153228814-153231791	0.00	0.00	0.00	0.02	0.00	0.00	0.00	0.00	0.00	0.00	NA	NA
ENSMUST00000041874.8|ENSMUSG00000042684|Npl	1003.1	153503203	chr1:153503014-153503375	0.35	0.23	0.25	0.19	0.60	0.44	0.19	0.23	0.32	0.25	0.29	0.12
ENSMUST00000041776.11|ENSMUSG00000042671|Rgs8	66.7	153697543	chr1:153692904-153700323	NA	NA	0.01	0.01	NA	NA	NA	0.01	NA	NA	0.02	0.06
ENSMUST00000027748.7|ENSMUSG00000026475|Rgs16	462.8	153745049	chr1:153743852-153745468	0.80	0.69	0.70	0.62	1.00	0.69	0.78	0.54	0.67	0.58	NA	0.63
ENSMUST00000086199.11|ENSMUSG00000026473|Glul	30432.3	153908591	chr1:153908179-153909723	0.14	0.11	0.06	0.09	0.50	0.12	0.11	0.10	0.08	0.09	0.18	0.17
ENSMUST00000055322.5|ENSMUSG00000056708|Ier5	5307.9	155097723	chr1:155096360-155098506	0.09	0.08	0.06	0.04	0.17	0.11	0.05	0.06	0.05	0.06	0.13	0.09
ENSMUST00000194612.5|ENSMUSG00000026471|Mr1	626.0	155136574	chr1:155127276-155136819	0.11	0.06	0.08	0.07	0.07	0.07	0.08	0.08	0.08	0.09	0.06	0.10
ENSMUST00000186156.6|ENSMUSG00000033722|BC034090	49.1	155212800	chr1:155212470-155213522	0.98	0.39	1.00	0.47	NA	NA	1.00	0.64	0.89	0.80	0.93	0.72
ENSMUST00000035560.8|ENSMUSG00000033701|Acbd6	11.0	155687251	chr1:155687100-155691330	0.04	0.08	0.04	0.08	0.00	0.03	0.04	NA	0.05	0.04	0.08	0.05
ENSMUST00000035325.14|ENSMUSG00000033684|Qsox1	18266.8	155778414	chr1:155778157-155779171	0.82	0.74	0.74	0.80	1.00	0.91	0.89	0.70	0.76	0.73	NA	NA
ENSMUST00000111757.9|ENSMUSG00000050565|Tor1aip2	87.9	156065606	chr1:156065455-156068861	0.89	0.66	0.74	0.55	1.00	0.68	0.86	1.00	0.77	0.77	NA	0.48
ENSMUST00000015628.3|ENSMUSG00000015484|Fam163a	93.3	156078486	chr1:156075965-156078899	NA	1.00	1.00	1.00	NA	1.00	0.86	0.80	NA	NA	1.00	0.93
ENSMUST00000189661.6|ENSMUSG00000026600|Soat1	938.4	156430046	chr1:156424524-156431061	0.06	0.08	0.06	0.05	0.05	0.04	0.04	0.05	0.05	0.04	0.12	0.22
ENSMUST00000122424.7|ENSMUSG00000033557|Fam20b	304.5	156680338	chr1:156678531-156681413	0.97	0.84	0.81	0.77	1.00	0.96	1.00	0.72	0.78	0.84	1.00	0.77
ENSMUST00000194220.1|ENSMUSG00000033488|Cryzl2	217.5	157488856	chr1:157488508-157492638	0.02	0.02	0.02	0.02	0.05	0.03	0.01	0.01	0.03	0.02	0.02	0.03
ENSMUST00000195554.5|ENSMUSG00000040782|Cop1	985.9	159239729	chr1:159239578-159250142	0.04	0.04	0.05	0.05	0.04	0.05	0.06	0.04	0.04	0.04	0.04	0.04
ENSMUST00000163892.7|ENSMUSG00000090394|4930523C07Rik	38.8	160075712	chr1:160075458-160080208	0.25	0.63	0.37	0.26	0.38	0.30	0.21	0.28	0.31	0.19	0.22	0.31
ENSMUST00000078878.13|ENSMUSG00000058267|Mrps14	3280.9	160197158	chr1:160197007-160199820	0.03	0.01	0.00	0.00	0.00	0.00	0.00	0.01	0.00	0.00	0.00	0.00
ENSMUST00000014370.10|ENSMUSG00000014226|Cacybp	9142.2	160203181	chr1:160202366-160203569	0.09	0.08	0.07	0.07	0.13	0.10	0.06	0.05	0.08	0.08	0.12	0.10
ENSMUST00000035430.3|ENSMUSG00000026709|Dars2	14.4	161041567	chr1:161040600-161041718	0.27	0.15	NA	0.17	0.02	0.35	NA	0.20	0.16	NA	0.06	0.31
ENSMUST00000143486.6|ENSMUSG00000026708|Cenpl	101.7	161078494	chr1:161078343-161086724	0.11	0.12	0.13	NA	0.11	0.10	0.11	0.10	0.14	0.09	NA	NA
ENSMUST00000111611.7|ENSMUSG00000026705|Klhl20	66.8	161090025	chr1:161088374-161090429	0.76	0.79	0.71	0.59	0.67	0.58	1.00	0.87	1.00	1.00	NA	NA
ENSMUST00000150721.3|ENSMUSG00000044835|Ankrd45	42.0	161155469	chr1:161155318-161164214	NA	0.02	NA	0.02	NA	0.03	NA	0.01	NA	NA	0.02	0.02
ENSMUST00000192639.5|ENSMUSG00000026701|Prdx6	4442734.3	161243574	chr1:161241014-161244209	0.40	0.42	0.44	0.41	0.43	0.38	0.41	0.41	0.38	0.41	0.41	0.41
ENSMUST00000048377.10|ENSMUSG00000040297|Suco	36.4	161817015	chr1:161816113-161818368	0.19	0.06	NA	0.05	0.04	0.16	NA	0.07	0.05	0.02	NA	NA
ENSMUST00000111594.2|ENSMUSG00000026698|Pigc	63.6	161971492	chr1:161971341-161973435	0.07	0.16	0.08	0.08	0.09	0.11	0.11	0.05	0.05	0.06	0.17	0.24
ENSMUST00000159817.8|ENSMUSG00000026694|Eef1aknmt	94.7	162542235	chr1:162533678-162542386	0.10	0.10	0.09	0.09	0.12	0.11	0.10	0.09	0.08	0.10	0.07	NA
ENSMUST00000194810.5|ENSMUSG00000026696|Vamp4	2906.3	162592777	chr1:162592626-162594729	0.01	0.00	0.00	0.01	0.00	0.00	0.00	0.01	0.00	0.01	0.00	0.00
ENSMUST00000111518.2|ENSMUSG00000040181|Fmo1	42.0	162840469	chr1:162840217-162841002	NA	NA	0.69	0.39	NA	0.32	0.57	0.56	0.75	0.96	NA	NA
ENSMUST00000045902.12|ENSMUSG00000040170|Fmo2	36.0	162876557	chr1:162874316-162876730	0.87	0.62	0.46	0.33	NA	NA	0.95	0.74	NA	0.32	0.60	0.68
ENSMUST00000075805.12|ENSMUSG00000026586|Prrx1	680.8	163253845	chr1:163245118-163253996	NA	NA	NA	1.00	NA	1.00	0.79	1.00	NA	NA	NA	NA
ENSMUST00000186402.1|ENSMUSG00000040124|Gorab	63.7	163392409	chr1:163384911-163394632	0.00	0.00	0.03	0.02	NA	0.00	0.05	0.00	0.05	0.01	NA	0.00
ENSMUST00000162234.1|ENSMUSG00000026584|Scyl3	120.7	163936575	chr1:163936424-163955109	0.13	0.10	0.13	0.07	0.17	0.12	0.11	0.14	0.08	0.12	0.09	0.15
ENSMUST00000044021.11|ENSMUSG00000040918|Slc19a2	53.4	164263698	chr1:164263515-164265385	1.00	0.87	1.00	0.77	1.00	0.94	0.65	0.94	0.80	1.00	0.52	NA
ENSMUST00000027866.10|ENSMUSG00000026577|Blzf1	88.1	164291429	chr1:164289799-164292228	0.06	0.09	0.10	0.14	0.20	0.08	0.04	0.27	0.15	0.12	0.08	0.21
ENSMUST00000193808.5|ENSMUSG00000026575|Nme7	6185.4	164437196	chr1:164437045-164437725	1.00	1.00	1.00	1.00	1.00	1.00	1.00	1.00	1.00	1.00	1.00	1.00
ENSMUST00000027863.12|ENSMUSG00000026576|Atp1b1	815.7	164437891	chr1:164437108-164438278	0.78	0.83	1.00	0.70	1.00	0.75	1.00	0.72	0.55	0.68	0.70	0.83
ENSMUST00000192185.5|ENSMUSG00000040848|Sft2d2	1624.2	165184893	chr1:165175870-165185044	1.00	0.74	1.00	0.97	0.64	0.77	0.78	1.00	1.00	1.00	0.85	1.00
ENSMUST00000027856.12|ENSMUSG00000026571|Dcaf6	9.6	165329790	chr1:165328697-165329941	NA	0.14	0.05	0.19	0.05	0.03	0.06	0.06	0.04	NA	0.29	0.06
ENSMUST00000193575.1|ENSMUSG00000026568|Mpc2	38190.8	165478355	chr1:165478204-165481108	0.07	0.07	0.07	0.07	0.08	0.08	0.07	0.07	0.07	0.07	0.08	0.07
ENSMUST00000097474.8|ENSMUSG00000040723|Rcsd1	396.1	165649128	chr1:165646515-165650180	0.02	0.02	0.02	0.02	0.04	0.03	0.02	0.03	0.02	0.03	0.03	0.02
ENSMUST00000111427.8|ENSMUSG00000026565|Pou2f1	2.3	165875589	chr1:165865153-165875740	0.02	0.03	0.02	0.02	0.05	0.02	0.05	0.05	0.03	0.03	0.00	0.02
ENSMUST00000111416.6|ENSMUSG00000040612|Ildr2	465.5	166311752	chr1:166310792-166316823	0.55	0.57	0.42	0.45	0.90	0.61	0.77	0.56	0.46	0.43	0.62	0.55
ENSMUST00000135673.7|ENSMUSG00000040596|Pogk	2146.3	166391822	chr1:166384621-166398702	0.46	0.32	0.39	0.37	0.30	0.37	0.36	0.34	0.37	0.43	0.21	0.20
ENSMUST00000165874.7|ENSMUSG00000060568|Fam78b	28.8	167079465	chr1:167079056-167091302	NA	NA	0.13	0.06	0.09	0.08	NA	0.08	0.09	0.12	0.07	0.08
ENSMUST00000097473.9|ENSMUSG00000052428|Tmco1	4581.0	167330594	chr1:167330262-167333978	0.01	0.02	0.01	0.01	0.05	0.02	0.01	0.01	0.01	0.01	0.02	0.01
ENSMUST00000028004.10|ENSMUSG00000026687|Aldh9a1	1988.3	167367902	chr1:167367496-167368532	0.22	0.22	0.21	0.18	0.73	0.28	0.20	0.24	0.18	0.22	0.39	0.40
ENSMUST00000028005.2|ENSMUSG00000026688|Mgst3	5720.2	167372354	chr1:167371965-167372505	0.00	0.05	0.05	0.08	0.04	0.03	0.03	0.03	0.02	0.01	0.02	0.03
ENSMUST00000015987.9|ENSMUSG00000015843|Rxrg	223.9	167639421	chr1:167639270-167639623	NA	0.32	0.36	0.18	NA	NA	0.24	0.25	NA	0.62	0.43	0.38
ENSMUST00000188912.6|ENSMUSG00000052534|Pbx1	578.3	168153577	chr1:168119363-168183575	NA	NA	0.01	0.00	0.00	NA	0.00	0.00	NA	0.00	0.00	0.00
ENSMUST00000111368.7|ENSMUSG00000026683|Nuf2	177.2	169498457	chr1:169497933-169498791	NA	NA	NA	0.13	0.09	0.11	0.03	NA	0.07	0.07	NA	0.13
ENSMUST00000027997.8|ENSMUSG00000026678|Rgs5	2012.3	169693246	chr1:169692337-169695813	1.00	0.75	0.65	0.61	1.00	0.53	0.80	0.86	0.71	0.74	0.51	0.63
ENSMUST00000027991.11|ENSMUSG00000038530|Rgs4	2603.3	169742411	chr1:169741476-169743683	0.95	0.72	0.79	0.78	1.00	0.92	0.82	0.83	0.72	0.71	0.75	0.89
ENSMUST00000094348.3|ENSMUSG00000070532|Ccdc190	9.0	169934348	chr1:169934197-169934653	NA	0.17	NA	0.29	NA	0.37	NA	NA	NA	NA	0.15	0.31
ENSMUST00000027989.12|ENSMUSG00000026675|Hsd17b7	41.2	169952584	chr1:169949534-169953035	0.26	0.21	0.26	0.31	NA	0.28	NA	0.43	0.32	0.24	0.29	0.33
ENSMUST00000194690.5|ENSMUSG00000026674|Ddr2	395.9	169977706	chr1:169972306-169977857	0.46	0.62	0.67	0.54	0.85	0.38	0.65	0.83	0.36	0.51	NA	0.13
ENSMUST00000111350.9|ENSMUSG00000026670|Uap1	1992.0	170142264	chr1:170141937-170142482	0.33	0.31	0.27	0.35	0.61	0.33	0.28	0.29	0.31	0.31	0.47	0.48
ENSMUST00000123399.1|ENSMUSG00000026667|Uhmk1	190.3	170199838	chr1:170193419-170200005	1.00	1.00	1.00	0.95	0.88	0.66	NA	0.89	0.56	1.00	1.00	1.00
ENSMUST00000179801.2|ENSMUSG00000102752|Gm7694	35.8	170300799	chr1:170298198-170301148	NA	NA	0.97	0.82	NA	NA	0.95	0.92	1.00	NA	NA	NA
ENSMUST00000160456.7|ENSMUSG00000038473|Nos1ap	37.1	170317731	chr1:170317458-170318474	0.34	NA	0.52	0.62	NA	NA	0.75	0.39	NA	NA	0.52	1.00
ENSMUST00000046792.8|ENSMUSG00000038463|Olfml2b	25.8	170682572	chr1:170682322-170682789	NA	NA	0.21	0.34	0.54	0.75	NA	0.20	0.51	0.32	NA	NA
ENSMUST00000027974.6|ENSMUSG00000026663|Atf6	137.6	170707555	chr1:170704673-170709881	0.13	0.19	0.26	0.33	0.39	0.20	0.45	0.32	0.19	0.20	0.29	0.33
ENSMUST00000170420.7|ENSMUSG00000026659|Dusp12	342.9	170879659	chr1:170873497-170880959	0.02	0.00	0.00	0.01	0.01	0.01	0.02	0.00	0.00	0.00	0.00	0.00
ENSMUST00000027966.13|ENSMUSG00000026656|Fcgr2b	357.3	170960724	chr1:170958616-170961016	0.03	0.05	0.07	0.08	0.06	0.04	0.04	0.01	0.06	0.06	0.07	0.10
ENSMUST00000078825.4|ENSMUSG00000059089|Fcgr4	186.6	171029519	chr1:171029312-171029761	0.45	NA	0.50	0.15	0.48	0.38	0.22	0.36	0.24	0.23	NA	NA
ENSMUST00000164044.7|ENSMUSG00000059498|Fcgr3	11631.8	171051431	chr1:171051174-171051670	0.40	0.42	0.31	0.33	0.65	0.41	0.29	0.26	0.35	0.30	0.42	0.35
ENSMUST00000111336.9|ENSMUSG00000058076|Sdhc	11599.1	171129325	chr1:171127164-171129803	0.02	0.02	0.01	0.01	0.04	0.02	0.01	0.01	0.01	0.02	0.03	0.02
ENSMUST00000111332.1|ENSMUSG00000038370|Pcp4l1	50346.8	171173975	chr1:171173261-171174385	0.23	0.20	0.15	0.14	0.44	0.20	0.13	0.17	0.15	0.17	0.24	0.27
ENSMUST00000005817.8|ENSMUSG00000005674|Tomm40l	1752.9	171219296	chr1:171216010-171219523	0.11	0.08	0.09	0.10	0.05	0.06	0.10	0.08	0.08	0.10	0.05	0.06
ENSMUST00000193973.1|ENSMUSG00000058715|Fcer1g	68294.8	171229740	chr1:171229578-171229923	0.38	0.42	0.44	0.43	0.63	0.44	0.45	0.40	0.42	0.40	0.49	0.57
ENSMUST00000013737.12|ENSMUSG00000013593|Ndufs2	14316.2	171234901	chr1:171234852-171235052	0.17	0.16	0.13	0.16	0.30	0.26	0.19	0.21	0.20	0.16	0.23	0.27
ENSMUST00000111315.8|ENSMUSG00000006403|Adamts4	595.2	171259437	chr1:171259175-171260637	0.67	0.73	0.78	0.61	1.00	0.73	1.00	0.65	0.65	0.62	NA	0.96
ENSMUST00000111313.9|ENSMUSG00000052423|B4galt3	701.4	171276608	chr1:171276376-171276896	0.48	0.43	0.35	0.40	0.73	0.45	0.48	0.44	0.50	0.41	0.56	0.53
ENSMUST00000149187.7|ENSMUSG00000053483|Usp21	13380.1	171282496	chr1:171281957-171282936	0.49	0.52	0.55	NA	0.91	NA	NA	0.50	NA	0.56	NA	NA
ENSMUST00000111300.7|ENSMUSG00000013973|Dedd	304.0	171341491	chr1:171341201-171342331	0.36	0.26	0.46	0.40	0.34	0.33	0.40	0.38	0.33	0.54	0.35	0.37
ENSMUST00000111289.7|ENSMUSG00000013997|Nit1	2703.7	171342382	chr1:171340570-171342533	1.00	1.00	1.00	1.00	0.57	0.73	0.84	1.00	1.00	1.00	0.96	0.98
ENSMUST00000135941.7|ENSMUSG00000006412|Pfdn2	15865.3	171358174	chr1:171358023-171359254	0.54	0.61	0.67	0.87	0.30	0.47	0.65	0.82	0.64	0.63	0.51	0.56
ENSMUST00000061878.4|ENSMUSG00000045259|Klhdc9	184.7	171358665	chr1:171358445-171358816	1.00	1.00	0.95	1.00	0.81	1.00	0.98	1.00	0.95	0.98	1.00	1.00
ENSMUST00000056449.8|ENSMUSG00000048865|Arhgap30	70.1	171409877	chr1:171409338-171410240	NA	NA	0.75	0.50	0.82	0.13	NA	NA	0.45	0.59	NA	NA
ENSMUST00000001284.12|ENSMUSG00000026641|Usf1	7977.1	171416286	chr1:171416135-171418121	0.54	0.57	0.51	0.43	0.45	0.43	0.54	0.48	0.43	0.48	0.47	0.53
ENSMUST00000043839.4|ENSMUSG00000038235|F11r	7782.4	171463768	chr1:171463091-171464603	0.13	0.11	0.12	0.13	0.34	0.18	0.08	0.13	0.17	0.13	0.21	0.19
ENSMUST00000081527.1|ENSMUSG00000060244|Alyref2	51.6	171504461	chr1:171504310-171504750	0.35	0.14	0.20	0.27	0.50	0.24	0.20	0.22	0.18	0.16	0.42	0.12
ENSMUST00000015499.13|ENSMUSG00000015355|Cd48	932.7	171705025	chr1:171704874-171705258	0.57	0.37	0.28	0.42	0.41	0.44	0.31	0.26	0.32	0.24	0.20	NA
ENSMUST00000027837.12|ENSMUSG00000026556|Vangl2	26.5	172002826	chr1:172000959-172004604	0.14	0.09	0.14	0.10	NA	0.05	0.30	0.06	0.13	0.06	NA	0.09
ENSMUST00000111252.3|ENSMUSG00000003464|Pex19	3561.8	172135099	chr1:172134287-172136493	0.12	0.13	0.17	0.20	0.27	0.20	0.14	0.19	0.18	0.17	0.16	0.18
ENSMUST00000193638.5|ENSMUSG00000026554|Dcaf8	6346.3	172189069	chr1:172187460-172194794	0.28	NA	0.30	NA	0.14	NA	0.35	0.29	NA	NA	NA	NA
ENSMUST00000013842.11|ENSMUSG00000013698|Pea15a	60554.8	172197673	chr1:172196727-172198628	0.73	0.75	0.64	0.59	0.80	0.80	0.57	0.60	0.60	0.58	0.72	0.72
ENSMUST00000139528.7|ENSMUSG00000038034|Igsf8	5133.0	172319719	chr1:172319405-172319841	0.56	0.38	0.47	0.48	1.00	0.57	0.46	0.49	0.53	0.52	0.85	0.86
ENSMUST00000085913.10|ENSMUSG00000007097|Atp1a2	18198.3	172274195	chr1:172271708-172274703	0.47	0.36	0.32	0.36	0.31	0.51	0.23	0.32	0.23	0.26	0.37	0.34
ENSMUST00000062387.7|ENSMUSG00000038026|Kcnj9	48.7	172321879	chr1:172320500-172322865	0.34	0.46	NA	0.56	NA	NA	0.87	0.51	NA	NA	0.53	0.62
ENSMUST00000056136.3|ENSMUSG00000044708|Kcnj10	716.8	172370208	chr1:172370057-172374085	NA	1.00	NA	1.00	NA	1.00	NA	NA	NA	NA	NA	1.00
ENSMUST00000052455.3|ENSMUSG00000050229|Pigm	43.9	172378786	chr1:172377967-172384099	0.06	0.08	0.10	0.08	0.16	0.06	0.24	0.18	0.09	0.09	NA	0.14
ENSMUST00000027830.4|ENSMUSG00000026548|Slamf9	187.6	172478407	chr1:172478256-172478575	NA	NA	NA	NA	0.03	0.01	NA	NA	0.02	0.19	NA	NA
ENSMUST00000111230.7|ENSMUSG00000026547|Tagln2	95584.5	172506887	chr1:172506705-172507380	0.63	0.63	0.54	0.58	1.00	0.71	0.52	0.53	0.69	0.56	0.70	0.82
ENSMUST00000065679.7|ENSMUSG00000053318|Slamf8	191.5	172582044	chr1:172581757-172582446	NA	NA	0.51	0.53	NA	NA	0.38	0.43	0.35	0.72	NA	NA
ENSMUST00000027826.6|ENSMUSG00000026544|Dusp23	170.1	172631492	chr1:172630763-172631643	0.27	0.37	0.41	0.31	0.24	0.24	0.19	0.43	0.34	0.26	0.20	0.35
ENSMUST00000194046.1|ENSMUSG00000037872|Ackr1	15891.9	173332077	chr1:173331891-173332228	0.33	0.34	0.29	0.29	0.44	0.44	0.47	0.27	0.64	0.26	0.53	0.54
ENSMUST00000042610.14|ENSMUSG00000073490|Ifi207	33.2	173723583	chr1:173723426-173723734	NA	NA	0.17	0.08	0.70	0.37	0.33	0.17	0.35	0.22	NA	NA
ENSMUST00000111214.3|ENSMUSG00000073489|Ifi204	156.0	173747451	chr1:173747292-173747602	0.20	0.10	0.18	0.18	0.61	0.27	0.32	0.24	0.24	0.17	NA	NA
ENSMUST00000009340.9|ENSMUSG00000026536|Ifi211	323.9	173896450	chr1:173896344-173896601	0.00	NA	0.16	0.14	0.45	0.28	0.23	0.04	0.12	0.19	NA	NA
ENSMUST00000042228.14|ENSMUSG00000039997|Ifi203	10.8	173922387	chr1:173920406-173922538	NA	NA	0.40	NA	0.07	0.15	0.10	0.51	0.61	NA	NA	NA
ENSMUST00000059226.6|ENSMUSG00000054203|Ifi205	218.8	174012095	chr1:174011997-174012246	0.00	NA	0.05	0.10	0.13	0.02	0.03	0.03	0.09	0.00	NA	NA
ENSMUST00000030039.12|ENSMUSG00000028354|Fmn2	56.4	174821647	chr1:174821242-174822729	NA	0.87	NA	0.43	NA	1.00	0.38	NA	NA	NA	1.00	0.73
ENSMUST00000027809.7|ENSMUSG00000026525|Opn3	8.0	175662657	chr1:175662420-175662893	0.30	0.31	NA	NA	NA	0.58	0.32	0.28	0.23	0.21	NA	NA
ENSMUST00000195433.5|ENSMUSG00000057335|Cep170	245.9	176782250	chr1:176734339-176782537	0.05	0.05	0.07	0.07	0.08	0.05	0.06	0.05	0.06	0.08	NA	0.10
ENSMUST00000111160.8|ENSMUSG00000019699|Akt3	250.2	177025215	chr1:177022114-177025366	NA	1.00	1.00	NA	NA	0.77	NA	1.00	NA	NA	1.00	1.00
ENSMUST00000193480.1|ENSMUSG00000063659|Zbtb18	1993.3	177448046	chr1:177447895-177450764	NA	1.00	1.00	1.00	NA	1.00	NA	0.93	NA	NA	1.00	1.00
ENSMUST00000016105.8|ENSMUSG00000015961|Adss	1324.3	177763543	chr1:177762961-177764247	0.32	0.34	0.25	0.39	0.74	0.34	0.21	0.30	0.36	0.28	0.41	0.47
ENSMUST00000027783.13|ENSMUSG00000026502|Desi2	103.1	178252391	chr1:178249465-178257301	0.03	0.03	0.01	0.03	0.07	0.04	0.01	0.03	0.01	0.02	0.04	0.05
ENSMUST00000189450.1|ENSMUSG00000039630|Hnrnpu	4075.5	178328648	chr1:178323619-178329279	0.03	0.03	0.03	0.03	0.04	0.03	0.03	0.03	0.03	0.03	0.05	0.05
ENSMUST00000027775.8|ENSMUSG00000026495|Efcab2	57.7	178481644	chr1:178481425-178484513	0.78	1.00	1.00	1.00	0.32	0.55	0.98	1.00	NA	0.57	0.72	0.86
ENSMUST00000128302.7|ENSMUSG00000055067|Smyd3	28.4	178955261	chr1:178951959-178957463	0.02	0.02	0.07	0.05	0.02	0.01	0.00	0.00	0.08	0.03	0.08	0.11
ENSMUST00000027769.5|ENSMUSG00000026492|Tfb2m	117.6	179528877	chr1:179528054-179529179	0.51	0.53	0.48	0.49	0.54	0.45	0.38	0.51	0.46	0.49	0.57	0.66
ENSMUST00000040706.8|ENSMUSG00000038949|Cnst	62.6	179625522	chr1:179625201-179627478	0.84	0.90	0.88	0.57	NA	1.00	0.79	1.00	0.92	1.00	1.00	1.00
ENSMUST00000134287.1|ENSMUSG00000038936|Sccpdh	6870.2	179681707	chr1:179678885-179687189	0.20	0.18	0.17	0.18	0.22	0.20	0.20	0.17	0.17	0.21	0.19	0.20
ENSMUST00000127250.1|ENSMUSG00000026491|Ahctf1	62.8	179762544	chr1:179760262-179763527	0.00	NA	NA	0.02	NA	NA	NA	0.00	NA	0.00	NA	NA
ENSMUST00000134959.7|ENSMUSG00000026490|Cdc42bpa	699.0	180024804	chr1:180024653-180111891	0.21	0.18	NA	NA	NA	NA	NA	NA	NA	NA	0.13	0.11
ENSMUST00000161632.2|ENSMUSG00000026489|Coq8a	285.5	180174165	chr1:180170129-180174316	0.08	0.09	0.10	0.07	0.09	0.12	0.08	0.09	0.08	0.08	0.10	0.09
ENSMUST00000111106.7|ENSMUSG00000010609|Psen2	89.0	180227240	chr1:180227003-180227575	0.59	0.40	0.37	0.63	0.97	0.40	1.00	0.52	0.52	0.43	0.27	0.29
ENSMUST00000136521.1|ENSMUSG00000053963|Stum	68.2	180437336	chr1:180432386-180438331	NA	0.04	0.04	0.08	0.02	0.10	0.40	0.04	NA	NA	0.07	0.06
ENSMUST00000194608.1|ENSMUSG00000026496|Parp1	440.5	180577779	chr1:180577628-180579161	0.02	0.00	0.02	0.00	0.00	0.00	0.00	0.00	0.00	0.01	0.00	0.01
ENSMUST00000027780.5|ENSMUSG00000026499|Acbd3	316.8	180752896	chr1:180752367-180754204	0.93	0.82	0.77	0.69	1.00	0.87	0.98	0.85	0.68	0.87	0.86	0.74
ENSMUST00000161308.7|ENSMUSG00000060743|H3f3a	255882.1	180802754	chr1:180800831-180803079	0.02	0.02	0.02	0.02	0.05	0.03	0.02	0.01	0.02	0.02	0.04	0.04
ENSMUST00000038091.7|ENSMUSG00000038806|Sde2	184.8	180866769	chr1:180866290-180868113	0.60	0.69	0.70	0.88	0.87	0.65	1.00	0.87	0.67	0.69	0.79	0.83
ENSMUST00000027802.8|ENSMUSG00000026520|Pycr2	2022.5	180907840	chr1:180907639-180908088	0.40	0.37	0.36	0.32	0.66	0.39	0.27	0.35	0.27	0.28	0.46	0.53
ENSMUST00000037361.8|ENSMUSG00000038793|Lefty1	79.1	180938158	chr1:180937972-180938400	0.26	0.37	0.28	0.18	0.89	0.55	0.42	0.31	0.37	0.23	NA	0.32
ENSMUST00000036928.11|ENSMUSG00000038776|Ephx1	1801.2	180989630	chr1:180989553-180989781	0.22	0.19	0.19	0.18	0.23	0.20	0.16	0.21	0.10	0.17	0.38	0.26
ENSMUST00000027797.8|ENSMUSG00000026516|Nvl	15.2	181093088	chr1:181087137-181093867	0.06	0.09	0.20	0.18	0.13	0.07	NA	0.24	0.12	0.08	NA	0.38
ENSMUST00000134115.7|ENSMUSG00000062169|Cnih4	236.3	181166356	chr1:181166205-181168994	0.18	0.40	0.42	0.56	0.11	0.17	0.29	0.46	0.45	0.43	0.50	0.69
ENSMUST00000036329.11|ENSMUSG00000038733|Wdr26	346.4	181203023	chr1:181177096-181203185	0.10	0.06	0.06	0.09	0.26	0.07	0.11	0.08	0.05	0.06	0.08	0.08
ENSMUST00000027795.13|ENSMUSG00000026514|Cnih3	228.6	181459829	chr1:181459249-181460641	0.14	0.35	0.32	0.55	0.37	0.43	0.11	0.33	0.36	NA	0.48	0.38
ENSMUST00000005003.11|ENSMUSG00000004880|Lbr	793.5	181816670	chr1:181815334-181816860	0.87	0.82	0.83	1.00	1.00	0.91	1.00	0.91	0.91	0.79	1.00	0.87
ENSMUST00000193703.5|ENSMUSG00000022995|Enah	196.0	181903027	chr1:181896383-181905862	0.03	NA	0.07	0.10	0.06	NA	0.02	NA	NA	0.10	0.09	0.23
ENSMUST00000027792.5|ENSMUSG00000026511|Srp9	14334.8	182131692	chr1:182131452-182132407	0.38	0.40	0.48	0.47	0.25	0.39	0.48	0.51	0.45	0.42	0.45	0.45
ENSMUST00000035295.5|ENSMUSG00000038633|Degs1	23736.2	182276291	chr1:182275771-182276749	0.33	0.32	0.28	0.26	0.73	0.34	0.30	0.29	0.33	0.28	0.46	0.46
ENSMUST00000051431.9|ENSMUSG00000047539|Fbxo28	183.0	182315559	chr1:182313101-182316893	0.28	0.26	0.45	0.48	0.23	0.17	0.59	0.49	0.42	0.34	0.34	0.44
ENSMUST00000117245.1|ENSMUSG00000026510|Trp53bp2	142.1	182462139	chr1:182461725-182462432	0.52	0.46	0.38	0.37	0.86	1.00	0.51	0.48	0.22	0.28	0.92	0.57
ENSMUST00000068505.9|ENSMUSG00000026509|Capn2	2942.8	182467558	chr1:182467259-182468214	0.63	0.64	0.54	0.71	1.00	0.57	0.71	0.56	0.65	0.64	0.84	0.79
ENSMUST00000085724.4|ENSMUSG00000038576|Susd4	264.8	182895519	chr1:182895224-182896591	NA	0.63	0.87	0.80	1.00	0.65	0.35	0.76	0.62	0.56	0.68	0.78
ENSMUST00000194327.5|ENSMUSG00000046836|Brox	1045.6	183291833	chr1:183277067-183291984	0.15	0.15	0.13	0.14	0.18	0.11	0.16	0.14	0.16	0.17	0.13	0.14
ENSMUST00000109158.8|ENSMUSG00000056050|Mia3	253.6	183327005	chr1:183326724-183327342	0.37	0.36	0.24	0.27	0.40	0.26	0.47	0.20	0.08	0.11	0.30	0.66
ENSMUST00000195798.1|ENSMUSG00000072258|Taf1a	26.7	183409826	chr1:183409350-183410198	0.75	0.70	0.36	0.59	0.59	NA	0.56	0.74	NA	0.43	0.51	0.72
ENSMUST00000048655.7|ENSMUSG00000039384|Dusp10	19.2	184074939	chr1:184074520-184075636	1.00	NA	0.44	0.80	0.31	NA	0.00	NA	NA	NA	NA	0.72
ENSMUST00000048572.6|ENSMUSG00000039377|Hlx	24.7	184727360	chr1:184727139-184727511	0.24	0.20	0.13	0.28	0.53	0.09	0.64	NA	0.33	0.07	0.61	NA
ENSMUST00000048462.12|ENSMUSG00000026621|Mtarc1	351.3	184787509	chr1:184786766-184787717	NA	NA	0.17	0.10	NA	0.23	0.13	0.13	0.11	0.30	NA	NA
ENSMUST00000068725.9|ENSMUSG00000073481|Mtarc2	538.0	184819072	chr1:184813067-184819223	0.01	0.00	0.00	0.00	0.00	0.00	0.00	0.00	0.00	0.01	0.00	0.00
ENSMUST00000048308.5|ENSMUSG00000039349|C130074G19Rik	214.5	184874038	chr1:184871925-184874310	0.66	0.37	0.35	0.44	0.60	0.40	0.29	0.48	NA	0.31	0.31	0.32
ENSMUST00000027929.9|ENSMUSG00000026620|Mark1	174.5	184898375	chr1:184896788-184898526	0.30	0.53	0.59	0.59	0.24	0.36	0.50	0.56	0.60	0.63	0.59	0.60
ENSMUST00000069652.7|ENSMUSG00000039318|Rab3gap2	20.2	185284456	chr1:185283993-185286759	NA	1.00	NA	0.87	0.32	0.32	NA	0.76	0.89	0.80	1.00	NA
ENSMUST00000027921.10|ENSMUSG00000026618|Iars2	81.0	185286885	chr1:185284725-185287051	0.08	0.12	0.12	0.12	0.17	0.12	0.28	0.12	0.14	0.08	0.20	0.14
ENSMUST00000027916.12|ENSMUSG00000026617|Bpnt1	618.3	185357432	chr1:185356623-185357777	0.74	0.72	0.69	0.67	0.90	0.61	0.54	0.72	0.59	0.61	0.89	0.92
ENSMUST00000191900.5|ENSMUSG00000026615|Eprs	4885.2	185374273	chr1:185374122-185381831	0.08	0.08	0.07	0.07	0.09	0.08	0.06	0.08	0.07	0.08	0.05	0.08
ENSMUST00000238677.1|ENSMUSG00000026614|Slc30a10	30.5	185456493	chr1:185456342-185468762	NA	0.40	NA	NA	NA	NA	NA	NA	0.29	0.39	NA	0.38
ENSMUST00000045388.7|ENSMUSG00000039246|Lyplal1	57.3	186088086	chr1:186087730-186088531	NA	NA	0.20	0.37	0.24	0.34	0.36	0.20	0.15	0.33	0.21	0.22
ENSMUST00000045288.13|ENSMUSG00000039239|Tgfb2	51.3	186624411	chr1:186622791-186625450	0.48	0.67	0.39	0.45	0.50	0.43	0.75	0.47	0.36	0.76	0.58	0.63
ENSMUST00000180044.7|ENSMUSG00000037624|Kcnk2	13.3	189256567	chr1:189207936-189258787	NA	NA	0.05	0.07	0.11	0.05	NA	0.03	0.04	0.05	0.05	0.05
ENSMUST00000027897.7|ENSMUSG00000026603|Smyd2	847.4	189880637	chr1:189880491-189880788	0.34	0.21	0.23	0.30	0.54	0.33	0.34	0.21	0.16	0.21	0.40	0.44
ENSMUST00000123384.7|ENSMUSG00000026634|Angel2	5098.5	190945660	chr1:190942838-190946962	0.55	0.64	0.45	0.57	0.72	0.31	0.56	0.52	0.62	0.46	0.44	0.56
ENSMUST00000166139.6|ENSMUSG00000037568|Vash2	62.7	190949951	chr1:190947645-190950186	NA	NA	NA	0.67	NA	0.88	NA	NA	1.00	0.73	NA	NA
ENSMUST00000192666.1|ENSMUSG00000066595|Flvcr1	134.2	191013274	chr1:191005848-191013425	0.45	0.52	0.51	NA	NA	NA	NA	0.53	0.48	0.75	NA	NA
ENSMUST00000085633.11|ENSMUSG00000026632|Tatdn3	76.3	191046068	chr1:191045837-191046312	0.38	0.43	0.30	0.41	0.75	0.36	0.37	0.40	0.31	0.19	0.73	0.46
ENSMUST00000027943.5|ENSMUSG00000026630|Batf3	27.4	191108781	chr1:191108630-191108943	NA	NA	NA	0.25	0.77	0.57	NA	0.18	0.47	0.32	NA	NA
ENSMUST00000027941.13|ENSMUSG00000026628|Atf3	4118.5	191170596	chr1:191170295-191171484	0.76	0.74	0.70	0.62	1.00	0.78	0.64	0.59	0.79	0.69	1.00	0.72
ENSMUST00000027940.5|ENSMUSG00000026627|Pacc1	134.7	191350140	chr1:191349847-191350914	0.75	0.75	0.80	0.73	0.79	0.85	0.70	0.75	0.76	0.71	1.00	0.69
ENSMUST00000194877.5|ENSMUSG00000037461|Ints7	91.8	191583361	chr1:191583210-191621646	0.08	0.09	0.09	0.15	0.09	0.08	0.10	0.12	0.16	0.12	0.10	0.15
ENSMUST00000110855.7|ENSMUSG00000026623|Lpgat1	211.8	191779792	chr1:191778531-191784255	0.37	0.30	0.35	0.33	1.00	0.26	0.28	0.43	0.25	0.31	0.33	0.38
ENSMUST00000027931.7|ENSMUSG00000026622|Nek2	89.0	191831505	chr1:191831354-191833050	NA	NA	NA	NA	1.00	0.88	NA	NA	1.00	1.00	NA	NA
ENSMUST00000044954.6|ENSMUSG00000037434|Slc30a1	117.9	191909961	chr1:191909752-191913247	0.04	0.08	0.09	0.18	0.06	0.03	0.16	0.11	0.22	0.08	0.12	0.14
ENSMUST00000192628.1|ENSMUSG00000026637|Traf5	44.0	191997281	chr1:191997204-191997432	0.42	0.13	0.25	0.17	0.19	NA	0.24	0.15	0.21	0.23	NA	NA
ENSMUST00000151152.2|ENSMUSG00000058248|Kcnh1	66.1	192505949	chr1:192505288-192510159	NA	0.26	0.19	0.23	NA	NA	0.14	0.18	NA	NA	0.22	0.32
ENSMUST00000044190.11|ENSMUSG00000037375|Hhat	41.9	192513434	chr1:192512827-192513886	0.72	0.70	0.76	0.37	NA	0.60	0.84	0.81	0.62	0.73	NA	NA
ENSMUST00000155579.7|ENSMUSG00000016262|Sertad4	143.1	192845122	chr1:192844487-192846375	NA	1.00	0.67	0.79	NA	1.00	0.70	1.00	0.82	0.99	1.00	1.00
ENSMUST00000160822.2|ENSMUSG00000079144|A130010J15Rik	28.9	193176142	chr1:193175130-193177832	0.37	0.19	0.21	0.19	NA	0.12	NA	0.13	0.27	0.18	0.17	0.49
ENSMUST00000016338.14|ENSMUSG00000016194|Hsd11b1	296.7	193221862	chr1:193221633-193222013	0.17	0.17	0.15	0.28	0.56	0.38	0.27	0.23	NA	NA	0.24	0.41
ENSMUST00000009777.3|ENSMUSG00000009633|G0s2	594.0	193272314	chr1:193272160-193272465	0.34	0.25	0.35	0.26	0.44	0.51	0.28	0.31	0.26	0.28	0.39	0.34
ENSMUST00000194036.1|ENSMUSG00000016494|Cd34	15283.5	194949624	chr1:194949473-194958550	0.02	0.02	0.02	0.02	0.02	0.02	0.02	0.02	0.02	0.02	0.02	0.02
ENSMUST00000193094.5|ENSMUSG00000016481|Cr1l	60.1	195098680	chr1:195097381-195098831	1.00	0.94	1.00	1.00	0.49	0.49	0.95	1.00	0.70	0.96	NA	0.69
