Gene	fit_value	Predicted_Proximal_APA	Loci	/home/taylor/stroke_APA_work/bedgraph/day1_rep1_PDUI	/home/taylor/stroke_APA_work/bedgraph/day1_rep2_PDUI	/home/taylor/stroke_APA_work/bedgraph/day21_rep1_PDUI	/home/taylor/stroke_APA_work/bedgraph/day21_rep2_PDUI	/home/taylor/stroke_APA_work/bedgraph/day3_rep1_PDUI	/home/taylor/stroke_APA_work/bedgraph/day3_rep2_PDUI	/home/taylor/stroke_APA_work/bedgraph/day60_rep1_PDUI	/home/taylor/stroke_APA_work/bedgraph/day60_rep2_PDUI	/home/taylor/stroke_APA_work/bedgraph/day7_rep1_PDUI	/home/taylor/stroke_APA_work/bedgraph/day7_rep2_PDUI	/home/taylor/stroke_APA_work/bedgraph/sham1_PDUI	/home/taylor/stroke_APA_work/bedgraph/sham2_PDUI
ENSMUST00000120087.5|ENSMUSG00000047735|Samd9l	37.5	3372371	chr6:3372256-3372522	0.26	0.17	0.00	0.16	0.56	0.34	0.30	0.26	0.00	0.27	NA	NA
ENSMUST00000031674.10|ENSMUSG00000029664|Tfpi2	988.4	3962938	chr6:3962594-3963382	0.63	0.49	0.51	0.65	1.00	0.73	0.51	0.40	0.68	0.52	NA	NA
ENSMUST00000031670.9|ENSMUSG00000032766|Gng11	22758.2	4008308	chr6:4008157-4008445	0.25	0.28	0.27	0.22	0.34	0.28	0.24	0.25	0.33	0.30	0.34	0.34
ENSMUST00000049166.4|ENSMUSG00000032757|Bet1	763.1	4077255	chr6:4076898-4077883	0.53	0.65	0.51	0.55	1.00	0.75	0.48	0.48	0.55	0.53	0.59	0.70
ENSMUST00000031668.9|ENSMUSG00000029661|Col1a2	426846.5	4540872	chr6:4540659-4541544	0.24	0.41	0.22	0.23	0.25	0.39	0.28	0.24	0.40	0.42	0.40	0.52
ENSMUST00000015333.11|ENSMUSG00000015189|Casd1	116.0	4642671	chr6:4642115-4643355	0.88	0.82	0.62	0.58	0.99	0.77	1.00	0.55	0.47	0.61	1.00	1.00
ENSMUST00000057792.8|ENSMUSG00000032667|Pon2	10883.5	5264793	chr6:5264146-5265323	0.08	0.09	0.07	0.08	0.22	0.09	0.08	0.10	0.09	0.08	0.13	0.13
ENSMUST00000019721.6|ENSMUSG00000019577|Pdk4	66.8	5485046	chr6:5483350-5485451	0.89	0.93	0.63	0.87	0.78	1.00	NA	0.72	NA	0.67	1.00	0.97
ENSMUST00000115556.7|ENSMUSG00000029757|Dync1i1	88.4	6027784	chr6:6027479-6028039	0.54	0.39	0.46	NA	NA	0.64	0.28	NA	NA	NA	0.52	0.38
ENSMUST00000041111.9|ENSMUSG00000042541|Sem1	9929.7	6558300	chr6:6557293-6558451	0.03	0.03	0.06	0.05	0.01	0.02	0.03	0.04	0.03	0.03	0.05	0.06
ENSMUST00000040826.5|ENSMUSG00000042505|Sdhaf3	33.1	7039401	chr6:7039054-7042979	0.07	0.07	0.18	0.09	0.14	0.05	0.13	0.13	0.06	0.10	0.14	0.13
ENSMUST00000185187.7|ENSMUSG00000061762|Tac1	12.7	7562740	chr6:7562429-7562977	NA	NA	0.52	0.44	NA	NA	NA	0.24	NA	NA	0.54	0.24
ENSMUST00000040159.5|ENSMUSG00000042460|C1galt1	20.0	7871912	chr6:7871254-7875687	0.38	0.57	0.84	0.89	0.45	0.29	NA	0.61	0.47	0.39	NA	0.84
ENSMUST00000040017.7|ENSMUSG00000042447|Mios	24.9	8235902	chr6:8235478-8236274	0.29	1.00	0.37	0.43	NA	0.58	0.67	0.80	0.69	0.35	0.32	NA
ENSMUST00000012627.4|ENSMUSG00000012483|Rpa3	551.2	8256016	chr6:8255935-8256167	0.16	0.25	0.19	0.20	0.39	0.26	0.17	0.08	0.24	0.11	0.31	0.07
ENSMUST00000159335.7|ENSMUSG00000089862|Umad1	56.6	8458526	chr6:8457556-8459470	NA	0.37	0.10	0.33	NA	0.44	NA	0.34	NA	NA	0.28	0.30
ENSMUST00000162564.6|ENSMUSG00000107705|Gm45062	19.8	8538001	chr6:8537850-8597480	NA	0.02	NA	NA	NA	0.02	NA	0.02	NA	NA	0.03	0.02
ENSMUST00000064285.14|ENSMUSG00000029638|Glcci1	15.1	8593589	chr6:8593249-8597548	0.50	0.38	NA	0.37	NA	0.22	0.05	0.49	NA	NA	0.11	0.22
ENSMUST00000156695.7|ENSMUSG00000062995|Ica1	115.3	8653374	chr6:8630526-8653525	0.07	0.07	0.07	NA	0.07	0.08	0.09	0.06	NA	NA	0.06	0.06
ENSMUST00000160300.1|ENSMUSG00000046178|Nxph1	24.3	9248396	chr6:9247843-9249032	NA	NA	NA	0.66	0.55	0.88	0.88	NA	NA	NA	0.57	0.55
ENSMUST00000204978.2|ENSMUSG00000029632|Ndufa4	280942.2	11900386	chr6:11900291-11900537	0.04	0.04	0.03	0.04	0.03	0.04	0.03	0.05	0.05	0.03	0.03	0.04
ENSMUST00000031556.13|ENSMUSG00000029571|Tmem106b	420.5	13084904	chr6:13084323-13089269	0.22	0.37	0.63	0.54	0.32	0.19	0.44	0.50	0.37	0.40	0.53	0.69
ENSMUST00000031554.8|ENSMUSG00000029569|Tmem168	289.9	13581504	chr6:13580686-13582789	0.21	0.19	0.14	0.21	0.37	0.15	0.17	0.16	0.15	0.18	0.29	0.23
ENSMUST00000060442.13|ENSMUSG00000048216|Gpr85	13.2	13835267	chr6:13834457-13835793	0.02	0.14	0.02	NA	0.27	0.24	NA	0.20	NA	NA	0.15	0.25
ENSMUST00000139231.1|ENSMUSG00000052419|2610001J05Rik	3216.3	13870060	chr6:13867734-13870534	0.03	0.04	0.03	0.03	0.06	0.04	0.03	0.04	0.03	0.03	0.04	0.06
ENSMUST00000076654.8|ENSMUSG00000029552|Tes	353.9	17105146	chr6:17104778-17105828	1.00	1.00	1.00	0.72	0.61	0.83	1.00	1.00	0.97	0.93	1.00	0.59
ENSMUST00000000058.6|ENSMUSG00000000058|Cav2	2197.1	17287953	chr6:17287044-17289115	0.91	0.89	0.76	0.93	1.00	1.00	0.94	0.80	0.93	0.97	1.00	0.91
ENSMUST00000177234.1|ENSMUSG00000007655|Cav1	135.8	17308111	chr6:17307960-17339351	0.00	0.00	0.00	0.00	0.00	0.00	0.06	0.00	0.00	0.00	0.00	0.00
ENSMUST00000130606.7|ENSMUSG00000015733|Capza2	42149.0	17660895	chr6:17660744-17665588	0.04	0.03	0.04	0.04	0.04	0.04	0.03	0.03	0.04	0.04	0.04	0.04
ENSMUST00000010941.5|ENSMUSG00000010797|Wnt2	18.3	17989546	chr6:17988939-17989816	0.16	0.12	0.13	0.39	NA	0.07	NA	0.24	NA	NA	NA	0.17
ENSMUST00000056398.10|ENSMUSG00000044155|Lsm8	933.2	18853839	chr6:18853688-18854053	0.54	0.35	0.35	0.34	0.98	0.51	0.29	0.36	0.39	0.41	0.60	0.52
ENSMUST00000120965.7|ENSMUSG00000029669|Tspan12	261.2	21772359	chr6:21771394-21772633	1.00	0.95	1.00	0.73	1.00	1.00	0.93	0.97	0.76	1.00	0.97	1.00
ENSMUST00000136200.7|ENSMUSG00000029670|Ing3	60.5	21952310	chr6:21952159-21974131	0.09	0.11	0.09	0.19	0.13	0.09	0.15	0.15	0.10	NA	0.05	0.07
ENSMUST00000153922.7|ENSMUSG00000062980|Cped1	540.1	22060080	chr6:22059929-22125009	0.08	NA	0.06	0.08	0.05	0.06	0.11	0.06	0.05	0.05	NA	NA
ENSMUST00000202579.3|ENSMUSG00000068748|Ptprz1	103.8	23003306	chr6:23002748-23004678	0.61	0.59	0.65	0.77	1.00	0.63	0.40	0.74	NA	NA	0.49	0.66
ENSMUST00000031707.13|ENSMUSG00000029695|Aass	19.5	23072666	chr6:23072172-23072974	0.10	NA	NA	NA	NA	NA	0.02	NA	NA	NA	0.19	0.15
ENSMUST00000031695.14|ENSMUSG00000029684|Wasl	216.2	24616136	chr6:24613804-24616287	1.00	0.81	1.00	1.00	1.00	1.00	1.00	1.00	1.00	0.87	1.00	1.00
ENSMUST00000127247.3|ENSMUSG00000048022|Tmem229a	210.7	24953909	chr6:24951140-24954640	0.60	0.75	0.89	1.00	0.90	0.70	NA	0.88	NA	NA	0.68	0.80
ENSMUST00000090511.3|ENSMUSG00000029708|Gcc1	136.1	28416878	chr6:28416090-28417998	0.09	0.12	0.06	0.08	0.53	0.12	0.11	0.15	0.15	0.13	0.24	0.25
ENSMUST00000020717.11|ENSMUSG00000020440|Arf5	84379.5	28426386	chr6:28426155-28426602	0.37	0.36	0.36	0.35	0.97	0.43	0.34	0.35	0.35	0.36	0.55	0.50
ENSMUST00000164915.7|ENSMUSG00000001424|Snd1	312.4	28529088	chr6:28528937-28877723	0.01	0.01	0.01	0.01	0.01	0.01	0.01	0.01	0.01	0.01	0.02	0.01
ENSMUST00000007993.15|ENSMUSG00000029701|Rbm28	37.8	29125241	chr6:29123575-29125392	0.26	0.18	0.22	0.24	0.13	0.36	0.15	0.33	0.29	0.46	0.44	0.33
ENSMUST00000162739.7|ENSMUSG00000003500|Impdh1	1484.1	29200681	chr6:29200433-29201200	0.52	0.53	0.53	0.41	1.00	0.75	0.44	0.53	0.67	0.61	0.62	0.83
ENSMUST00000054445.8|ENSMUSG00000043421|Hilpda	3335.5	29275218	chr6:29274897-29275446	0.44	0.34	0.37	0.29	0.70	0.52	0.43	0.37	0.39	0.36	0.48	0.32
ENSMUST00000174096.6|ENSMUSG00000029767|Calu	28999.4	29361753	chr6:29361561-29375025	0.08	0.08	0.11	0.09	0.06	0.07	0.13	0.10	0.10	0.12	0.08	0.09
ENSMUST00000101617.8|ENSMUSG00000068699|Flnc	259.0	29461710	chr6:29461206-29461883	0.97	0.38	0.59	0.40	1.00	0.84	0.56	0.33	0.47	0.57	NA	NA
ENSMUST00000004396.12|ENSMUSG00000004285|Atp6v1f	61212.9	29470416	chr6:29470265-29470512	0.20	0.25	0.23	0.21	0.35	0.28	0.22	0.22	0.24	0.21	0.32	0.34
ENSMUST00000004392.11|ENSMUSG00000029771|Irf5	408.6	29537078	chr6:29536782-29537319	0.42	0.42	0.20	0.34	1.00	0.41	0.32	0.32	0.46	0.37	0.44	0.54
ENSMUST00000170350.7|ENSMUSG00000012535|Tnpo3	714.1	29599539	chr6:29541570-29599692	NA	NA	NA	0.56	NA	0.53	NA	NA	NA	NA	0.29	0.17
ENSMUST00000046750.13|ENSMUSG00000001763|Tspan33	45.4	29718128	chr6:29717635-29718559	0.24	0.72	0.72	0.56	0.67	NA	0.63	0.99	0.59	0.66	0.91	0.54
ENSMUST00000001812.4|ENSMUSG00000001761|Smo	620.3	29760794	chr6:29760282-29761365	0.60	0.80	0.58	0.61	1.00	0.88	0.73	0.67	0.75	0.47	0.99	0.94
ENSMUST00000115212.7|ENSMUSG00000058440|Nrf1	160.4	30152946	chr6:30151674-30153458	0.41	0.55	0.42	0.43	0.80	0.41	0.55	0.47	0.34	0.43	0.39	0.78
ENSMUST00000102993.9|ENSMUSG00000039159|Ube2h	3810.0	30213146	chr6:30211288-30214961	0.50	0.69	0.96	1.00	0.45	0.67	1.00	0.90	0.90	0.96	1.00	1.00
ENSMUST00000068259.9|ENSMUSG00000029775|Klhdc10	99.7	30450844	chr6:30450693-30455179	0.42	0.80	0.73	0.79	0.35	0.38	NA	1.00	0.81	0.62	1.00	0.99
ENSMUST00000151187.7|ENSMUSG00000029782|Tmem209	281.0	30481491	chr6:30479052-30482933	0.06	0.03	0.03	0.04	0.08	0.06	0.05	0.04	0.05	0.04	0.08	0.06
ENSMUST00000124665.2|ENSMUSG00000051855|Mest	71.3	30747317	chr6:30747166-30748465	0.95	0.81	0.57	1.00	1.00	1.00	NA	NA	0.94	0.74	0.60	1.00
ENSMUST00000048774.12|ENSMUSG00000025607|Copg2	147.7	30748616	chr6:30747553-30748859	1.00	0.57	0.30	0.47	0.51	0.96	0.12	0.45	0.59	0.57	0.32	0.41
ENSMUST00000026699.14|ENSMUSG00000025609|Mkln1	59.5	31507894	chr6:31507743-31516811	0.03	0.08	0.08	0.08	0.06	0.03	0.07	0.09	0.05	0.06	0.18	0.28
ENSMUST00000026698.7|ENSMUSG00000025608|Podxl	1115.8	31522873	chr6:31519487-31523024	1.00	1.00	1.00	1.00	1.00	1.00	1.00	0.85	0.65	1.00	1.00	1.00
ENSMUST00000124436.7|ENSMUSG00000053768|Chchd3	237.5	32968114	chr6:32792223-32968265	0.00	0.00	0.00	0.00	0.00	0.00	0.00	0.00	0.00	0.00	0.00	0.00
ENSMUST00000052266.14|ENSMUSG00000029763|Exoc4	176.6	33972712	chr6:33972148-33973979	0.41	0.42	0.32	0.27	1.00	0.48	0.41	0.34	0.22	0.28	0.38	0.32
ENSMUST00000102980.10|ENSMUSG00000001642|Akr1b3	9638.4	34304148	chr6:34303933-34304299	0.36	0.35	0.31	0.28	0.53	0.38	0.30	0.32	0.34	0.31	0.60	0.52
ENSMUST00000038406.6|ENSMUSG00000029762|Akr1b8	1839.6	34368316	chr6:34368165-34368463	0.22	0.25	0.33	0.23	0.39	0.27	0.20	0.23	0.27	0.18	NA	NA
ENSMUST00000139156.7|ENSMUSG00000061758|Akr1b10	5125.8	34392495	chr6:34392047-34396947	0.15	0.13	0.15	0.17	0.21	0.13	0.14	0.16	0.17	0.15	0.18	0.19
ENSMUST00000045372.5|ENSMUSG00000038871|Bpgm	21203.8	34504906	chr6:34504446-34505613	0.12	0.11	0.09	0.09	0.19	0.14	0.11	0.08	0.10	0.09	0.15	0.14
ENSMUST00000074949.3|ENSMUSG00000057137|Tmem140	11220.0	34873628	chr6:34873105-34874946	0.35	0.45	0.06	0.07	0.17	0.19	0.07	0.06	0.09	0.08	0.14	0.20
ENSMUST00000055097.10|ENSMUSG00000046806|Cyren	131678.3	34872534	chr6:34871770-34874446	0.03	0.04	0.02	0.02	NA	0.03	0.01	0.03	0.03	0.03	0.07	0.03
ENSMUST00000146968.7|ENSMUSG00000058486|Wdr91	2.3	34884183	chr6:34880425-34884340	0.00	0.00	0.00	0.00	0.00	0.00	0.00	0.00	0.00	0.01	0.00	0.00
ENSMUST00000044163.9|ENSMUSG00000038784|Cnot4	23.4	35046109	chr6:35044954-35046260	NA	0.64	0.55	0.35	1.00	0.69	NA	0.71	0.71	1.00	0.78	1.00
ENSMUST00000152147.7|ENSMUSG00000073155|1810058I24Rik	4359.0	35261528	chr6:35261230-35263496	0.05	0.04	0.05	0.05	0.04	0.05	0.04	0.05	0.04	0.05	0.04	0.05
ENSMUST00000031868.4|ENSMUSG00000029843|Slc13a4	1528.9	35268366	chr6:35267956-35268833	0.36	0.87	0.58	0.46	1.00	0.59	0.61	0.54	0.57	0.57	NA	0.29
ENSMUST00000051176.8|ENSMUSG00000047420|Fam180a	3135.8	35313033	chr6:35312667-35313527	0.60	NA	0.38	0.41	1.00	0.54	0.41	0.46	0.50	0.49	NA	NA
ENSMUST00000031866.8|ENSMUSG00000029840|Mtpn	10587.5	35510183	chr6:35508905-35512233	0.34	0.26	0.25	0.32	0.51	0.30	0.44	0.30	0.26	0.28	0.37	0.37
ENSMUST00000201321.1|ENSMUSG00000029838|Ptn	36.7	36741019	chr6:36739458-36741260	0.82	NA	NA	0.57	0.61	0.64	1.00	0.86	NA	NA	NA	NA
ENSMUST00000041093.5|ENSMUSG00000038648|Creb3l2	201.6	37331314	chr6:37327254-37332427	0.13	0.18	0.39	0.39	0.25	0.24	0.53	0.55	0.43	0.48	NA	NA
ENSMUST00000031859.13|ENSMUSG00000029833|Trim24	43.7	37966009	chr6:37965707-37966296	0.94	0.59	0.32	0.48	0.98	1.00	0.35	0.61	0.26	0.29	0.75	0.44
ENSMUST00000117556.7|ENSMUSG00000063455|D630045J12Rik	10.6	38127651	chr6:38123173-38128323	NA	NA	0.27	0.14	NA	0.27	0.24	NA	NA	0.33	NA	NA
ENSMUST00000114900.7|ENSMUSG00000029826|Zc3hav1	60.4	38306951	chr6:38305285-38307190	NA	0.70	1.00	0.65	1.00	NA	0.57	0.31	0.51	0.65	NA	NA
ENSMUST00000160583.7|ENSMUSG00000038538|Ubn2	23.9	38504666	chr6:38502284-38512763	0.39	0.09	NA	0.22	0.12	0.02	0.13	0.31	NA	0.16	0.11	0.18
ENSMUST00000162386.7|ENSMUSG00000029823|Luc7l2	103.5	38585213	chr6:38585062-38609468	0.27	0.13	0.10	0.09	0.14	0.09	0.18	0.20	0.11	0.14	0.16	0.11
ENSMUST00000114874.4|ENSMUSG00000079598|Clec2l	2974.1	38680603	chr6:38680236-38680865	0.49	0.34	0.42	0.39	0.78	0.61	0.39	0.33	0.72	0.40	0.56	0.58
ENSMUST00000161779.7|ENSMUSG00000061436|Hipk2	106.3	38697986	chr6:38694389-38698137	NA	0.29	0.47	0.56	0.29	0.21	0.48	0.61	0.34	0.25	0.23	0.24
ENSMUST00000038398.6|ENSMUSG00000038507|Parp12	516.2	39086764	chr6:39086409-39087317	0.61	0.80	0.48	0.64	1.00	0.53	0.68	0.63	0.86	0.64	0.77	0.95
ENSMUST00000002305.8|ENSMUSG00000042599|Kdm7a	44.3	39140051	chr6:39136622-39143213	0.09	0.16	0.25	0.30	NA	NA	0.32	0.17	0.19	0.22	NA	0.21
ENSMUST00000031986.4|ENSMUSG00000029923|Rab19	85.7	39390025	chr6:39389803-39390380	NA	NA	0.34	0.49	NA	NA	0.41	0.58	0.67	0.62	NA	NA
ENSMUST00000114823.7|ENSMUSG00000029922|Mkrn1	496.2	39399076	chr6:39397803-39399227	0.85	0.99	0.93	0.73	0.82	0.97	1.00	0.82	0.90	0.80	0.78	0.89
ENSMUST00000036877.9|ENSMUSG00000038456|Dennd2a	43.1	39462916	chr6:39462377-39463422	0.68	0.69	0.78	0.93	1.00	1.00	0.59	0.93	0.59	0.98	1.00	0.94
ENSMUST00000140364.7|ENSMUSG00000046947|Adck2	34.6	39587657	chr6:39587506-39588769	0.04	0.01	0.04	0.03	0.10	0.02	0.02	0.04	0.05	0.03	0.02	0.07
ENSMUST00000126621.2|ENSMUSG00000107071|Gm42420	4296.7	39593097	chr6:39587506-39596595	0.16	0.00	0.21	0.12	0.01	0.00	0.06	0.13	0.02	0.31	0.00	0.05
ENSMUST00000135671.7|ENSMUSG00000002416|Ndufb2	702.5	39598488	chr6:39598337-39603382	0.22	0.11	0.41	0.47	0.12	0.12	0.07	0.27	0.36	0.32	0.12	0.19
ENSMUST00000031978.8|ENSMUSG00000029918|Mrps33	7704.9	39802290	chr6:39801803-39802441	0.14	0.10	0.11	0.11	0.14	0.14	0.12	0.16	0.08	0.08	0.13	0.12
ENSMUST00000101492.9|ENSMUSG00000037172|Dennd11	29.3	40406590	chr6:40401374-40406741	NA	0.26	NA	0.51	NA	NA	NA	0.19	NA	NA	0.68	0.49
ENSMUST00000114779.8|ENSMUSG00000029911|Ssbp1	21.2	40481044	chr6:40480893-40484700	0.06	0.00	0.08	0.07	0.03	0.03	0.14	0.01	NA	0.04	NA	0.10
ENSMUST00000101491.10|ENSMUSG00000029915|Clec5a	152.5	40577060	chr6:40574893-40577968	0.07	0.06	0.05	0.05	0.09	0.05	NA	0.14	0.06	0.09	0.01	0.11
ENSMUST00000167082.1|ENSMUSG00000029869|Ephb6	779.5	41616277	chr6:41616126-41616757	0.16	0.51	0.33	0.39	NA	0.34	0.27	0.42	0.45	0.42	0.36	0.44
ENSMUST00000031895.12|ENSMUSG00000029863|Casp2	105.2	42280625	chr6:42280474-42282508	0.98	0.97	1.00	1.00	1.00	1.00	1.00	1.00	0.89	1.00	NA	1.00
ENSMUST00000031891.14|ENSMUSG00000029861|Fam131b	157.0	42317873	chr6:42315311-42318161	0.22	0.23	0.30	0.41	NA	0.55	0.33	0.25	NA	NA	0.20	0.31
ENSMUST00000164375.3|ENSMUSG00000029860|Zyx	3432.2	42358241	chr6:42357953-42360213	0.03	0.03	0.03	0.03	0.05	0.03	0.03	0.03	0.02	0.02	0.03	0.04
ENSMUST00000045054.10|ENSMUSG00000036667|Tcaf1	908.2	42673226	chr6:42668001-42673377	1.00	1.00	0.93	0.95	1.00	0.93	1.00	1.00	0.87	0.59	NA	1.00
ENSMUST00000031750.13|ENSMUSG00000033542|Arhgef5	26.4	43289037	chr6:43288768-43289320	0.52	0.40	0.27	0.30	0.37	NA	0.43	0.59	0.82	0.61	NA	NA
ENSMUST00000067888.13|ENSMUSG00000029735|Tpk1	23.6	43346219	chr6:43345000-43346784	0.79	0.68	0.95	1.00	NA	0.50	0.94	0.99	0.55	1.00	NA	1.00
ENSMUST00000114641.7|ENSMUSG00000039419|Cntnap2	21.1	47299478	chr6:47298611-47304213	0.01	0.01	0.07	0.09	0.08	0.04	NA	0.12	NA	NA	0.07	0.08
ENSMUST00000031697.8|ENSMUSG00000029686|Cul1	4553.2	47525861	chr6:47525631-47526139	0.31	0.25	0.32	0.30	0.56	0.29	0.30	0.25	0.27	0.27	0.43	0.40
ENSMUST00000077290.8|ENSMUSG00000025823|Pdia4	18673.7	47796339	chr6:47796140-47796490	0.31	0.30	0.33	0.31	0.58	0.37	0.30	0.28	0.34	0.30	0.37	0.40
ENSMUST00000114598.2|ENSMUSG00000062519|Zfp398	11.6	47869224	chr6:47866944-47873537	NA	NA	0.30	0.35	NA	0.30	NA	NA	NA	0.58	NA	NA
ENSMUST00000061890.7|ENSMUSG00000025821|Zfp282	67.9	47906797	chr6:47905378-47908485	0.15	NA	0.08	0.12	NA	0.15	0.12	NA	0.14	0.08	NA	0.14
ENSMUST00000009411.8|ENSMUSG00000052763|Zfp212	44.1	47932313	chr6:47931564-47932639	0.56	0.71	0.59	0.71	0.62	0.55	0.55	0.58	0.68	0.82	1.00	0.51
ENSMUST00000114583.7|ENSMUSG00000071477|Zfp777	132.7	48024476	chr6:48024187-48024631	0.18	0.29	0.24	0.24	0.65	0.10	0.30	0.23	0.29	0.18	0.17	0.36
ENSMUST00000073124.8|ENSMUSG00000057691|Zfp746	89.1	48063352	chr6:48062394-48063834	1.00	0.86	0.84	1.00	0.64	1.00	1.00	1.00	0.90	1.00	0.96	0.96
ENSMUST00000114571.7|ENSMUSG00000042810|Krba1	16.6	48416706	chr6:48416387-48419545	0.08	0.03	0.06	0.06	0.08	NA	0.08	0.12	0.03	0.09	0.06	0.15
ENSMUST00000141449.1|ENSMUSG00000068551|Zfp467	446.8	48441946	chr6:48439397-48442701	0.00	0.02	0.00	0.00	0.00	0.00	0.00	0.00	0.00	0.00	0.00	0.00
ENSMUST00000040361.7|ENSMUSG00000039347|Atp6v0e2	73225.4	48540281	chr6:48540130-48541801	1.00	1.00	1.00	1.00	1.00	1.00	1.00	1.00	1.00	1.00	1.00	1.00
ENSMUST00000114545.7|ENSMUSG00000073096|Lrrc61	254122.4	48569172	chr6:48569021-48570722	NA	1.00	1.00	1.00	1.00	NA	1.00	1.00	1.00	1.00	1.00	1.00
ENSMUST00000009425.6|ENSMUSG00000009281|Rarres2	15262.5	48569758	chr6:48569695-48569954	0.94	1.00	1.00	1.00	1.00	0.85	1.00	1.00	1.00	1.00	1.00	1.00
ENSMUST00000118229.1|ENSMUSG00000052751|Repin1	178.5	48598627	chr6:48597941-48599082	0.64	0.69	0.61	0.56	0.85	0.75	0.58	0.61	0.43	0.51	0.61	0.75
ENSMUST00000204095.2|ENSMUSG00000007216|Zfp775	25.7	48621352	chr6:48620807-48623227	0.02	0.03	0.03	0.02	0.08	0.07	0.01	0.01	0.02	0.03	0.02	0.04
ENSMUST00000154570.1|ENSMUSG00000053297|AI854703	235.8	48630004	chr6:48629764-48633689	NA	0.41	NA	NA	0.29	0.33	NA	0.39	NA	NA	0.44	0.36
ENSMUST00000054050.4|ENSMUSG00000051124|Gimap9	32.5	48678504	chr6:48678353-48678699	0.43	0.70	0.55	0.72	0.41	0.30	0.63	0.73	NA	NA	NA	NA
ENSMUST00000156770.7|ENSMUSG00000054435|Gimap4	130.7	48690948	chr6:48690782-48692057	1.00	0.88	0.73	0.76	0.97	1.00	1.00	0.77	NA	0.82	NA	1.00
ENSMUST00000204168.1|ENSMUSG00000090019|Gimap1	322.0	48743561	chr6:48743355-48743794	0.37	0.43	0.26	0.45	0.60	0.45	0.32	0.38	0.60	0.38	0.52	0.48
ENSMUST00000055558.5|ENSMUSG00000043505|Gimap5	76.7	48753572	chr6:48753421-48754210	0.57	0.45	0.86	NA	0.31	NA	0.80	0.89	NA	NA	0.60	NA
ENSMUST00000166247.7|ENSMUSG00000029810|Tmem176b	547790.5	48833904	chr6:48833817-48834055	0.17	0.20	0.19	0.21	0.39	0.22	0.17	0.19	0.17	0.22	0.30	0.27
ENSMUST00000204482.2|ENSMUSG00000023367|Tmem176a	19946.2	48845293	chr6:48845142-48847071	0.04	0.02	0.04	0.05	0.02	0.03	0.03	0.04	0.04	0.04	0.02	0.01
ENSMUST00000031840.9|ENSMUSG00000029816|Gpnmb	780569.4	49056585	chr6:49056311-49058182	0.06	0.04	0.04	0.04	0.06	0.05	0.04	0.03	0.04	0.04	NA	NA
ENSMUST00000114500.2|ENSMUSG00000029815|Malsu1	491.0	49082997	chr6:49082846-49086751	0.07	0.06	0.08	0.07	0.08	0.07	0.07	0.05	0.05	0.07	0.07	0.08
ENSMUST00000114491.1|ENSMUSG00000050786|Ccdc126	118.9	49340435	chr6:49339826-49341578	0.58	0.59	0.47	0.49	0.91	0.80	0.41	0.49	0.66	0.51	0.67	0.80
ENSMUST00000060561.14|ENSMUSG00000047115|Fam221a	3.7	49389063	chr6:49388882-49390539	0.05	0.02	NA	NA	NA	0.05	NA	0.09	NA	NA	NA	NA
ENSMUST00000114468.8|ENSMUSG00000029822|Osbpl3	9.9	50296916	chr6:50293329-50297067	NA	NA	0.24	NA	0.06	0.08	NA	NA	0.42	0.34	NA	0.21
ENSMUST00000161401.1|ENSMUSG00000063694|Cycs	41207.4	50564719	chr6:50562562-50565239	0.03	0.05	0.03	0.05	0.06	0.04	0.04	0.05	0.04	0.03	0.06	0.06
ENSMUST00000069949.12|ENSMUSG00000004980|Hnrnpa2b1	83741.5	51462875	chr6:51460931-51463434	0.14	0.04	0.05	0.08	0.14	0.03	0.09	0.08	0.04	0.05	0.04	0.04
ENSMUST00000114445.7|ENSMUSG00000029836|Cbx3	6056.8	51481920	chr6:51481769-51483704	1.00	1.00	1.00	1.00	1.00	1.00	1.00	1.00	1.00	1.00	1.00	1.00
ENSMUST00000149024.1|ENSMUSG00000038301|Snx10	295.1	51580473	chr6:51580322-51589043	0.00	0.00	0.00	0.00	0.00	0.00	0.01	0.00	0.00	0.00	0.00	0.00
ENSMUST00000204778.2|ENSMUSG00000059182|Skap2	1985.4	51859197	chr6:51857421-51860009	0.34	0.55	0.59	0.81	0.37	0.27	0.69	0.60	0.44	0.66	NA	NA
ENSMUST00000031788.8|ENSMUSG00000029776|Hibadh	6910.1	52546520	chr6:52546227-52546906	0.50	0.50	0.45	0.44	0.80	0.60	0.44	0.44	0.41	0.43	0.63	0.55
ENSMUST00000080723.10|ENSMUSG00000004535|Tax1bp1	3788.2	52766300	chr6:52766071-52766780	0.31	0.27	0.25	0.26	0.43	0.38	0.24	0.27	0.28	0.27	0.42	0.32
ENSMUST00000074541.5|ENSMUSG00000063568|Jazf1	27.8	52770029	chr6:52768796-52770206	1.00	NA	NA	NA	NA	1.00	NA	1.00	NA	0.64	1.00	0.93
ENSMUST00000127748.4|ENSMUSG00000043496|Tril	320.4	53817052	chr6:53815467-53817808	0.51	0.43	0.42	0.31	0.62	0.58	0.52	0.38	0.31	0.36	0.43	0.43
ENSMUST00000133315.3|ENSMUSG00000004633|Chn2	113.1	54218704	chr6:54218553-54220570	0.00	0.00	0.00	0.02	0.00	0.00	0.00	0.00	0.00	0.00	0.01	0.00
ENSMUST00000205108.1|ENSMUSG00000019124|Scrn1	253.8	54506061	chr6:54501172-54509206	0.11	0.12	0.08	0.10	0.33	0.12	0.58	0.08	0.03	0.04	0.16	0.10
ENSMUST00000190641.6|ENSMUSG00000038065|Mturn	689.5	54699259	chr6:54699087-54703851	0.79	1.00	1.00	0.73	0.59	0.98	1.00	1.00	0.97	1.00	1.00	1.00
ENSMUST00000168172.3|ENSMUSG00000038058|Nod1	138.3	54924310	chr6:54923948-54924939	0.61	0.48	0.61	0.61	1.00	0.98	0.80	0.58	0.60	0.41	0.67	0.98
ENSMUST00000131475.1|ENSMUSG00000002797|Ggct	14.3	54985709	chr6:54982579-54985860	0.09	0.09	NA	0.13	0.05	0.08	0.00	NA	NA	NA	0.05	0.06
ENSMUST00000003569.5|ENSMUSG00000003477|Inmt	163115.3	55170699	chr6:55170625-55170850	0.13	0.23	0.16	0.13	0.30	0.20	0.13	0.15	0.16	0.16	NA	NA
ENSMUST00000053094.7|ENSMUSG00000038022|Mindy4	60.6	55318526	chr6:55318308-55320222	0.12	0.10	0.08	0.14	0.08	0.06	0.06	0.03	0.06	0.06	0.04	NA
ENSMUST00000004774.3|ENSMUSG00000004655|Aqp1	226.4	55346945	chr6:55346794-55348555	NA	NA	1.00	1.00	NA	1.00	NA	1.00	1.00	1.00	NA	NA
ENSMUST00000070756.11|ENSMUSG00000029778|Adcyap1r1	108.3	55497925	chr6:55497168-55501451	0.50	0.75	1.00	0.84	0.73	0.73	NA	1.00	NA	NA	1.00	1.00
ENSMUST00000044767.9|ENSMUSG00000037984|Neurod6	55.8	55678453	chr6:55677821-55678639	NA	NA	0.62	0.35	NA	0.46	0.32	0.52	NA	NA	0.62	0.66
ENSMUST00000031805.10|ENSMUSG00000029787|Avl9	42.3	56757539	chr6:56757384-56761912	0.76	0.86	0.66	1.00	NA	NA	NA	1.00	1.00	1.00	1.00	1.00
ENSMUST00000114323.7|ENSMUSG00000059486|Kbtbd2	220.8	56777991	chr6:56777523-56778880	0.81	0.84	0.83	0.78	0.85	0.82	1.00	0.98	0.86	0.71	0.92	0.85
ENSMUST00000031795.7|ENSMUSG00000029781|Fkbp9	5136.9	56878991	chr6:56878207-56879358	0.60	0.60	0.63	0.63	1.00	0.66	0.71	0.59	0.64	0.62	0.80	0.62
ENSMUST00000042766.5|ENSMUSG00000037826|Ppm1k	41.2	57509630	chr6:57506501-57510720	NA	0.63	0.55	NA	0.84	NA	NA	0.84	0.68	NA	1.00	1.00
ENSMUST00000031817.9|ENSMUSG00000029798|Herc6	28.0	57663178	chr6:57662911-57664632	0.22	0.26	0.14	0.23	0.55	0.20	1.00	0.39	0.23	0.16	NA	0.19
ENSMUST00000053386.5|ENSMUSG00000043162|Pyurf	840.8	57689435	chr6:57686575-57689739	0.05	0.07	0.10	0.10	0.05	0.07	0.05	0.10	0.08	0.06	0.09	0.14
ENSMUST00000072954.7|ENSMUSG00000062190|Lancl2	121.1	57737994	chr6:57737747-57739439	0.82	0.88	0.74	0.70	1.00	1.00	1.00	1.00	0.98	1.00	0.92	1.00
ENSMUST00000031822.12|ENSMUSG00000029802|Abcg2	30.8	58692538	chr6:58692387-58695676	0.30	0.54	NA	NA	0.22	0.13	NA	0.81	NA	NA	NA	NA
ENSMUST00000041401.10|ENSMUSG00000029804|Herc3	81.4	58919069	chr6:58918918-58920398	NA	1.00	NA	1.00	0.56	1.00	1.00	1.00	NA	NA	1.00	0.98
ENSMUST00000059539.4|ENSMUSG00000055430|Nap1l5	718.0	58905913	chr6:58905232-58906499	0.91	0.94	0.76	0.76	1.00	1.00	0.86	0.78	0.67	0.88	0.91	0.83
ENSMUST00000089860.11|ENSMUSG00000037709|Fam13a	23.5	58933702	chr6:58932089-58935587	NA	0.15	0.03	0.06	0.06	NA	NA	0.13	NA	NA	NA	NA
ENSMUST00000062626.3|ENSMUSG00000049232|Tigd2	15.6	59211879	chr6:59211724-59212033	0.92	NA	0.23	0.26	0.56	0.47	0.56	0.21	NA	0.30	NA	NA
ENSMUST00000051065.5|ENSMUSG00000045441|Gprin3	8.8	59352699	chr6:59347225-59353031	NA	NA	0.40	0.20	NA	NA	0.25	0.17	NA	NA	NA	0.16
ENSMUST00000163779.7|ENSMUSG00000025889|Snca	12023.6	60731833	chr6:60731574-60732131	0.31	0.35	0.30	0.28	0.81	0.55	0.25	0.23	0.26	0.27	0.46	0.45
ENSMUST00000204620.2|ENSMUSG00000029920|Smarcad1	28.9	65058217	chr6:65058066-65115598	0.05	0.04	0.04	0.04	0.05	0.03	0.02	0.03	0.06	0.04	0.02	0.05
ENSMUST00000031982.4|ENSMUSG00000029919|Hpgds	363.6	65119165	chr6:65117292-65119926	0.12	0.12	0.07	0.11	0.10	0.05	0.04	0.05	0.08	0.08	0.11	0.09
ENSMUST00000054351.5|ENSMUSG00000049001|Ndnf	10.7	65704792	chr6:65704442-65712326	0.06	0.03	0.08	0.04	0.18	0.04	0.05	0.08	NA	NA	0.08	0.03
ENSMUST00000172638.1|ENSMUSG00000029913|Prdm5	5.1	65928126	chr6:65927975-65936134	0.02	0.00	NA	0.00	0.02	0.01	0.01	0.00	0.01	0.02	NA	0.00
ENSMUST00000116605.7|ENSMUSG00000029910|Mad2l1	173.1	66540905	chr6:66539940-66547220	NA	NA	0.02	0.04	0.01	0.01	0.00	0.01	0.01	0.02	0.03	0.03
ENSMUST00000043148.12|ENSMUSG00000036402|Gng12	4685.8	67017855	chr6:67017586-67021350	0.42	0.58	0.55	0.61	0.35	0.35	0.35	0.60	0.48	0.54	0.43	0.70
ENSMUST00000043098.8|ENSMUSG00000036390|Gadd45a	6651.7	67035363	chr6:67035095-67035661	0.47	0.48	0.31	0.33	1.00	0.57	0.31	0.32	0.40	0.34	0.55	0.66
ENSMUST00000042990.6|ENSMUSG00000036371|Serbp1	151.9	67284283	chr6:67283956-67297736	0.05	0.07	0.07	0.07	0.04	0.02	0.06	0.07	0.04	0.05	0.10	0.15
ENSMUST00000103410.2|ENSMUSG00000076609|Igkc	75287.6	70726905	chr6:70726754-70726966	NA	0.09	0.10	0.15	0.28	NA	0.16	0.13	NA	NA	NA	NA
ENSMUST00000034093.14|ENSMUSG00000031668|Eif2ak3	129.0	70904797	chr6:70904285-70905245	0.56	0.49	0.49	0.50	1.00	0.91	0.70	0.56	0.56	0.59	1.00	0.90
ENSMUST00000160918.7|ENSMUSG00000054474|Thnsl2	84.3	71128481	chr6:71128165-71128632	0.08	0.03	0.05	0.03	0.12	0.04	0.09	0.04	0.08	0.10	0.06	0.15
ENSMUST00000204436.2|ENSMUSG00000053012|Krcc1	894.1	71285074	chr6:71284753-71285319	0.40	0.52	0.37	0.32	0.74	0.50	0.41	0.32	0.39	0.42	0.59	0.59
ENSMUST00000002292.14|ENSMUSG00000002222|Rmnd5a	193.1	71392946	chr6:71388633-71393127	0.90	NA	1.00	1.00	NA	0.50	1.00	0.96	1.00	1.00	1.00	1.00
ENSMUST00000065364.4|ENSMUSG00000053119|Chmp3	7593.3	71581346	chr6:71579789-71582609	0.06	0.07	0.05	0.06	0.17	0.10	0.06	0.06	0.06	0.07	0.12	0.13
ENSMUST00000206916.1|ENSMUSG00000053470|Kdm3a	50.9	71607401	chr6:71600722-71607585	0.05	0.05	0.04	0.04	0.08	0.06	0.04	0.05	0.04	0.05	0.04	0.06
ENSMUST00000121469.1|ENSMUSG00000052852|Reep1	114.2	71807949	chr6:71807798-71810710	0.97	0.74	0.87	0.76	1.00	1.00	1.00	1.00	0.76	0.74	1.00	1.00
ENSMUST00000207003.1|ENSMUSG00000052337|Immt	1116.4	71875060	chr6:71874379-71877385	0.03	0.02	0.02	0.01	0.05	0.03	0.01	0.02	0.02	0.01	0.04	0.03
ENSMUST00000069994.10|ENSMUSG00000056091|St3gal5	541.8	72154239	chr6:72153667-72154571	0.40	0.53	0.42	0.38	0.64	0.55	0.51	0.44	0.50	0.40	0.52	0.48
ENSMUST00000206425.1|ENSMUSG00000037621|Atoh8	9.5	72223736	chr6:72206176-72223887	0.00	0.00	0.00	0.00	0.00	0.00	0.00	0.00	0.00	0.00	NA	NA
ENSMUST00000206262.1|ENSMUSG00000056305|Usp39	1599.9	72338369	chr6:72336259-72338520	0.12	0.11	0.13	0.15	0.09	0.12	0.11	0.11	0.12	0.12	0.10	0.11
ENSMUST00000077783.4|ENSMUSG00000058706|0610030E20Rik	58.6	72349740	chr6:72349116-72353148	0.16	0.40	0.18	0.19	0.53	0.09	0.09	0.30	0.19	0.20	NA	0.22
ENSMUST00000132243.2|ENSMUSG00000055912|Tmem150a	141645.1	72359494	chr6:72358754-72359762	NA	NA	0.88	NA	NA	NA	0.70	0.65	NA	0.76	NA	NA
ENSMUST00000206154.1|ENSMUSG00000073002|Vamp5	947.1	72369138	chr6:72368793-72369305	0.12	0.13	0.15	0.13	0.17	0.12	0.20	0.12	0.10	0.11	0.15	0.28
ENSMUST00000059983.9|ENSMUSG00000050732|Vamp8	15439.8	72385361	chr6:72385222-72385512	0.38	0.34	0.35	0.37	0.50	0.45	0.35	0.33	0.36	0.37	0.50	0.43
ENSMUST00000207012.1|ENSMUSG00000053460|Ggcx	6757.8	72418466	chr6:72418269-72430242	0.13	0.10	0.11	0.12	0.12	0.10	0.12	0.12	0.14	0.11	0.10	0.13
ENSMUST00000205335.1|ENSMUSG00000053907|Mat2a	58389.7	72434828	chr6:72432798-72434979	1.00	1.00	1.00	1.00	1.00	NA	1.00	1.00	1.00	1.00	NA	NA
ENSMUST00000070597.12|ENSMUSG00000056666|Retsat	46.4	72607562	chr6:72607378-72608425	0.68	0.67	0.75	0.91	0.55	1.00	1.00	0.55	0.98	0.74	0.68	1.00
ENSMUST00000070524.4|ENSMUSG00000056429|Tgoln1	3202.5	72611686	chr6:72608431-72612107	0.60	0.64	0.80	0.71	0.50	0.62	0.88	0.80	0.74	0.74	0.84	0.82
ENSMUST00000069536.11|ENSMUSG00000055799|Tcf7l1	94.5	72627211	chr6:72626377-72627362	1.00	0.89	0.47	0.82	0.94	0.43	0.53	0.56	0.72	0.68	0.37	0.67
ENSMUST00000068697.10|ENSMUSG00000055239|Kcmf1	656.9	72842672	chr6:72841113-72842871	0.12	0.13	0.23	0.26	0.13	0.10	0.22	0.21	0.20	0.24	0.12	0.14
ENSMUST00000114050.7|ENSMUSG00000079523|Tmsb10	65366.4	72957469	chr6:72957346-72957620	0.57	0.74	0.44	0.45	0.67	0.59	0.38	0.44	0.48	0.48	0.53	0.52
ENSMUST00000204527.1|ENSMUSG00000063063|Ctnna2	203.5	76932332	chr6:76915736-76932483	0.01	0.01	0.01	0.01	0.01	0.01	0.01	0.01	0.01	0.01	0.01	0.01
ENSMUST00000020400.4|ENSMUSG00000060780|Lrrtm1	3.3	77245333	chr6:77245127-77257791	NA	0.00	0.00	NA	NA	NA	NA	NA	NA	NA	0.00	0.00
ENSMUST00000032089.2|ENSMUSG00000030017|Reg3g	508.9	78466336	chr6:78466268-78466487	NA	NA	0.04	0.37	0.16	0.21	0.16	0.20	NA	NA	NA	NA
ENSMUST00000152996.7|ENSMUSG00000035125|Gcfc2	13.6	81936085	chr6:81935934-81959256	0.13	NA	0.15	NA	NA	0.10	0.11	NA	NA	0.11	NA	NA
ENSMUST00000032124.8|ENSMUSG00000030045|Mrpl19	116.2	81961731	chr6:81957850-81961943	0.06	0.03	0.06	0.05	0.06	0.05	0.02	0.06	0.06	0.04	0.05	0.10
ENSMUST00000042974.14|ENSMUSG00000035104|Eva1a	248.6	82092684	chr6:82092161-82093099	0.53	0.64	0.14	0.21	1.00	0.67	0.58	0.20	0.51	0.66	0.77	0.58
ENSMUST00000095786.5|ENSMUSG00000030042|Pole4	5297.3	82647583	chr6:82646700-82648025	0.29	0.33	0.32	0.30	0.29	0.46	0.24	0.33	0.33	0.29	0.47	0.46
ENSMUST00000000642.10|ENSMUSG00000000628|Hk2	50.1	82727161	chr6:82725024-82727312	NA	1.00	NA	NA	NA	NA	1.00	1.00	1.00	NA	NA	NA
ENSMUST00000149918.1|ENSMUSG00000068335|Dok1	989.7	83032766	chr6:83030939-83032998	NA	1.00	1.00	1.00	0.64	1.00	1.00	1.00	1.00	1.00	NA	NA
ENSMUST00000000707.8|ENSMUSG00000000693|Loxl3	5293.4	83051114	chr6:83050870-83052562	1.00	1.00	0.27	0.27	0.57	0.31	0.32	0.25	0.20	0.16	NA	NA
ENSMUST00000122955.7|ENSMUSG00000068329|Htra2	6395.8	83052346	chr6:83051279-83052497	1.00	1.00	1.00	1.00	1.00	1.00	1.00	1.00	1.00	1.00	1.00	1.00
ENSMUST00000204343.2|ENSMUSG00000068328|Aup1	107794.4	83057093	chr6:83055968-83057682	0.51	0.44	0.39	0.43	0.71	0.48	0.45	0.38	0.47	0.43	0.59	NA
ENSMUST00000176027.7|ENSMUSG00000069678|Pcgf1	155.7	83080233	chr6:83080082-83080757	0.41	0.21	0.23	0.40	0.66	0.49	0.31	0.43	0.31	0.34	0.32	0.35
ENSMUST00000113938.4|ENSMUSG00000030037|Mrpl53	1736.7	83109821	chr6:83109670-83109939	0.28	0.30	0.27	0.21	0.45	0.22	0.28	0.21	0.29	0.29	0.40	0.36
ENSMUST00000143814.2|ENSMUSG00000030034|Ino80b	1466.1	83123993	chr6:83121764-83124408	0.07	0.08	0.09	0.09	0.08	0.11	0.09	0.09	0.09	0.10	0.09	0.09
ENSMUST00000213056.1|ENSMUSG00000034930|Rtkn	1387.7	83152163	chr6:83151809-83152275	1.00	1.00	1.00	1.00	0.86	0.97	1.00	1.00	0.90	1.00	1.00	1.00
ENSMUST00000203203.1|ENSMUSG00000030030|1700003E16Rik	2583.6	83161437	chr6:83161232-83162891	1.00	1.00	1.00	1.00	1.00	1.00	1.00	1.00	0.66	1.00	1.00	1.00
ENSMUST00000113913.7|ENSMUSG00000031865|Dctn1	3907.7	83199959	chr6:83199808-83200117	0.23	0.26	0.26	0.22	0.68	0.34	0.31	0.29	0.27	0.25	0.38	0.36
ENSMUST00000055261.10|ENSMUSG00000043131|Mob1a	474.4	83340414	chr6:83340250-83343776	0.98	1.00	1.00	1.00	1.00	1.00	1.00	1.00	1.00	0.97	1.00	1.00
ENSMUST00000136501.1|ENSMUSG00000045160|Bola3	1257.4	83358360	chr6:83358209-83360136	0.27	0.31	0.30	0.28	0.09	0.15	0.17	0.21	0.28	0.24	0.22	0.31
ENSMUST00000145455.7|ENSMUSG00000014554|Dguok	992.2	83486983	chr6:83480218-83490444	0.02	0.00	0.01	0.02	0.00	0.00	0.00	0.00	0.00	0.00	0.00	0.08
ENSMUST00000206400.1|ENSMUSG00000006906|Stambp	290.1	83543618	chr6:83543216-83543982	0.91	0.75	0.62	0.57	1.00	0.61	0.43	0.53	0.59	0.51	0.75	0.93
ENSMUST00000014892.7|ENSMUSG00000014748|Tex261	6694.7	83770704	chr6:83768884-83771190	0.26	0.22	0.18	0.19	0.34	0.20	0.17	0.26	0.17	0.19	0.21	0.26
ENSMUST00000058383.8|ENSMUSG00000045896|Paip2b	163.8	83806295	chr6:83805400-83808838	0.22	0.28	0.18	0.32	NA	0.27	NA	0.19	0.39	0.23	0.52	0.47
ENSMUST00000113821.7|ENSMUSG00000033788|Dysf	103.3	84210979	chr6:84210828-84211060	0.17	0.20	NA	0.21	0.19	0.17	0.28	NA	NA	NA	0.07	0.20
ENSMUST00000162821.7|ENSMUSG00000033769|Exoc6b	25.2	85003047	chr6:84851948-85005029	0.06	0.06	0.06	0.06	0.04	0.07	0.06	0.05	0.05	0.05	0.05	0.05
ENSMUST00000204757.2|ENSMUSG00000033735|Spr	542.3	85133862	chr6:85130175-85134100	0.01	0.02	0.01	0.02	0.03	0.02	0.01	0.01	0.01	0.01	0.03	0.03
ENSMUST00000045942.8|ENSMUSG00000033726|Emx1	4.9	85204258	chr6:85204073-85204358	NA	0.73	NA	NA	NA	0.64	0.52	NA	NA	NA	0.68	0.90
ENSMUST00000045846.11|ENSMUSG00000033720|Sfxn5	288.5	85215520	chr6:85213048-85215671	0.65	1.00	0.70	1.00	NA	0.89	0.32	0.65	0.63	0.67	0.77	0.73
ENSMUST00000060837.9|ENSMUSG00000051343|Rab11fip5	247.6	85336874	chr6:85334961-85337025	NA	1.00	1.00	1.00	1.00	NA	1.00	1.00	1.00	1.00	NA	1.00
ENSMUST00000045693.7|ENSMUSG00000033706|Smyd5	198.0	85446085	chr6:85445213-85446435	0.79	0.82	0.53	0.77	1.00	0.69	1.00	0.60	0.76	0.88	0.83	0.96
ENSMUST00000032080.8|ENSMUSG00000030008|Pradc1	392.0	85447028	chr6:85446809-85447179	0.30	0.42	0.23	0.28	0.38	0.49	0.27	0.30	0.29	0.16	0.38	0.47
ENSMUST00000204489.2|ENSMUSG00000030007|Cct7	157217.8	85462197	chr6:85461512-85468282	0.31	0.29	0.30	0.32	0.34	0.32	0.36	0.31	0.30	0.30	0.31	0.30
ENSMUST00000159062.7|ENSMUSG00000047013|Fbxo41	198.7	85472627	chr6:85469573-85473028	NA	0.88	1.00	0.94	NA	1.00	1.00	1.00	0.38	NA	1.00	0.90
ENSMUST00000095759.4|ENSMUSG00000071341|Egr4	247.4	85511365	chr6:85511120-85511642	0.27	0.31	0.33	0.22	0.85	0.43	0.40	0.31	0.32	0.33	0.61	0.52
ENSMUST00000095757.3|ENSMUSG00000068299|Nat8f4	43.0	85900679	chr6:85899050-85900861	0.75	0.89	0.47	0.71	0.50	1.00	NA	1.00	NA	NA	NA	1.00
ENSMUST00000113753.7|ENSMUSG00000054226|Tprkb	459.3	85929010	chr6:85928859-85930284	0.97	0.86	1.00	1.00	0.53	0.67	1.00	0.92	1.00	1.00	0.37	0.68
ENSMUST00000032071.12|ENSMUSG00000030002|Dusp11	94.6	85944762	chr6:85942267-85947607	0.55	0.39	0.38	0.43	0.69	0.62	0.71	0.57	0.38	0.29	NA	1.00
ENSMUST00000032066.12|ENSMUSG00000029999|Tgfa	207.8	86272171	chr6:86271952-86275719	1.00	1.00	0.94	0.87	1.00	0.87	1.00	1.00	0.85	0.60	1.00	1.00
ENSMUST00000089558.6|ENSMUSG00000057278|Snrpg	1805.5	86378931	chr6:86378780-86379328	0.00	0.00	0.00	0.12	0.00	0.01	0.00	0.12	0.00	0.05	0.05	0.01
ENSMUST00000032065.14|ENSMUSG00000029998|Pcyox1	3038.5	86387182	chr6:86386005-86388715	0.30	0.27	0.23	0.22	0.45	0.34	0.32	0.33	0.25	0.24	0.52	0.51
ENSMUST00000154438.7|ENSMUSG00000071337|Tia1	532.3	86420411	chr6:86419695-86427808	0.26	NA	0.35	0.39	0.26	NA	0.44	0.37	0.27	NA	NA	NA
ENSMUST00000204137.1|ENSMUSG00000107539|Gm44790	16.9	86443975	chr6:86443744-86445630	0.00	0.00	0.00	0.00	0.00	0.00	0.00	0.00	0.00	0.00	0.00	0.02
ENSMUST00000053015.6|ENSMUSG00000051695|Pcbp1	26991.3	86524696	chr6:86524491-86524847	0.36	0.32	0.27	0.28	0.78	0.48	0.32	0.30	0.31	0.27	0.51	0.48
ENSMUST00000043400.7|ENSMUSG00000033508|Asprv1	9.4	86629370	chr6:86629190-86629710	0.16	NA	0.37	0.41	0.90	NA	NA	NA	NA	NA	NA	NA
ENSMUST00000001185.13|ENSMUSG00000001157|Gmcl1	142.5	86692384	chr6:86691767-86692925	0.48	0.59	0.56	0.61	0.45	0.48	0.67	0.70	0.91	0.63	0.50	0.58
ENSMUST00000113658.7|ENSMUSG00000029992|Gfpt1	58.4	87089038	chr6:87088155-87092197	NA	1.00	1.00	NA	NA	0.82	NA	0.97	0.80	0.88	NA	1.00
ENSMUST00000113637.8|ENSMUSG00000030047|Arhgap25	114.6	87459554	chr6:87458544-87459922	0.10	0.11	0.09	0.07	0.11	0.13	0.02	0.02	0.04	0.05	0.09	0.21
ENSMUST00000032132.8|ENSMUSG00000068263|Efcc1	29.7	87755196	chr6:87754856-87755908	1.00	0.64	0.81	1.00	0.55	0.89	0.57	1.00	1.00	0.89	0.77	0.57
ENSMUST00000032134.8|ENSMUSG00000030055|Rab43	208.0	87792382	chr6:87788852-87792592	0.82	0.77	0.88	0.91	0.73	0.82	0.49	0.98	0.85	0.78	0.97	0.84
ENSMUST00000205070.2|ENSMUSG00000030056|Isy1	357.7	87827539	chr6:87822391-87827690	0.07	0.05	0.05	0.04	0.04	0.05	0.05	0.07	0.04	0.06	0.04	0.04
ENSMUST00000204653.2|ENSMUSG00000030057|Cnbp	209042.4	87843359	chr6:87842614-87844041	0.13	0.11	0.09	0.09	0.28	0.15	0.08	0.09	0.11	0.10	0.18	0.17
ENSMUST00000113607.9|ENSMUSG00000030058|Copg1	1254.1	87912450	chr6:87912299-87913595	0.48	0.58	0.57	0.65	0.35	0.39	0.67	0.66	0.52	0.67	0.97	0.89
ENSMUST00000056403.6|ENSMUSG00000044927|H1f10	759.8	87980641	chr6:87980420-87980792	NA	0.11	0.18	0.25	0.62	0.32	0.21	0.15	0.19	0.09	0.25	0.34
ENSMUST00000113600.9|ENSMUSG00000079477|Rab7	28811.3	88000015	chr6:87999105-88000437	0.67	0.69	0.64	0.59	0.90	0.89	0.61	0.70	0.67	0.67	0.85	0.76
ENSMUST00000204838.1|ENSMUSG00000030062|Rpn1	77170.5	88090295	chr6:88090024-88095562	0.06	0.06	0.06	0.06	0.05	0.05	0.06	0.06	0.05	0.06	0.05	0.05
ENSMUST00000170089.7|ENSMUSG00000015053|Gata2	220.5	88206303	chr6:88205491-88207032	0.60	0.58	0.68	0.64	0.85	0.72	0.68	0.64	0.51	0.76	0.80	0.67
ENSMUST00000205014.1|ENSMUSG00000033216|Eefsec	0.5	88355482	chr6:88298105-88355643	0.00	0.00	0.00	0.00	0.00	0.00	0.00	0.00	0.00	0.00	0.00	0.00
ENSMUST00000032168.6|ENSMUSG00000030082|Sec61a1	30076.7	88503946	chr6:88503578-88505109	0.92	0.95	0.89	0.89	0.95	0.91	1.00	0.82	0.98	0.92	1.00	0.78
ENSMUST00000203824.1|ENSMUSG00000033174|Mgll	103957.8	88808177	chr6:88808026-88825874	0.02	0.02	0.02	0.02	0.02	0.02	0.02	0.02	0.02	0.02	0.02	0.02
ENSMUST00000203137.2|ENSMUSG00000030083|Abtb1	2983.1	88838117	chr6:88835923-88840741	NA	NA	NA	NA	0.50	NA	0.48	NA	NA	NA	0.04	0.16
ENSMUST00000038409.11|ENSMUSG00000033152|Podxl2	4297.9	88842618	chr6:88842564-88842769	0.13	0.26	0.29	0.15	0.15	0.19	0.28	0.28	0.31	0.29	0.33	0.26
ENSMUST00000205165.1|ENSMUSG00000002870|Mcm2	216.7	88891672	chr6:88889881-88892188	0.00	0.00	0.00	0.00	0.00	0.00	0.00	0.00	0.00	0.00	0.00	0.00
ENSMUST00000152585.7|ENSMUSG00000002871|Tpra1	8839.8	88909760	chr6:88908257-88910648	0.19	0.23	0.24	0.27	0.29	0.27	0.25	0.25	0.22	0.25	0.32	0.21
ENSMUST00000205121.1|ENSMUSG00000030084|Plxna1	152.4	89341782	chr6:89335410-89341933	0.06	0.06	0.07	0.05	0.14	0.08	0.05	0.08	0.05	0.06	0.05	0.07
ENSMUST00000204654.1|ENSMUSG00000030086|Chchd6	235.4	89574367	chr6:89569340-89574574	0.00	0.00	0.00	0.00	0.00	0.00	0.00	0.00	0.00	0.00	0.00	0.00
ENSMUST00000000828.12|ENSMUSG00000000811|Txnrd3	54.2	89675144	chr6:89674794-89675529	0.41	0.40	0.10	0.27	0.53	0.32	0.24	0.28	0.34	0.47	0.64	0.41
ENSMUST00000113539.7|ENSMUSG00000034430|Zxdc	35.0	90382924	chr6:90382523-90385084	0.21	0.16	0.30	0.17	0.17	0.15	0.35	0.22	0.21	0.25	0.16	0.28
ENSMUST00000205136.1|ENSMUSG00000030087|Klf15	477.0	90474880	chr6:90474134-90475221	0.84	0.57	0.76	0.52	0.75	0.65	0.61	0.66	0.74	0.58	0.88	0.64
ENSMUST00000044019.15|ENSMUSG00000030089|Slc41a3	153.8	90646067	chr6:90645778-90646412	NA	0.17	0.38	0.29	0.62	0.69	0.39	0.38	0.63	0.46	NA	NA
ENSMUST00000101153.9|ENSMUSG00000034312|Iqsec1	92.9	90660483	chr6:90656087-90660983	0.07	0.03	0.04	0.04	0.03	0.04	0.03	0.04	0.06	0.05	0.04	0.05
ENSMUST00000041736.10|ENSMUSG00000034245|Hdac11	799.8	91173412	chr6:91173261-91174692	NA	NA	NA	1.00	NA	1.00	NA	1.00	NA	NA	1.00	1.00
ENSMUST00000041544.7|ENSMUSG00000064080|Fbln2	471.0	91272165	chr6:91271876-91272540	0.35	0.41	0.42	0.46	1.00	0.50	0.38	0.37	0.51	0.36	0.55	0.54
ENSMUST00000032180.6|ENSMUSG00000030093|Wnt7a	26.1	91365560	chr6:91363980-91365851	0.61	0.59	NA	NA	NA	0.77	NA	1.00	NA	NA	1.00	0.63
ENSMUST00000040835.8|ENSMUSG00000034203|Chchd4	514.4	91464464	chr6:91462171-91465017	0.04	0.02	0.03	0.06	0.07	0.05	0.01	0.03	0.05	0.03	0.05	0.08
ENSMUST00000032183.5|ENSMUSG00000030095|Tmem43	1299.3	91487637	chr6:91486944-91488463	0.68	0.69	0.58	0.65	0.89	0.82	0.67	0.71	0.63	0.68	0.86	0.76
ENSMUST00000040607.5|ENSMUSG00000034192|Lsm3	989.0	91522469	chr6:91522318-91522625	0.40	0.38	0.43	0.35	0.59	0.43	0.39	0.30	0.37	0.50	0.48	0.41
ENSMUST00000205663.1|ENSMUSG00000030096|Slc6a6	5617.3	91726289	chr6:91726138-91745029	0.04	0.04	0.04	0.04	0.04	0.04	0.04	0.05	0.04	0.04	0.04	0.04
ENSMUST00000089334.8|ENSMUSG00000034037|Fgd5	294.2	92074754	chr6:92074603-92076004	1.00	1.00	0.87	1.00	1.00	1.00	1.00	1.00	0.57	1.00	1.00	1.00
ENSMUST00000113460.7|ENSMUSG00000005893|Nr2c2	220.3	92168899	chr6:92167630-92173057	0.32	0.35	0.39	0.49	0.34	0.25	0.10	0.40	0.20	0.38	0.21	0.32
ENSMUST00000140438.1|ENSMUSG00000014551|Mrps25	829.7	92174873	chr6:92169524-92175024	0.10	0.18	0.25	0.23	0.06	0.12	0.16	0.28	0.17	0.18	0.26	0.38
ENSMUST00000014694.10|ENSMUSG00000014550|Rbsn	98.1	92187691	chr6:92186711-92189312	0.55	0.50	0.32	0.41	0.63	0.62	1.00	0.45	0.36	0.46	0.78	0.52
ENSMUST00000113447.7|ENSMUSG00000030020|Prickle2	208.7	92373847	chr6:92370907-92375948	NA	0.57	0.60	0.73	NA	NA	NA	0.54	0.53	0.61	0.76	0.80
ENSMUST00000204532.2|ENSMUSG00000045095|Magi1	12.5	93708003	chr6:93682066-93708191	0.17	0.07	0.04	0.06	NA	0.03	NA	0.05	0.03	0.04	NA	0.04
ENSMUST00000204764.2|ENSMUSG00000045100|Slc25a26	4.7	94510924	chr6:94510773-94604054	0.01	0.01	0.01	0.02	0.01	0.01	NA	NA	0.01	0.01	0.01	0.01
ENSMUST00000204645.2|ENSMUSG00000030029|Lrig1	127.1	94604994	chr6:94604528-94605761	0.87	0.97	0.77	0.85	1.00	0.99	1.00	0.91	0.61	0.74	NA	1.00
ENSMUST00000204224.2|ENSMUSG00000061838|Suclg2	863.2	95474346	chr6:95473008-95475051	0.07	0.09	0.05	0.07	0.12	0.07	0.04	0.02	0.06	0.06	0.07	0.09
ENSMUST00000054344.10|ENSMUSG00000035245|Eogt	363.0	97111794	chr6:97110023-97112062	0.66	0.68	0.55	0.62	0.98	0.75	0.83	0.65	0.81	0.61	0.76	0.75
ENSMUST00000044681.6|ENSMUSG00000035199|Arl6ip5	3056.1	97233030	chr6:97232569-97233315	0.53	0.56	0.43	0.47	0.77	0.57	0.42	0.45	0.49	0.40	0.65	0.62
ENSMUST00000113355.8|ENSMUSG00000030064|Frmd4b	129.2	97287314	chr6:97286866-97288362	0.55	0.42	0.43	0.81	1.00	0.88	0.97	0.64	0.80	0.51	1.00	0.57
ENSMUST00000139462.1|ENSMUSG00000035158|Mitf	18.0	97996529	chr6:97996378-98018497	NA	NA	0.06	0.07	0.04	0.03	0.12	0.04	0.05	0.04	NA	NA
ENSMUST00000155466.1|ENSMUSG00000030068|Gm20696	75.3	99632237	chr6:99257483-99632388	0.01	0.00	0.00	0.00	0.01	0.00	0.00	0.00	0.00	0.00	0.00	0.00
ENSMUST00000032151.2|ENSMUSG00000093661|Eif4e3	390.1	99626858	chr6:99625134-99627009	0.76	0.72	0.49	0.53	0.34	0.46	0.30	0.64	0.46	0.57	0.18	0.32
ENSMUST00000101122.2|ENSMUSG00000072875|Gpr27	619.0	99694430	chr6:99693815-99695066	0.78	0.88	0.59	0.65	0.72	0.99	0.73	0.95	0.72	0.58	0.93	0.89
ENSMUST00000101120.10|ENSMUSG00000030069|Prok2	1217.7	99712204	chr6:99711298-99712355	0.71	0.81	0.73	0.69	0.97	0.80	0.93	0.60	NA	NA	NA	NA
ENSMUST00000101118.3|ENSMUSG00000072872|Rybp	37.6	100231993	chr6:100228564-100232175	0.37	0.56	0.39	0.83	0.49	0.66	0.98	0.54	0.70	0.67	0.63	0.67
ENSMUST00000032157.8|ENSMUSG00000030074|Gxylt2	251.1	100806475	chr6:100804697-100810913	0.35	0.09	0.15	0.16	0.86	0.17	0.32	0.12	0.17	0.16	NA	NA
ENSMUST00000063854.6|ENSMUSG00000052144|Ppp4r2	79.9	100867868	chr6:100866573-100869934	0.13	0.21	0.26	0.22	0.32	0.29	0.28	0.33	0.24	0.28	0.35	0.46
ENSMUST00000075994.10|ENSMUSG00000035357|Pdzrn3	44.4	101149914	chr6:101149608-101150514	NA	NA	0.58	0.67	NA	0.58	0.72	0.59	0.68	0.50	0.82	0.55
ENSMUST00000057578.15|ENSMUSG00000013736|Trnt1	3173.0	106781110	chr6:106779431-106782474	1.00	0.95	0.67	1.00	0.67	0.87	0.91	0.73	0.71	0.78	0.61	0.42
ENSMUST00000013882.9|ENSMUSG00000005362|Crbn	158.9	106780520	chr6:106780200-106780932	0.63	0.64	0.65	0.43	0.62	0.90	0.47	0.53	0.68	0.46	0.84	0.61
ENSMUST00000049285.9|ENSMUSG00000034648|Lrrn1	18.7	107569585	chr6:107569390-107570214	NA	NA	0.43	0.63	1.00	1.00	0.68	NA	0.41	1.00	0.58	0.83
ENSMUST00000032191.15|ENSMUSG00000030101|Sumf1	415.8	108108081	chr6:108107027-108108478	0.79	0.71	0.69	0.64	1.00	1.00	0.96	0.83	0.83	0.81	0.88	0.88
ENSMUST00000032194.10|ENSMUSG00000030103|Bhlhe40	3209.7	108666377	chr6:108665329-108666925	0.48	0.43	0.38	0.45	1.00	0.70	0.56	0.47	0.46	0.42	0.77	0.67
ENSMUST00000032196.8|ENSMUSG00000030105|Arl8b	2054.6	108823422	chr6:108821549-108825278	0.06	0.07	0.04	0.07	0.12	0.06	0.08	0.06	0.06	0.06	0.13	0.14
ENSMUST00000032376.5|ENSMUSG00000057604|Lmcd1	322.7	112330158	chr6:112329963-112330425	0.34	0.34	0.32	0.50	0.85	0.42	0.40	0.42	0.28	0.46	0.37	0.44
ENSMUST00000032398.14|ENSMUSG00000030264|Thumpd3	149.7	113068008	chr6:113067823-113068273	0.39	0.34	0.25	0.26	0.49	0.36	0.27	0.29	0.26	0.38	0.40	0.23
ENSMUST00000162280.1|ENSMUSG00000042873|Lhfpl4	225.9	113171649	chr6:113168089-113171860	NA	0.56	NA	NA	0.64	NA	NA	0.89	NA	NA	1.00	1.00
ENSMUST00000129883.7|ENSMUSG00000030269|Mtmr14	571.3	113270701	chr6:113266291-113281387	0.18	0.12	0.14	0.13	0.14	0.13	0.14	0.19	0.14	0.13	0.14	0.13
ENSMUST00000130191.7|ENSMUSG00000030270|Cpne9	2316.4	113283453	chr6:113283030-113304824	NA	0.16	NA	0.10	NA	0.13	NA	NA	NA	NA	0.13	0.13
ENSMUST00000113119.7|ENSMUSG00000001632|Brpf1	106.7	113324438	chr6:113324163-113324860	0.36	0.45	0.32	0.30	0.46	0.59	0.53	0.30	0.36	0.35	0.34	0.69
ENSMUST00000136263.3|ENSMUSG00000030271|Ogg1	84.2	113329408	chr6:113329174-113334184	0.07	0.07	0.04	0.06	0.07	0.05	0.07	0.06	0.08	0.05	0.06	0.05
ENSMUST00000032410.13|ENSMUSG00000048930|Tada3	263.6	113366805	chr6:113366024-113366990	0.07	0.08	0.08	0.06	0.05	0.10	0.04	0.06	0.06	0.07	0.10	0.11
ENSMUST00000156898.4|ENSMUSG00000079426|Arpc4	65129.7	113389480	chr6:113388773-113390448	0.06	0.06	0.06	0.06	0.10	0.07	0.06	0.05	0.07	0.06	0.08	0.08
ENSMUST00000205017.2|ENSMUSG00000030276|Ttll3	33.4	113398097	chr6:113397946-113409899	NA	0.07	0.07	NA	NA	NA	NA	NA	NA	NA	0.13	0.17
ENSMUST00000060634.13|ENSMUSG00000051169|Rpusd3	50.7	113415558	chr6:113415328-113415714	0.31	0.39	0.33	0.47	0.65	0.43	0.19	0.25	0.26	0.39	0.54	0.34
ENSMUST00000204254.1|ENSMUSG00000051256|Jagn1	2381.4	113447915	chr6:113447362-113448209	0.57	0.58	0.49	0.47	0.82	0.57	0.48	0.61	0.61	0.59	0.59	1.00
ENSMUST00000032422.5|ENSMUSG00000030284|Creld1	261.0	113493083	chr6:113492898-113493338	0.52	0.64	0.32	0.56	1.00	0.58	0.59	0.50	0.40	0.51	0.44	0.41
ENSMUST00000204268.2|ENSMUSG00000045009|Prrt3	56.9	113494108	chr6:113493638-113494293	NA	0.12	0.43	0.12	0.09	0.28	0.10	0.11	NA	NA	0.21	0.21
ENSMUST00000032425.6|ENSMUSG00000030286|Emc3	3919.5	113515218	chr6:113514873-113515905	0.62	0.72	0.55	0.64	1.00	0.66	0.60	0.57	0.62	0.62	0.82	0.84
ENSMUST00000035725.6|ENSMUSG00000033940|Brk1	45147.3	113616561	chr6:113616088-113616951	0.37	0.33	0.39	0.37	0.41	0.31	0.30	0.33	0.28	0.31	0.47	0.46
ENSMUST00000035673.7|ENSMUSG00000033933|Vhl	985.3	113630531	chr6:113629566-113631633	0.77	1.00	0.85	0.74	1.00	1.00	1.00	0.89	0.81	0.80	0.98	0.97
ENSMUST00000204744.2|ENSMUSG00000060477|Irak2	262.9	113665904	chr6:113665753-113673033	0.12	0.05	0.08	0.08	0.18	0.04	0.11	0.07	0.06	0.07	0.06	0.04
ENSMUST00000032440.5|ENSMUSG00000030298|Sec13	12551.6	113728201	chr6:113728061-113728352	0.30	0.26	0.26	0.27	0.46	0.33	0.22	0.23	0.23	0.21	0.39	0.33
ENSMUST00000032451.8|ENSMUSG00000030307|Slc6a11	137.8	114249250	chr6:114247737-114249952	0.81	0.85	0.33	0.65	NA	0.61	1.00	1.00	NA	NA	1.00	0.94
ENSMUST00000032454.7|ENSMUSG00000030310|Slc6a1	1033.5	114315557	chr6:114315406-114317532	1.00	0.98	1.00	1.00	0.99	1.00	1.00	1.00	0.59	1.00	1.00	1.00
ENSMUST00000088987.2|ENSMUSG00000053004|Hrh1	20.0	114482321	chr6:114481223-114483296	NA	0.03	NA	NA	NA	NA	NA	0.23	NA	NA	0.12	0.04
ENSMUST00000032457.16|ENSMUSG00000030314|Atg7	154.1	114859717	chr6:114859020-114860614	0.12	0.19	0.12	0.20	0.32	0.24	0.23	0.16	0.13	0.15	0.26	0.26
ENSMUST00000154621.2|ENSMUSG00000030316|Tamm41	159.1	115032127	chr6:115016202-115032278	0.04	0.05	0.03	0.04	0.04	0.06	0.04	0.06	0.06	0.05	0.09	0.09
ENSMUST00000169345.3|ENSMUSG00000009394|Syn2	627.5	115274590	chr6:115274321-115276559	0.59	0.64	0.59	0.74	0.93	0.84	0.58	0.66	0.68	0.53	0.83	0.78
ENSMUST00000032462.8|ENSMUSG00000030317|Timp4	7967.0	115246012	chr6:115241891-115246288	0.06	0.07	0.13	0.12	0.06	0.06	0.04	0.07	0.14	0.14	0.10	0.14
ENSMUST00000040234.8|ENSMUSG00000042389|Tsen2	168.0	115578180	chr6:115577987-115578628	0.12	0.13	0.10	0.05	0.25	0.08	0.14	0.13	0.07	0.11	0.08	0.20
ENSMUST00000000449.8|ENSMUSG00000000439|Mkrn2	6899.8	115620327	chr6:115617728-115622624	0.07	0.07	0.09	0.11	0.13	0.06	0.08	0.11	0.06	0.07	0.04	0.10
ENSMUST00000203142.1|ENSMUSG00000000441|Raf1	10997.0	115620149	chr6:115619593-115620300	0.61	0.55	0.55	0.57	0.42	0.54	0.62	0.57	0.57	0.55	0.58	0.56
ENSMUST00000112946.7|ENSMUSG00000059900|Tmem40	18.7	115729466	chr6:115729130-115729667	NA	NA	NA	NA	0.67	0.26	NA	NA	NA	NA	0.48	0.68
ENSMUST00000075995.6|ENSMUSG00000030319|Cand2	69.1	115804243	chr6:115803861-115805557	NA	NA	0.47	0.45	0.47	0.65	0.82	0.45	0.40	0.35	NA	NA
ENSMUST00000141305.7|ENSMUSG00000030323|Ift122	246.8	115881699	chr6:115881548-115926693	0.29	0.19	0.15	0.14	0.27	0.15	0.26	0.14	0.10	0.12	0.15	0.13
ENSMUST00000015511.14|ENSMUSG00000030123|Plxnd1	469.9	115955285	chr6:115954810-115955742	0.63	0.66	0.43	0.41	0.91	0.39	0.36	0.44	0.29	0.31	0.60	0.42
ENSMUST00000203286.2|ENSMUSG00000024104|Washc2	1918.9	116209154	chr6:116209003-116220549	0.07	0.06	0.08	0.08	0.06	0.07	0.07	0.08	0.06	0.08	0.05	0.05
ENSMUST00000079012.12|ENSMUSG00000025702|Marchf8	313.8	116406474	chr6:116406323-116409540	1.00	1.00	1.00	1.00	1.00	1.00	1.00	1.00	1.00	1.00	0.93	1.00
ENSMUST00000079749.5|ENSMUSG00000059878|Zfp422	632.4	116625126	chr6:116624015-116626325	0.05	0.07	0.06	0.04	0.10	0.05	0.07	0.03	0.04	0.05	0.14	0.09
ENSMUST00000035842.6|ENSMUSG00000042129|Rassf4	33.4	116636958	chr6:116633007-116638240	0.38	NA	0.53	0.39	NA	0.44	NA	0.55	0.46	0.47	NA	NA
ENSMUST00000067354.9|ENSMUSG00000048489|Depp1	8515.6	116652537	chr6:116652312-116652794	0.39	0.43	0.32	0.32	0.70	0.44	0.35	0.29	0.37	0.39	0.46	0.48
ENSMUST00000073043.4|ENSMUSG00000061353|Cxcl12	456160.5	117176327	chr6:117176176-117181367	0.90	0.82	1.00	1.00	0.76	1.00	1.00	1.00	1.00	1.00	1.00	0.77
ENSMUST00000112858.7|ENSMUSG00000059689|Zfp637	9291.7	117845200	chr6:117845049-117845413	1.00	1.00	1.00	1.00	0.86	1.00	1.00	1.00	1.00	1.00	1.00	1.00
ENSMUST00000079405.14|ENSMUSG00000042097|Zfp239	80.5	117872602	chr6:117871905-117873291	NA	0.10	NA	NA	NA	0.08	NA	0.03	NA	NA	0.10	0.08
ENSMUST00000180341.1|ENSMUSG00000042079|Hnrnpf	33410.1	117925350	chr6:117925001-117925622	0.50	0.46	0.40	0.39	0.81	0.61	0.42	0.39	0.43	0.44	0.64	0.56
ENSMUST00000164960.3|ENSMUSG00000030134|Rasgef1a	4990.5	118090428	chr6:118089837-118091546	0.18	0.37	0.27	0.38	0.64	0.23	0.42	0.34	0.21	0.30	0.28	0.35
ENSMUST00000049344.14|ENSMUSG00000042042|Csgalnact2	104.2	118108737	chr6:118107451-118109104	0.71	0.94	0.65	0.79	1.00	1.00	0.68	0.61	0.81	0.72	1.00	0.94
ENSMUST00000032237.7|ENSMUSG00000030138|Bms1	62.3	118383502	chr6:118383380-118383653	0.25	0.56	0.12	0.21	0.46	0.38	0.45	0.21	0.17	0.26	0.60	0.12
ENSMUST00000161170.1|ENSMUSG00000072623|Zfp9	37.6	118463556	chr6:118461949-118464337	NA	1.00	0.57	0.70	0.91	NA	NA	1.00	0.65	0.87	NA	0.72
ENSMUST00000168793.7|ENSMUSG00000055003|Lrtm2	95.7	119316840	chr6:119315132-119317058	1.00	0.93	NA	0.89	NA	1.00	0.52	NA	NA	NA	0.94	0.86
ENSMUST00000117171.7|ENSMUSG00000030170|Wnt5b	135.2	119432824	chr6:119432530-119433400	0.66	0.76	0.51	0.59	0.77	0.84	0.57	0.47	0.58	0.47	0.75	0.75
ENSMUST00000032094.6|ENSMUSG00000030019|Fbxl14	166.3	119481577	chr6:119481059-119482630	0.51	0.64	0.60	0.67	1.00	0.85	0.94	0.60	0.51	0.53	1.00	0.75
ENSMUST00000127146.7|ENSMUSG00000030177|Ccdc77	30.1	120338000	chr6:120324322-120338151	0.07	0.07	0.13	0.09	0.06	0.10	0.12	0.08	0.07	0.11	NA	NA
ENSMUST00000132009.3|ENSMUSG00000030180|Kdm5a	385.8	120402721	chr6:120402570-120419446	0.11	0.11	0.11	0.12	0.16	0.11	0.18	0.10	0.10	0.10	NA	0.06
ENSMUST00000002976.4|ENSMUSG00000002897|Il17ra	218.3	120483535	chr6:120482481-120487559	0.02	0.02	0.03	0.02	0.06	0.02	0.02	0.01	0.02	0.02	0.13	0.03
ENSMUST00000075303.6|ENSMUSG00000058979|Hdhd5	113.7	120509753	chr6:120509493-120510137	0.50	0.46	0.46	0.56	0.81	0.47	0.50	0.58	0.39	0.43	0.76	0.57
ENSMUST00000112682.3|ENSMUSG00000004902|Slc25a18	7004.0	120793994	chr6:120793640-120794336	0.28	0.28	0.30	0.36	0.55	0.30	0.43	0.26	0.27	0.22	0.35	0.39
ENSMUST00000019354.10|ENSMUSG00000019210|Atp6v1e1	45183.3	120795485	chr6:120795243-120795704	0.40	0.38	0.37	0.37	0.63	0.44	0.37	0.36	0.42	0.38	0.50	0.49
ENSMUST00000009256.3|ENSMUSG00000009112|Bcl2l13	96.5	120888800	chr6:120887388-120892842	0.06	0.10	0.12	0.10	0.12	0.07	0.14	0.12	0.11	0.10	0.20	0.23
ENSMUST00000160684.7|ENSMUSG00000004446|Bid	148.0	120893319	chr6:120891929-120894283	0.07	0.06	0.05	0.08	0.12	0.11	0.09	0.06	0.05	0.05	0.66	0.64
ENSMUST00000203254.2|ENSMUSG00000051586|Mical3	30.2	121016716	chr6:121007239-121022484	0.29	0.11	0.20	0.04	0.10	NA	0.10	0.04	NA	0.01	NA	NA
ENSMUST00000032198.10|ENSMUSG00000030107|Usp18	1181.4	121270667	chr6:121270514-121270917	0.46	0.43	0.43	0.42	0.82	0.50	0.37	0.36	0.49	0.33	0.40	0.90
ENSMUST00000064580.13|ENSMUSG00000030108|Slc6a13	1577.3	121337564	chr6:121337413-121337733	0.33	0.19	0.25	0.28	0.54	0.33	0.22	0.25	0.29	0.20	NA	NA
ENSMUST00000129815.7|ENSMUSG00000040797|Iqsec3	38.1	121412507	chr6:121372932-121413606	NA	0.02	NA	0.02	NA	0.02	NA	0.03	NA	NA	0.03	0.03
ENSMUST00000007602.14|ENSMUSG00000007458|M6pr	3335.7	122317297	chr6:122316447-122317680	0.73	0.69	0.68	0.77	0.92	0.75	0.72	0.59	0.74	0.66	0.85	0.74
ENSMUST00000160163.7|ENSMUSG00000040669|Phc1	298.9	122333973	chr6:122318302-122334124	NA	NA	0.55	0.74	NA	NA	NA	0.68	NA	0.59	NA	0.40
ENSMUST00000148517.7|ENSMUSG00000030116|Mfap5	422.2	122528579	chr6:122528428-122529290	0.61	NA	0.34	0.42	NA	0.41	0.28	0.65	0.48	0.44	NA	NA
ENSMUST00000112586.7|ENSMUSG00000040613|Apobec1	306.9	122578148	chr6:122577791-122578809	0.34	0.35	0.35	0.38	1.00	0.65	0.59	0.48	0.50	0.52	0.58	NA
ENSMUST00000166135.7|ENSMUSG00000003153|Slc2a3	122.6	122737057	chr6:122729930-122737217	NA	0.15	NA	0.12	0.10	0.15	NA	NA	NA	0.10	0.13	0.19
ENSMUST00000003238.13|ENSMUSG00000003154|Foxj2	157.1	122843000	chr6:122842849-122845366	1.00	1.00	1.00	1.00	0.60	1.00	1.00	0.96	1.00	1.00	1.00	1.00
ENSMUST00000042081.8|ENSMUSG00000040552|C3ar1	534.3	122849596	chr6:122847137-122849825	0.21	0.40	0.36	0.44	0.25	0.33	0.29	0.45	0.46	0.40	NA	NA
ENSMUST00000032477.5|ENSMUSG00000030327|Necap1	633.6	122887536	chr6:122887385-122888941	1.00	0.98	0.93	0.92	0.93	1.00	1.00	1.00	1.00	0.80	1.00	1.00
ENSMUST00000117173.7|ENSMUSG00000043832|Clec4a3	28.7	122969660	chr6:122969509-122969875	NA	NA	0.45	0.18	0.93	0.46	0.24	0.37	0.22	NA	0.16	0.24
ENSMUST00000204826.2|ENSMUSG00000030144|Clec4d	167.1	123268227	chr6:123268076-123274923	0.06	NA	0.06	0.05	0.10	0.07	0.06	0.05	0.07	0.10	NA	NA
ENSMUST00000176096.1|ENSMUSG00000030142|Clec4e	97.8	123285410	chr6:123283693-123285561	0.00	0.00	0.01	0.01	0.00	0.00	0.00	0.00	0.02	0.00	NA	NA
ENSMUST00000112532.7|ENSMUSG00000005069|Pex5	360.5	124397266	chr6:124396815-124397971	0.75	0.66	0.70	0.68	1.00	0.81	0.79	0.76	0.66	0.52	0.73	0.85
ENSMUST00000049124.9|ENSMUSG00000038527|C1rl	24.5	124509268	chr6:124509117-124510643	NA	NA	0.42	NA	0.20	0.15	0.44	0.53	NA	NA	NA	NA
ENSMUST00000068593.8|ENSMUSG00000055172|C1ra	13599.0	124523128	chr6:124522977-124523443	NA	NA	0.16	0.19	0.04	0.08	0.17	0.15	0.35	0.14	NA	NA
ENSMUST00000160505.7|ENSMUSG00000038521|C1s1	20712.2	124530666	chr6:124530344-124530946	1.00	0.33	0.45	0.45	0.68	0.69	0.51	0.42	0.51	0.49	NA	NA
ENSMUST00000128721.6|ENSMUSG00000004270|Lpcat3	26201.0	124700851	chr6:124700044-124702290	0.41	0.34	0.34	0.39	0.29	0.35	0.46	0.36	0.35	0.38	0.37	0.29
ENSMUST00000004375.15|ENSMUSG00000004264|Phb2	9862.8	124716781	chr6:124716630-124716950	0.25	0.20	0.22	0.25	0.59	0.29	0.23	0.19	0.26	0.27	0.37	0.38
ENSMUST00000112484.9|ENSMUSG00000004266|Ptpn6	4157.9	124720804	chr6:124720706-124721110	0.49	NA	1.00	0.70	1.00	1.00	NA	0.40	0.81	0.74	NA	NA
ENSMUST00000129411.6|ENSMUSG00000107478|Gm45234	130758.7	124740518	chr6:124739188-124743074	0.26	0.01	0.01	0.04	0.02	0.00	0.04	0.06	0.01	0.05	0.00	0.00
ENSMUST00000088357.11|ENSMUSG00000004263|Atn1	133.3	124742767	chr6:124742543-124743074	0.28	0.25	0.46	0.21	0.63	0.44	0.32	0.34	0.25	0.36	0.68	0.50
ENSMUST00000172132.9|ENSMUSG00000023456|Tpi1	223624.9	124810931	chr6:124810585-124811271	0.26	0.23	0.21	0.20	0.52	0.29	0.20	0.18	0.24	0.21	0.35	0.35
ENSMUST00000047510.9|ENSMUSG00000038429|Usp5	3753.0	124815288	chr6:124815018-124815568	0.42	0.47	0.38	0.35	0.85	0.46	0.37	0.35	0.50	0.39	0.54	0.52
ENSMUST00000024270.13|ENSMUSG00000023505|Cdca3	399.6	124833449	chr6:124833137-124833701	NA	NA	NA	NA	0.77	0.41	NA	NA	0.32	0.17	NA	0.24
ENSMUST00000135127.7|ENSMUSG00000023191|P3h3	17789.1	124854263	chr6:124841205-124854414	0.09	0.12	0.11	0.12	0.11	0.12	0.12	0.13	0.12	0.11	NA	NA
ENSMUST00000024044.6|ENSMUSG00000023274|Cd4	15.6	124865881	chr6:124864691-124866247	NA	NA	0.96	0.49	NA	NA	NA	0.43	1.00	0.69	0.43	NA
ENSMUST00000032216.6|ENSMUSG00000030122|Ptms	11634.6	124913916	chr6:124913680-124914184	0.47	0.37	0.36	0.35	0.84	0.56	0.37	0.30	0.39	0.36	0.56	0.52
ENSMUST00000180095.3|ENSMUSG00000030120|Mlf2	1047901.3	124935944	chr6:124935417-124936145	0.64	0.65	0.57	0.62	1.00	0.81	0.47	0.55	0.61	0.57	0.80	0.78
ENSMUST00000032220.14|ENSMUSG00000030127|Cops7a	5940.9	124959154	chr6:124958815-124959600	0.50	0.50	0.45	0.49	0.77	0.57	0.44	0.46	0.52	0.44	0.59	0.62
ENSMUST00000046064.16|ENSMUSG00000038346|Zfp384	280.7	125037399	chr6:125036722-125037870	0.44	0.25	0.21	0.28	0.66	0.54	0.26	0.26	0.31	0.28	0.47	0.30
ENSMUST00000112417.8|ENSMUSG00000030330|Ing4	11657.9	125048940	chr6:125047917-125049265	0.82	0.70	0.58	0.64	1.00	0.80	0.53	0.69	0.72	0.65	1.00	1.00
ENSMUST00000056889.14|ENSMUSG00000063870|Chd4	750.5	125130333	chr6:125129998-125130591	0.77	0.41	0.33	0.22	1.00	0.61	0.30	0.30	0.24	0.17	0.55	0.70
ENSMUST00000188762.6|ENSMUSG00000038252|Ncapd2	62.2	125185693	chr6:125184295-125186241	0.00	0.00	0.00	0.00	0.00	0.00	0.00	0.00	0.00	0.00	NA	NA
ENSMUST00000032485.6|ENSMUSG00000030335|Mrpl51	656.4	125193567	chr6:125193416-125196269	0.25	0.25	0.29	0.20	0.10	0.18	0.19	0.23	0.17	0.16	0.21	0.29
ENSMUST00000043422.7|ENSMUSG00000038213|Tapbpl	990.3	125224444	chr6:125223932-125224668	0.14	0.22	0.12	0.14	0.28	0.20	0.16	0.13	0.16	0.13	0.17	0.18
ENSMUST00000032489.7|ENSMUSG00000030339|Ltbr	3894.4	125306858	chr6:125306570-125307232	0.44	0.47	0.44	0.41	0.96	0.56	0.39	0.40	0.39	0.43	0.69	0.36
ENSMUST00000032492.8|ENSMUSG00000030342|Cd9	166282.3	125460493	chr6:125460265-125460663	0.31	0.29	0.24	0.23	0.68	0.44	0.24	0.23	0.29	0.28	0.44	0.37
ENSMUST00000147101.1|ENSMUSG00000001930|Vwf	2619.9	125667620	chr6:125665159-125686672	0.24	0.23	0.19	0.17	0.24	0.21	0.32	0.20	0.19	0.16	0.22	0.22
ENSMUST00000205002.2|ENSMUSG00000000399|Ndufa9	561.7	126821870	chr6:126821720-126822021	0.00	0.14	0.00	0.00	0.00	0.06	0.00	NA	0.00	0.00	0.02	0.00
ENSMUST00000032497.6|ENSMUSG00000030347|D6Wsu163e	108.4	126975427	chr6:126975200-126975967	0.14	0.15	0.10	0.13	0.39	0.16	0.05	0.12	0.09	0.11	0.08	0.23
ENSMUST00000000188.11|ENSMUSG00000000184|Ccnd2	909.6	127129683	chr6:127125161-127130337	0.67	0.90	0.89	1.00	0.79	0.65	0.83	1.00	0.94	0.83	0.38	0.78
ENSMUST00000144115.7|ENSMUSG00000037997|Parp11	15.5	127474389	chr6:127474238-127478084	0.00	0.00	0.00	0.00	0.00	0.00	0.00	0.00	0.00	0.00	0.00	0.00
ENSMUST00000032500.8|ENSMUSG00000030350|Prmt8	67.7	127689354	chr6:127689010-127689827	NA	0.68	0.33	0.47	NA	0.80	0.56	0.56	NA	NA	0.67	0.52
ENSMUST00000032501.5|ENSMUSG00000030351|Tspan11	318.9	127950126	chr6:127949849-127953977	0.15	0.29	0.20	0.19	NA	0.13	0.14	0.16	0.19	0.19	NA	0.24
ENSMUST00000112173.7|ENSMUSG00000030352|Tspan9	591.5	127964086	chr6:127961395-127964430	0.69	0.74	0.86	0.69	0.82	0.80	1.00	0.89	0.75	0.79	1.00	0.85
ENSMUST00000112152.7|ENSMUSG00000048668|Rhno1	165.7	128357502	chr6:128356999-128357653	0.23	0.08	0.19	0.14	0.13	0.31	0.29	0.21	0.20	0.16	0.26	0.11
ENSMUST00000073316.12|ENSMUSG00000001517|Foxm1	34.9	128374468	chr6:128373963-128376146	NA	NA	NA	NA	1.00	0.69	NA	1.00	1.00	0.59	NA	NA
ENSMUST00000147155.7|ENSMUSG00000001520|Nrip2	162.0	128405180	chr6:128405029-128408107	NA	NA	0.36	NA	0.33	0.22	0.35	0.25	NA	0.26	0.29	0.23
ENSMUST00000032508.10|ENSMUSG00000030357|Fkbp4	3774.5	128430419	chr6:128430102-128430778	0.48	0.45	0.40	0.53	0.65	0.48	0.59	0.44	0.64	0.45	0.62	0.68
ENSMUST00000065289.5|ENSMUSG00000053063|Clec12a	118.7	129364247	chr6:129364059-129365303	NA	NA	0.11	0.08	0.06	0.15	0.06	0.12	0.06	0.07	NA	NA
ENSMUST00000204952.1|ENSMUSG00000033082|Clec1a	77.9	129435116	chr6:129429976-129435271	0.03	0.03	0.04	0.04	0.04	0.03	0.04	0.05	0.04	0.04	0.02	NA
ENSMUST00000195589.5|ENSMUSG00000079293|Clec7a	849.6	129462443	chr6:129461590-129463043	NA	1.00	0.85	0.98	0.94	1.00	1.00	0.75	0.86	0.87	NA	NA
ENSMUST00000032264.8|ENSMUSG00000030161|Gabarapl1	12778.3	129541957	chr6:129541164-129542346	0.68	0.73	0.70	0.65	0.84	0.76	0.71	0.61	0.73	0.76	0.72	0.79
ENSMUST00000032309.12|ENSMUSG00000030189|Ybx3	16158.8	131367649	chr6:131364854-131367800	0.00	0.00	0.00	0.00	0.01	0.00	0.00	0.00	0.00	0.00	0.00	0.00
ENSMUST00000187237.1|ENSMUSG00000072704|Smim10l1	1726.6	133107535	chr6:133106395-133110899	0.02	0.02	0.02	0.02	0.03	0.02	0.02	0.01	0.02	0.02	0.02	0.03
ENSMUST00000111963.7|ENSMUSG00000030199|Etv6	273.4	134266678	chr6:134266471-134270158	0.54	0.61	0.69	0.84	0.50	0.67	1.00	0.84	0.77	0.82	NA	1.00
ENSMUST00000032322.14|ENSMUSG00000030201|Lrp6	340.0	134450637	chr6:134446475-134450788	NA	NA	1.00	0.95	0.70	NA	0.95	1.00	0.69	0.63	NA	NA
ENSMUST00000062755.9|ENSMUSG00000042992|Borcs5	208.5	134710817	chr6:134710268-134711187	0.50	0.67	0.48	0.61	0.95	0.47	0.54	0.44	0.85	0.61	0.60	0.67
ENSMUST00000067327.10|ENSMUSG00000003031|Cdkn1b	23.3	134923882	chr6:134922071-134925513	0.07	NA	0.24	0.31	NA	NA	0.05	0.09	0.16	0.32	NA	NA
ENSMUST00000167323.2|ENSMUSG00000090698|Apold1	4842.1	134984941	chr6:134984322-134986836	0.25	0.25	0.21	0.21	0.50	0.23	0.17	0.18	0.24	0.19	0.18	0.22
ENSMUST00000111915.7|ENSMUSG00000030207|Fam234b	227.8	135234135	chr6:135233981-135236242	0.63	0.87	0.76	0.82	0.45	0.69	0.92	0.78	0.90	0.71	0.83	0.79
ENSMUST00000032335.12|ENSMUSG00000030213|Atf7ip	42.2	136607056	chr6:136606890-136610862	0.51	0.96	0.98	1.00	0.28	0.50	0.75	0.64	1.00	0.67	NA	0.96
ENSMUST00000074556.6|ENSMUSG00000060032|H2aj	615.5	136808877	chr6:136808726-136810074	0.78	0.59	0.73	0.65	0.53	0.53	0.62	0.60	0.58	0.56	0.63	0.55
ENSMUST00000204272.2|ENSMUSG00000030216|Wbp11	1016.9	136817877	chr6:136817175-136818028	0.00	0.00	0.00	0.00	0.01	0.00	0.00	0.00	0.00	0.00	0.00	0.01
ENSMUST00000068293.3|ENSMUSG00000043298|Smco3	40.4	136830780	chr6:136829926-136831199	NA	NA	0.49	0.69	NA	0.87	0.48	0.41	0.88	0.36	NA	NA
ENSMUST00000032341.2|ENSMUSG00000030217|Art4	97.7	136848804	chr6:136848450-136849577	NA	NA	NA	NA	NA	0.76	0.82	0.59	0.61	0.57	NA	NA
ENSMUST00000032342.2|ENSMUSG00000030218|Mgp	6235795.0	136872495	chr6:136872434-136872646	0.23	0.21	0.22	0.21	0.24	0.27	0.23	0.22	0.22	0.23	0.26	0.28
ENSMUST00000111892.7|ENSMUSG00000030220|Arhgdib	35293.8	136923905	chr6:136923654-136924129	0.42	0.33	0.33	0.36	0.69	0.50	0.27	0.31	0.40	0.39	0.52	0.56
ENSMUST00000032347.10|ENSMUSG00000030222|Rerg	21.7	137055841	chr6:137054824-137056135	0.97	0.74	0.74	0.67	NA	1.00	0.53	NA	0.63	0.71	0.78	0.95
ENSMUST00000058210.12|ENSMUSG00000015766|Eps8	851.2	137477950	chr6:137477244-137479018	0.26	0.18	0.21	0.22	0.54	0.26	0.26	0.19	0.20	0.18	0.26	0.24
ENSMUST00000064910.6|ENSMUSG00000030224|Strap	4807.3	137750951	chr6:137750609-137751932	0.39	0.31	0.23	0.27	0.53	0.47	0.24	0.33	0.29	0.29	0.54	0.52
ENSMUST00000203507.1|ENSMUSG00000030225|Dera	23.5	137837662	chr6:137837169-137856814	0.01	0.00	0.00	0.00	0.01	0.00	0.00	0.00	0.00	0.00	0.00	0.00
ENSMUST00000160050.1|ENSMUSG00000030226|Lmo3	57.9	138377141	chr6:138364961-138377292	0.00	0.00	0.00	0.00	NA	0.00	0.00	0.00	NA	NA	0.00	0.00
ENSMUST00000204145.2|ENSMUSG00000030231|Plekha5	36.8	140556070	chr6:140534512-140589315	0.33	0.18	0.43	0.35	0.28	0.35	0.63	0.25	0.24	0.43	0.15	0.24
ENSMUST00000032359.14|ENSMUSG00000030232|Aebp2	141.1	140652721	chr6:140650783-140655481	0.26	0.31	NA	0.27	0.25	0.17	0.29	0.28	0.14	0.25	0.37	0.27
ENSMUST00000043259.9|ENSMUSG00000041741|Pde3a	14.9	141502319	chr6:141498890-141507448	NA	NA	0.13	NA	NA	NA	NA	NA	0.11	0.10	NA	0.19
ENSMUST00000204998.2|ENSMUSG00000030235|Slco1c1	12051.5	141540209	chr6:141540058-141569704	0.07	0.06	0.06	0.06	0.07	0.08	0.08	0.07	0.07	0.06	0.09	0.07
ENSMUST00000165990.7|ENSMUSG00000030237|Slco1a4	2824.9	141806103	chr6:141805439-141806963	0.59	0.65	0.54	0.53	0.70	0.59	0.69	0.50	0.52	0.59	0.72	0.60
ENSMUST00000041852.7|ENSMUSG00000041671|Pyroxd1	182.4	142362869	chr6:142361999-142363257	0.15	0.03	0.03	0.04	0.00	0.01	0.00	0.11	0.00	0.02	NA	0.00
ENSMUST00000032372.6|ENSMUSG00000030245|Golt1b	341.5	142401896	chr6:142401578-142403858	0.44	0.40	0.41	0.40	0.34	0.39	0.37	0.39	0.45	0.48	0.61	0.44
ENSMUST00000130817.2|ENSMUSG00000030246|Ldhb	147910.5	142490439	chr6:142490248-142490590	0.37	0.31	0.28	0.29	0.66	0.37	0.27	0.28	0.31	0.30	0.47	0.46
ENSMUST00000032374.8|ENSMUSG00000030247|Kcnj8	665.9	142565576	chr6:142564838-142566464	0.17	0.19	0.12	0.19	0.18	0.31	0.21	0.16	0.10	0.15	0.37	0.17
ENSMUST00000144920.3|ENSMUSG00000030282|Cmas	9530.8	142764709	chr6:142764557-142774664	0.08	0.07	0.08	0.07	0.07	0.07	0.08	0.08	0.07	0.07	0.07	0.07
ENSMUST00000205119.2|ENSMUSG00000030279|C2cd5	27.7	143078262	chr6:143010924-143081395	NA	0.29	0.26	0.36	0.58	0.26	NA	0.27	0.30	0.42	NA	0.22
ENSMUST00000032413.6|ENSMUSG00000030275|Etnk1	177.0	143204767	chr6:143203453-143208546	0.93	0.91	1.00	1.00	0.71	0.94	1.00	1.00	1.00	0.87	0.93	0.91
ENSMUST00000038815.13|ENSMUSG00000041540|Sox5	24.1	143833115	chr6:143828424-143833266	NA	NA	NA	NA	0.01	0.29	NA	NA	NA	NA	0.10	0.24
ENSMUST00000032402.11|ENSMUSG00000030268|Bcat1	59.7	144999343	chr6:144993834-145000265	0.01	0.02	0.00	0.04	0.03	0.01	NA	0.01	0.03	0.01	0.03	0.04
ENSMUST00000039729.4|ENSMUSG00000040370|Etfrf1	734.9	145216298	chr6:145215563-145216939	0.27	0.32	0.30	0.20	0.35	0.25	0.23	0.25	0.28	0.29	0.38	0.36
ENSMUST00000156486.1|ENSMUSG00000030265|Kras	7.4	145232094	chr6:145220296-145232245	0.00	0.00	0.00	0.00	0.00	0.00	0.00	0.00	0.00	0.00	0.00	0.00
ENSMUST00000111704.7|ENSMUSG00000030259|Rassf8	23.2	145818720	chr6:145817185-145821079	0.49	0.25	0.71	0.60	NA	NA	0.65	0.40	0.42	0.59	NA	NA
ENSMUST00000032386.10|ENSMUSG00000030256|Bhlhe41	37.2	145861245	chr6:145858242-145862854	NA	0.30	0.56	NA	0.43	0.28	0.36	NA	0.49	0.46	0.31	0.32
ENSMUST00000111702.7|ENSMUSG00000030255|Sspn	544.0	145962164	chr6:145961492-145965223	0.62	0.42	0.56	0.46	0.78	0.46	0.42	0.50	0.50	0.46	0.39	0.52
ENSMUST00000139732.3|ENSMUSG00000030287|Itpr2	102.9	146425408	chr6:146373122-146425559	0.04	0.04	0.06	0.04	0.07	0.05	0.03	0.05	0.05	0.04	0.04	0.06
ENSMUST00000139979.7|ENSMUSG00000040250|Ints13	66.3	146549797	chr6:146549631-146549948	0.28	0.33	0.32	0.13	0.54	0.18	0.42	0.23	0.32	0.24	0.52	0.21
ENSMUST00000067404.12|ENSMUSG00000040242|Fgfr1op2	323.9	146598049	chr6:146597429-146599198	0.77	0.80	0.61	0.70	1.00	0.84	0.67	0.84	0.96	0.70	0.91	0.96
ENSMUST00000127529.1|ENSMUSG00000040234|Tm7sf3	2350.4	146619839	chr6:146610890-146619990	0.04	0.04	0.04	0.04	0.06	0.06	0.04	0.04	0.04	0.04	0.04	0.05
ENSMUST00000204040.1|ENSMUSG00000030291|Med21	2176.0	146650435	chr6:146650284-146650732	0.13	0.14	0.15	0.16	0.31	0.15	0.16	0.14	0.10	0.12	0.22	0.25
ENSMUST00000001675.13|ENSMUSG00000001630|Stk38l	89.5	146776392	chr6:146775718-146778812	0.29	0.50	0.55	0.52	0.45	0.42	0.66	0.59	0.44	0.46	0.54	0.91
ENSMUST00000016631.13|ENSMUSG00000016487|Ppfibp1	1106.9	147030549	chr6:147030397-147032025	1.00	1.00	1.00	1.00	1.00	1.00	1.00	0.87	0.94	0.95	1.00	1.00
ENSMUST00000036003.7|ENSMUSG00000040102|Klhl42	51.2	147108387	chr6:147108143-147112778	0.76	0.56	1.00	1.00	NA	1.00	NA	0.78	1.00	1.00	NA	NA
ENSMUST00000052296.8|ENSMUSG00000048776|Pthlh	142.3	147252353	chr6:147252100-147252570	NA	NA	0.41	0.31	NA	0.41	0.25	0.15	0.39	0.42	NA	NA
ENSMUST00000032441.13|ENSMUSG00000030301|Ccdc91	716.5	147632241	chr6:147631682-147632612	0.49	0.53	0.50	0.46	0.84	0.61	0.50	0.62	0.54	0.56	0.66	0.53
ENSMUST00000111607.3|ENSMUSG00000030303|Far2	3985.3	148181970	chr6:148181003-148182758	0.12	0.01	0.02	0.02	0.09	0.01	0.02	0.03	0.01	0.01	0.00	0.00
ENSMUST00000032446.11|ENSMUSG00000030304|Ergic2	2816.3	148188032	chr6:148181215-148202525	0.14	0.00	0.02	0.02	0.02	0.00	0.00	0.06	0.01	0.03	0.02	0.03
ENSMUST00000140797.3|ENSMUSG00000030306|Tmtc1	16.0	148262705	chr6:148246733-148262856	NA	0.00	0.01	0.01	NA	0.03	0.07	0.01	0.00	0.01	0.02	0.00
ENSMUST00000204936.1|ENSMUSG00000040029|Ipo8	67.2	148816484	chr6:148801913-148824435	NA	0.53	0.27	0.71	NA	0.50	NA	0.59	0.40	NA	NA	0.46
ENSMUST00000204119.2|ENSMUSG00000039985|Sinhcaf	59.8	148928480	chr6:148923003-148928631	0.04	0.04	0.03	0.05	0.04	0.07	0.03	0.03	0.03	0.05	0.04	NA
