ENSMUST00000082424.10|ENSMUSG00000064373|Selenop	450489.8	3280203	chr15:3279707-3280508	0.56	0.57	0.51	0.48	0.55	0.52	0.57	0.49	0.53	0.49	0.66	0.64
ENSMUST00000226261.1|ENSMUSG00000091119|Ccdc152	4536579.5	3280478	chr15:3280069-3280629	1.00	NA	1.00	1.00	1.00	1.00	1.00	1.00	1.00	1.00	NA	NA
ENSMUST00000069451.10|ENSMUSG00000055737|Ghr	168.3	3319037	chr15:3317759-3319744	0.82	0.72	1.00	0.97	0.82	0.75	1.00	0.82	0.67	0.78	NA	NA
ENSMUST00000022791.8|ENSMUSG00000022184|Fbxo4	409.6	3965554	chr15:3965444-3965705	0.22	0.25	0.21	0.40	0.13	0.27	0.09	0.25	0.19	0.17	0.28	0.89
ENSMUST00000046633.9|ENSMUSG00000041935|AW549877	155.1	3985966	chr15:3982034-3986198	0.73	0.95	1.00	0.72	1.00	0.66	0.58	1.00	1.00	0.80	0.78	1.00
ENSMUST00000110690.8|ENSMUSG00000022186|Oxct1	1903.1	4153917	chr15:4153766-4155344	0.92	0.83	0.72	0.94	0.61	0.58	1.00	0.91	0.74	0.84	0.52	0.70
ENSMUST00000061925.4|ENSMUSG00000049148|Plcxd3	16.3	4575256	chr15:4574874-4575553	NA	0.60	NA	NA	NA	0.54	NA	NA	NA	NA	0.53	0.81
ENSMUST00000162585.7|ENSMUSG00000022181|C6	1975.5	4803820	chr15:4803639-4804045	NA	NA	0.34	0.43	NA	NA	0.47	0.34	0.64	0.58	NA	NA
ENSMUST00000118365.2|ENSMUSG00000041849|Card6	18.8	5097686	chr15:5095980-5098387	NA	NA	0.09	0.08	NA	NA	0.28	0.07	0.08	0.13	NA	NA
ENSMUST00000045356.8|ENSMUSG00000041841|Rpl37	4398.9	5118784	chr15:5118633-5119140	0.00	0.13	0.00	0.00	0.00	0.09	0.05	0.04	0.00	0.00	0.03	0.04
ENSMUST00000051186.8|ENSMUSG00000050697|Prkaa1	113.1	5179229	chr15:5178929-5181899	0.91	1.00	0.91	0.92	1.00	0.85	1.00	0.79	1.00	1.00	1.00	1.00
ENSMUST00000081640.11|ENSMUSG00000022151|Ttc33	217.4	5212243	chr15:5212092-5218336	0.00	0.00	0.00	0.00	0.00	0.00	0.00	0.01	0.00	0.00	0.00	0.00
ENSMUST00000120563.1|ENSMUSG00000039942|Ptger4	12.5	5234010	chr15:5233398-5234634	0.74	NA	NA	0.21	NA	0.87	NA	NA	0.88	NA	NA	NA
ENSMUST00000078019.12|ENSMUSG00000022150|Dab2	113776.3	6437193	chr15:6437042-6440712	1.00	1.00	1.00	1.00	1.00	1.00	1.00	1.00	1.00	1.00	NA	NA
ENSMUST00000022746.12|ENSMUSG00000022146|Osmr	819.1	6814666	chr15:6813576-6815373	0.93	0.89	0.91	0.88	1.00	0.94	1.00	0.92	0.91	0.82	NA	NA
ENSMUST00000160207.7|ENSMUSG00000042961|Egflam	212.3	7318180	chr15:7206582-7318331	0.05	0.06	0.05	0.05	0.06	0.04	0.10	0.07	0.07	0.05	NA	0.06
ENSMUST00000022744.4|ENSMUSG00000022144|Gdnf	18.1	7835108	chr15:7834829-7837575	NA	NA	0.36	0.55	NA	NA	NA	0.59	0.93	0.68	NA	NA
ENSMUST00000227371.1|ENSMUSG00000039828|Wdr70	278.6	8092526	chr15:8092226-8093029	0.52	0.55	0.58	0.66	0.80	0.60	0.39	0.61	0.46	0.47	0.78	0.52
ENSMUST00000052965.7|ENSMUSG00000022141|Nipbl	15.9	8290984	chr15:8290616-8291227	0.62	NA	NA	0.91	0.46	0.38	0.70	0.76	NA	0.28	0.42	NA
ENSMUST00000005493.13|ENSMUSG00000005360|Slc1a3	15854.5	8634932	chr15:8634123-8636134	0.43	0.44	0.40	0.42	0.72	0.48	0.50	0.42	0.47	0.44	0.59	0.54
ENSMUST00000227191.1|ENSMUSG00000048424|Ranbp3l	32.5	9065265	chr15:9065004-9067335	NA	0.81	0.62	0.66	0.28	0.63	NA	1.00	NA	NA	0.87	1.00
ENSMUST00000067760.10|ENSMUSG00000022253|Nadk2	455.2	9109795	chr15:9108354-9110487	0.48	0.58	0.55	0.52	0.84	0.57	0.81	0.56	0.54	0.60	0.65	0.55
ENSMUST00000136591.7|ENSMUSG00000044224|Dnajc21	50.9	10446916	chr15:10446755-10447067	0.22	0.44	0.20	0.04	0.38	0.21	0.15	NA	0.16	0.18	0.18	0.52
ENSMUST00000168761.1|ENSMUSG00000022247|Brix1	914.9	10483206	chr15:10479579-10483357	0.08	0.06	0.09	0.07	0.05	0.05	0.13	0.10	0.06	0.07	0.09	0.05
ENSMUST00000168408.1|ENSMUSG00000022248|Rad1	4.6	10490514	chr15:10490261-10493363	0.00	0.00	0.00	0.00	0.00	0.00	0.00	0.00	0.00	0.00	0.00	0.00
ENSMUST00000090339.10|ENSMUSG00000022246|Rai14	593.2	10570548	chr15:10568968-10570699	0.96	0.89	0.97	1.00	1.00	1.00	1.00	0.85	0.82	0.95	NA	1.00
ENSMUST00000070877.6|ENSMUSG00000022244|Amacr	69.5	10995432	chr15:10995246-10996626	0.06	0.04	0.06	0.03	0.05	0.06	0.04	0.08	0.07	0.03	0.03	0.05
ENSMUST00000058007.6|ENSMUSG00000060735|Rxfp3	484.7	11034581	chr15:11033716-11035868	NA	NA	0.15	0.16	0.29	0.42	0.22	0.17	0.21	0.13	NA	NA
ENSMUST00000061318.8|ENSMUSG00000047497|Adamts12	158.7	11345825	chr15:11345674-11349231	NA	NA	1.00	1.00	NA	NA	1.00	1.00	1.00	1.00	NA	NA
ENSMUST00000228814.1|ENSMUSG00000022241|Tars	5860.8	11387051	chr15:11382300-11393245	0.20	0.22	0.19	0.16	0.21	0.18	0.21	0.22	0.17	0.18	0.22	0.17
ENSMUST00000066529.4|ENSMUSG00000022206|Npr3	30.8	11844615	chr15:11839895-11845179	NA	NA	0.65	0.43	NA	0.17	0.44	0.39	0.30	NA	NA	NA
ENSMUST00000022816.14|ENSMUSG00000022205|Sub1	10475.6	11984069	chr15:11981338-11984220	0.04	0.13	0.13	0.11	0.03	0.05	0.04	0.12	0.07	0.07	0.15	0.21
ENSMUST00000157034.7|ENSMUSG00000022201|Zfr	1782.6	12171911	chr15:12171760-12184463	0.06	0.04	0.04	0.04	0.05	0.04	0.03	0.04	0.03	0.03	0.03	0.03
ENSMUST00000174418.7|ENSMUSG00000039458|Mtmr12	40.0	12238092	chr15:12237941-12272119	0.07	0.06	0.09	0.09	0.08	0.07	0.06	0.10	0.07	0.06	0.05	0.04
ENSMUST00000075317.11|ENSMUSG00000022197|Pdzd2	93.7	12361927	chr15:12359710-12362078	1.00	NA	NA	NA	NA	NA	1.00	NA	NA	NA	1.00	1.00
ENSMUST00000057256.4|ENSMUSG00000022195|6030458C11Rik	60.8	12809451	chr15:12808176-12810714	0.84	0.74	0.68	0.75	1.00	0.94	NA	0.71	0.65	0.82	1.00	0.84
ENSMUST00000036439.5|ENSMUSG00000039385|Cdh6	7.9	13033725	chr15:13028700-13034202	0.07	0.16	0.10	NA	NA	NA	0.21	0.10	NA	NA	0.20	0.14
ENSMUST00000176146.7|ENSMUSG00000022321|Cdh10	31.1	19000015	chr15:18999864-19013682	NA	0.02	NA	NA	NA	NA	NA	NA	0.02	0.02	0.01	0.02
ENSMUST00000058845.8|ENSMUSG00000045763|Basp1	60715.2	25364080	chr15:25363276-25364231	0.58	0.57	0.49	0.42	0.72	0.59	0.48	0.64	0.40	0.49	0.42	0.57
ENSMUST00000110457.7|ENSMUSG00000022272|Myo10	558.6	25812370	chr15:25812219-25813673	1.00	1.00	1.00	1.00	1.00	1.00	1.00	1.00	1.00	1.00	1.00	1.00
ENSMUST00000022881.14|ENSMUSG00000022270|Retreg1	57.1	25972219	chr15:25972043-25973687	NA	NA	1.00	0.64	0.49	1.00	0.89	1.00	1.00	0.85	0.37	0.94
ENSMUST00000061875.7|ENSMUSG00000052253|Zfp622	86.3	25997442	chr15:25997291-25998481	0.11	0.00	0.00	0.02	0.05	0.14	0.00	0.08	0.20	0.20	0.09	0.07
ENSMUST00000059204.10|ENSMUSG00000043556|Fbxl7	38.7	26542322	chr15:26540458-26543086	1.00	0.91	1.00	0.85	NA	NA	1.00	1.00	0.75	0.55	NA	NA
ENSMUST00000022875.6|ENSMUSG00000022265|Ank	5978.1	27594152	chr15:27593214-27594909	0.44	0.49	0.39	0.45	0.99	0.67	0.57	0.43	0.44	0.42	0.72	0.64
ENSMUST00000228439.1|ENSMUSG00000046034|Otulin	1532.1	27619450	chr15:27608636-27619601	0.08	0.09	0.09	0.11	0.06	0.08	0.10	0.10	0.08	0.11	0.09	0.08
ENSMUST00000231473.1|ENSMUSG00000056069|Otulinl	29413.5	27658044	chr15:27656994-27659900	NA	NA	0.01	0.01	0.00	0.00	0.00	0.01	0.00	0.01	NA	NA
ENSMUST00000227030.1|ENSMUSG00000022263|Trio	33.7	27747060	chr15:27732128-27748035	NA	0.06	0.30	0.30	NA	0.16	NA	0.19	0.53	0.49	0.03	0.04
ENSMUST00000226116.1|ENSMUSG00000022240|Ctnnd2	338.7	30619995	chr15:30619844-30646892	0.02	0.01	0.01	0.02	0.01	0.01	0.03	0.01	0.02	0.02	0.01	0.01
ENSMUST00000044524.15|ENSMUSG00000039168|Dap	8333.7	31273969	chr15:31273307-31274341	0.59	0.53	0.61	0.60	0.97	0.65	0.63	0.60	0.65	0.60	0.88	0.84
ENSMUST00000090227.5|ENSMUSG00000039100|Marchf6	127.1	31459040	chr15:31455890-31459191	1.00	1.00	1.00	1.00	0.95	1.00	NA	1.00	0.98	1.00	1.00	0.88
ENSMUST00000070918.13|ENSMUSG00000022235|Cmbl	156.9	31590011	chr15:31589860-31590119	0.06	0.33	0.32	0.28	0.37	0.27	0.24	0.22	0.19	0.03	0.40	0.29
ENSMUST00000161061.2|ENSMUSG00000039065|Atpsckmt	80.6	31617364	chr15:31617131-31618609	0.05	0.03	0.04	0.08	0.10	0.05	0.02	0.04	0.04	0.05	0.06	0.05
ENSMUST00000022871.6|ENSMUSG00000022261|Sdc2	2331.5	33033296	chr15:33032537-33034935	0.66	0.51	0.58	0.60	0.80	0.47	0.74	0.62	0.55	0.62	0.50	0.63
ENSMUST00000042167.9|ENSMUSG00000039007|Cpq	14457.0	33594405	chr15:33594254-33594552	0.10	0.16	0.16	0.11	0.32	0.23	0.13	0.15	0.16	0.10	0.21	0.19
ENSMUST00000042021.4|ENSMUSG00000038984|Tspyl5	20.4	33685291	chr15:33683874-33686579	0.87	NA	0.91	NA	NA	0.57	NA	0.94	0.68	0.52	0.50	0.90
ENSMUST00000168991.7|ENSMUSG00000022255|Mtdh	238.0	34118110	chr15:34117891-34134344	0.01	0.01	0.01	0.01	0.02	0.01	0.01	0.01	0.01	0.01	0.01	0.01
ENSMUST00000226437.1|ENSMUSG00000022257|Laptm4b	7540.3	34273350	chr15:34272376-34284295	0.15	0.16	0.16	0.13	0.14	0.13	0.16	0.14	0.14	0.17	0.12	0.16
ENSMUST00000226766.1|ENSMUSG00000022324|Matn2	56.9	34347280	chr15:34345688-34347848	NA	NA	0.35	0.35	NA	NA	0.56	0.45	NA	NA	NA	NA
ENSMUST00000022946.5|ENSMUSG00000022323|Rida	22328.8	34484258	chr15:34484020-34484481	0.34	0.37	0.33	0.34	0.51	0.42	0.31	0.34	0.43	0.36	0.43	0.44
ENSMUST00000228073.1|ENSMUSG00000038879|Nipal2	26.2	34624871	chr15:34600069-34625022	NA	NA	0.03	0.03	NA	NA	0.05	0.03	0.03	0.02	NA	NA
ENSMUST00000048646.8|ENSMUSG00000037646|Vps13b	17.5	35930412	chr15:35930097-35931229	0.51	0.74	1.00	0.93	NA	NA	NA	NA	NA	0.78	NA	NA
ENSMUST00000155638.7|ENSMUSG00000014313|Cox6c	94064.3	35935151	chr15:35925885-35935302	0.08	0.06	0.09	0.09	0.06	0.06	0.07	0.07	0.07	0.10	0.06	0.06
ENSMUST00000057177.6|ENSMUSG00000045996|Polr2k	1586.8	36176924	chr15:36176773-36177010	0.33	0.21	0.18	0.22	0.38	0.26	0.14	0.27	0.25	0.28	0.25	0.35
ENSMUST00000047348.10|ENSMUSG00000037617|Spag1	13.4	36235046	chr15:36234895-36235621	0.58	0.23	NA	NA	0.14	0.42	0.39	NA	NA	NA	0.86	0.93
ENSMUST00000228358.1|ENSMUSG00000022280|Rnf19a	133.5	36241446	chr15:36240350-36241859	0.73	0.67	0.58	0.59	0.70	0.82	0.64	0.80	0.63	0.55	0.93	0.66
ENSMUST00000057486.8|ENSMUSG00000048307|Ankrd46	1397.1	36478650	chr15:36477667-36479259	0.97	0.97	0.92	0.95	0.79	0.92	0.99	0.98	0.76	0.89	0.91	0.94
ENSMUST00000022894.13|ENSMUSG00000022285|Ywhaz	93714.3	36771931	chr15:36770769-36772720	0.42	0.49	0.48	0.48	0.63	0.40	0.42	0.47	0.49	0.49	0.54	0.59
ENSMUST00000078976.8|ENSMUSG00000062397|Zfp706	86636.5	36999162	chr15:36997026-37001853	0.03	0.04	0.03	0.04	0.06	0.02	0.02	0.04	0.03	0.03	0.07	0.11
ENSMUST00000168992.7|ENSMUSG00000051359|Ncald	2598.2	37368344	chr15:37366174-37368830	0.47	0.55	0.57	0.55	0.73	0.50	0.41	0.66	0.57	0.54	0.65	0.68
ENSMUST00000144498.7|ENSMUSG00000022292|Rrm2b	382.7	37943335	chr15:37931636-37944580	0.03	0.02	0.05	0.06	0.00	0.02	0.04	0.10	0.03	0.05	0.03	0.03
ENSMUST00000228333.1|ENSMUSG00000037487|Ubr5	183.4	37973273	chr15:37972934-37973424	0.00	0.00	0.00	0.00	0.00	0.00	0.01	0.00	0.00	0.00	NA	0.00
ENSMUST00000074043.6|ENSMUSG00000037465|Klf10	397.2	38295624	chr15:38294412-38295907	0.83	0.67	0.70	0.72	1.00	1.00	0.75	0.64	0.78	0.68	0.84	0.82
ENSMUST00000226533.1|ENSMUSG00000022295|Atp6v1c1	10784.5	38679487	chr15:38679336-38686857	0.06	0.07	0.07	0.07	0.05	0.06	0.06	0.06	0.06	0.06	0.05	0.06
ENSMUST00000226440.1|ENSMUSG00000022296|Baalc	1458.3	38949537	chr15:38949225-38952912	0.12	0.18	0.28	0.26	0.11	0.15	0.07	0.15	0.20	0.13	0.12	0.18
ENSMUST00000179165.8|ENSMUSG00000022297|Fzd6	266.3	39036801	chr15:39036551-39038188	0.79	0.81	0.66	0.83	0.98	1.00	1.00	0.83	0.80	0.76	0.74	0.77
ENSMUST00000067072.4|ENSMUSG00000054196|Cthrc1	10028.3	39086920	chr15:39086762-39087121	0.36	0.44	0.33	0.29	0.68	0.39	0.23	0.23	0.32	0.31	0.54	0.55
ENSMUST00000022908.9|ENSMUSG00000022299|Slc25a32	69.8	39095000	chr15:39091230-39095972	0.12	0.15	0.22	0.22	0.19	0.21	0.40	0.27	0.31	0.30	0.40	0.44
ENSMUST00000226410.1|ENSMUSG00000037386|Rims2	102.1	39682259	chr15:39681761-39684372	0.35	0.33	0.21	0.19	NA	0.34	0.15	0.45	NA	NA	0.24	0.27
ENSMUST00000228575.1|ENSMUSG00000022305|Lrp12	262.5	39880119	chr15:39878383-39880272	0.19	0.12	0.11	0.10	0.10	0.11	0.10	0.10	0.12	0.11	NA	0.07
ENSMUST00000053467.5|ENSMUSG00000022306|Zfpm2	6.9	41103988	chr15:41103573-41104592	NA	NA	0.57	NA	NA	NA	NA	NA	0.34	0.73	NA	0.68
ENSMUST00000110297.9|ENSMUSG00000022307|Oxr1	275.9	41859809	chr15:41859290-41861048	0.66	0.83	0.61	0.77	1.00	0.83	0.64	0.65	0.76	0.71	0.95	0.90
ENSMUST00000022921.6|ENSMUSG00000022309|Angpt1	430.5	42426385	chr15:42424722-42426972	NA	0.78	0.73	0.90	NA	0.93	0.93	0.79	0.82	0.79	NA	NA
ENSMUST00000022962.7|ENSMUSG00000022337|Emc2	5186.6	43527631	chr15:43527480-43527763	0.28	0.24	0.18	0.21	0.33	0.23	0.26	0.20	0.26	0.18	0.30	0.30
ENSMUST00000226606.1|ENSMUSG00000038736|Nudcd1	44.4	44388429	chr15:44376367-44388580	0.03	0.02	0.03	0.03	0.06	0.02	0.02	0.02	0.02	0.03	0.03	NA
ENSMUST00000227691.1|ENSMUSG00000022339|Ebag9	181.2	44640777	chr15:44640419-44641515	0.17	0.30	0.28	0.35	0.73	0.52	0.29	0.29	0.30	0.15	0.39	0.40
ENSMUST00000226214.1|ENSMUSG00000022340|Sybu	11.1	44718787	chr15:44671855-44718946	0.02	0.01	0.01	0.01	0.01	0.01	0.01	0.01	NA	NA	0.01	0.00
ENSMUST00000165201.8|ENSMUSG00000038679|Trps1	18.4	50658594	chr15:50654751-50660677	NA	0.56	NA	0.75	NA	0.29	0.24	0.70	0.59	NA	0.25	0.69
ENSMUST00000137116.2|ENSMUSG00000022313|Utp23	19.6	51882685	chr15:51882534-51884614	0.52	0.55	0.46	NA	0.51	0.43	0.28	0.80	0.91	0.82	0.46	1.00
ENSMUST00000022927.10|ENSMUSG00000022314|Rad21	503.8	51962774	chr15:51962239-51964058	0.44	0.15	0.09	0.07	0.61	0.31	0.25	0.26	0.14	0.23	0.52	0.32
ENSMUST00000090025.4|ENSMUSG00000068522|Aard	17.7	52045265	chr15:52044951-52045722	NA	NA	NA	NA	NA	0.53	0.24	NA	NA	NA	0.60	0.34
ENSMUST00000037115.8|ENSMUSG00000038622|Med30	1028.3	52730310	chr15:52730159-52730564	0.07	0.07	0.05	0.05	0.21	0.06	0.07	0.05	0.05	0.05	0.13	0.08
ENSMUST00000133362.7|ENSMUSG00000061731|Ext1	958.0	53105924	chr15:53068663-53106075	0.07	0.05	0.06	0.06	0.05	0.07	0.08	0.07	0.06	0.06	0.05	0.05
ENSMUST00000132059.1|ENSMUSG00000058656|Samd12	0.9	53658327	chr15:53462193-53658478	0.01	0.00	0.00	0.00	0.03	0.00	0.00	0.00	0.00	0.00	0.00	0.00
ENSMUST00000079772.3|ENSMUSG00000063727|Tnfrsf11b	34.5	54251683	chr15:54250618-54251996	1.00	1.00	0.99	0.57	0.86	1.00	NA	0.81	0.48	0.90	NA	NA
ENSMUST00000025356.3|ENSMUSG00000024479|Mal2	236.0	54600890	chr15:54600739-54602847	1.00	0.82	0.96	1.00	NA	1.00	1.00	1.00	NA	NA	1.00	1.00
ENSMUST00000050027.8|ENSMUSG00000037362|Ccn3	1663.4	54752665	chr15:54752502-54754039	0.52	0.53	0.39	0.51	0.63	0.67	0.52	0.45	0.52	0.54	0.63	0.48
ENSMUST00000041591.15|ENSMUSG00000022425|Enpp2	8091.5	54839126	chr15:54838900-54839368	0.47	0.39	0.44	0.43	0.50	0.48	0.67	0.42	0.41	0.46	0.69	0.59
ENSMUST00000041733.8|ENSMUSG00000037343|Taf2	37.3	55016193	chr15:55015130-55016344	1.00	1.00	1.00	0.77	NA	NA	1.00	0.91	0.69	1.00	NA	1.00
ENSMUST00000226687.1|ENSMUSG00000022419|Deptor	24.5	55152025	chr15:55151874-55208885	0.02	NA	0.03	0.04	NA	NA	0.06	0.03	NA	NA	0.02	0.02
ENSMUST00000023053.11|ENSMUSG00000022371|Col14a1	163.2	55520496	chr15:55520009-55520803	NA	NA	0.61	0.53	0.65	NA	0.86	0.50	0.62	0.41	NA	NA
ENSMUST00000164542.7|ENSMUSG00000022370|Mrpl13	5613.8	55543210	chr15:55534093-55543361	0.12	0.15	0.14	0.14	0.13	0.12	0.13	0.14	0.13	0.14	0.13	0.14
ENSMUST00000169517.1|ENSMUSG00000022369|Mtbp	27.2	55563092	chr15:55562941-55569077	0.06	0.10	NA	NA	0.05	0.05	NA	0.09	NA	NA	NA	NA
ENSMUST00000039769.12|ENSMUSG00000060429|Sntb1	27.8	55638641	chr15:55636387-55639337	NA	0.45	0.91	0.61	NA	NA	NA	0.72	NA	NA	NA	NA
ENSMUST00000050544.7|ENSMUSG00000022367|Has2	41.5	56667162	chr15:56665626-56667661	0.53	0.44	0.68	NA	0.78	0.46	NA	0.67	0.45	0.32	NA	NA
ENSMUST00000022993.6|ENSMUSG00000022365|Derl1	3266.6	57870788	chr15:57869501-57871770	0.33	0.32	0.40	0.34	0.43	0.37	0.38	0.38	0.37	0.33	0.46	0.53
ENSMUST00000189159.1|ENSMUSG00000101892|9130401M01Rik	3916.8	58030956	chr15:58028811-58032142	0.02	0.00	0.01	0.00	0.05	0.00	0.08	0.00	0.00	0.01	0.00	0.00
ENSMUST00000038194.4|ENSMUSG00000022360|Atad2	98.5	58094935	chr15:58094045-58095529	NA	NA	NA	NA	1.00	0.62	NA	NA	1.00	1.00	NA	NA
ENSMUST00000022986.7|ENSMUSG00000022358|Fbxo32	117.4	58180218	chr15:58175878-58181468	NA	0.10	0.06	0.10	0.01	0.05	0.08	0.07	0.05	0.06	0.13	0.15
ENSMUST00000037270.4|ENSMUSG00000037119|Fam91a1	295.8	58455128	chr15:58454929-58457740	0.69	0.84	0.90	0.79	1.00	0.77	1.00	0.89	1.00	0.80	0.96	0.87
ENSMUST00000072113.5|ENSMUSG00000062373|Tmem65	772.4	58783005	chr15:58782268-58784911	0.65	0.63	0.51	0.79	1.00	0.77	1.00	0.60	0.57	0.62	0.86	0.72
ENSMUST00000036937.8|ENSMUSG00000037085|Trmt12	2.5	58874243	chr15:58874092-58877127	0.14	0.23	NA	NA	0.02	NA	NA	NA	NA	NA	NA	0.14
ENSMUST00000036904.6|ENSMUSG00000037075|Rnf139	95.9	58900282	chr15:58900131-58902390	0.19	0.17	0.16	0.20	0.16	0.13	0.08	0.12	0.19	0.17	0.22	0.18
ENSMUST00000228787.1|ENSMUSG00000115463|Gm49356	142185.4	58936460	chr15:58936293-58937359	0.00	0.00	0.00	0.00	0.00	0.00	0.00	0.00	0.00	0.00	0.00	0.00
ENSMUST00000022977.13|ENSMUSG00000022351|Sqle	238.3	59331065	chr15:59330914-59331192	0.40	0.19	0.32	0.39	0.77	0.39	0.64	0.18	0.37	NA	0.61	0.39
ENSMUST00000227725.1|ENSMUSG00000022350|Washc5	220.2	59332154	chr15:59331996-59332305	0.33	0.45	0.39	0.27	0.85	0.52	0.43	0.35	0.48	0.35	0.54	0.50
ENSMUST00000067543.7|ENSMUSG00000032501|Trib1	294.5	59656358	chr15:59654698-59657099	0.25	0.18	0.12	0.12	0.41	0.19	0.16	0.10	0.13	0.09	NA	0.39
ENSMUST00000100635.4|ENSMUSG00000072568|Lratd2	19.3	60820986	chr15:60818993-60822965	NA	0.93	0.51	0.68	NA	NA	NA	NA	NA	0.85	NA	NA
ENSMUST00000159327.1|ENSMUSG00000022346|Myc	751.2	61990112	chr15:61989905-61990374	0.37	0.28	0.28	0.24	0.81	0.50	0.37	0.21	0.33	0.23	NA	NA
ENSMUST00000063838.10|ENSMUSG00000022378|Fam49b	1859.8	63931094	chr15:63929096-63931618	0.04	0.13	0.09	0.10	0.05	0.05	0.07	0.13	0.06	0.06	0.16	0.30
ENSMUST00000177371.7|ENSMUSG00000022377|Asap1	89.8	64088765	chr15:64086856-64089449	0.13	0.33	0.33	0.29	0.39	0.25	0.15	0.39	0.40	0.33	0.35	0.32
ENSMUST00000015146.15|ENSMUSG00000015002|Efr3a	509.3	65872332	chr15:65871255-65873816	0.24	0.15	0.17	0.18	0.45	0.20	0.31	0.14	0.17	0.18	0.25	0.19
ENSMUST00000164163.7|ENSMUSG00000022372|Sla	115.6	66781501	chr15:66780818-66782544	1.00	NA	0.94	0.87	0.83	0.89	0.85	0.55	1.00	0.85	0.92	0.76
ENSMUST00000147079.7|ENSMUSG00000005124|Ccn4	547.5	66906680	chr15:66906487-66920077	0.07	0.05	0.05	0.04	NA	0.04	0.05	0.05	0.05	0.04	0.02	0.04
ENSMUST00000092640.5|ENSMUSG00000013846|St3gal1	41.5	67106464	chr15:67102874-67106659	0.05	0.05	0.04	0.04	0.05	0.04	0.06	0.02	0.05	0.04	NA	0.17
ENSMUST00000162054.8|ENSMUSG00000022335|Zfat	5.4	68084023	chr15:68083763-68084324	0.91	NA	NA	0.41	NA	NA	NA	0.32	0.59	0.72	NA	NA
ENSMUST00000229683.1|ENSMUSG00000022332|Khdrbs3	785.7	69093377	chr15:69092989-69101211	0.00	0.00	0.00	0.00	0.01	0.00	0.00	0.00	0.00	0.00	0.01	0.01
ENSMUST00000089765.8|ENSMUSG00000068391|Chrac1	1260.1	73093834	chr15:73093636-73094075	0.45	0.38	0.37	0.42	0.48	0.68	0.39	0.37	0.39	0.54	0.43	0.49
ENSMUST00000044113.11|ENSMUSG00000036698|Ago2	105.6	73106389	chr15:73095843-73106910	0.16	0.09	0.22	0.20	NA	0.15	0.23	0.20	0.11	0.20	0.17	0.15
ENSMUST00000226988.2|ENSMUSG00000022607|Ptk2	682.9	73205538	chr15:73205101-73206050	0.40	0.31	0.30	0.35	0.45	0.37	0.55	0.23	0.27	0.27	0.54	0.44
ENSMUST00000151288.7|ENSMUSG00000079020|Slc45a4	97.5	73580470	chr15:73577423-73581767	0.02	0.13	0.08	0.07	0.07	0.05	0.09	0.18	0.04	0.06	0.21	0.21
ENSMUST00000165541.7|ENSMUSG00000059895|Ptp4a3	1292.8	73757109	chr15:73756911-73758766	0.02	0.02	0.03	0.02	0.03	0.03	0.03	0.02	0.02	0.02	0.04	0.03
ENSMUST00000023268.13|ENSMUSG00000022602|Arc	67722.8	74670564	chr15:74669082-74671184	0.71	0.80	0.72	0.70	0.60	0.70	0.80	0.64	0.62	0.72	0.70	0.67
ENSMUST00000050234.3|ENSMUSG00000046380|Jrk	10.2	74704759	chr15:74702300-74705763	0.01	0.04	0.04	0.04	0.02	0.03	0.01	0.02	0.01	0.04	NA	0.24
ENSMUST00000070923.2|ENSMUSG00000056665|Them6	9.0	74724126	chr15:74723567-74724639	NA	0.03	NA	0.02	NA	NA	NA	0.08	NA	NA	0.16	0.14
ENSMUST00000023259.14|ENSMUSG00000022594|Lynx1	1138.2	74751082	chr15:74747851-74751233	NA	0.99	1.00	1.00	0.67	0.73	1.00	1.00	1.00	0.88	1.00	1.00
ENSMUST00000169343.7|ENSMUSG00000022587|Ly6e	3760682.8	74959096	chr15:74958710-74959905	0.10	0.09	0.09	0.09	0.19	0.12	0.08	0.08	0.09	0.09	0.14	0.15
ENSMUST00000189068.6|ENSMUSG00000075602|Ly6a	1095749.1	74995101	chr15:74994876-74995264	0.37	0.36	0.33	0.32	0.58	0.44	0.31	0.31	0.35	0.34	0.52	0.49
ENSMUST00000065408.15|ENSMUSG00000079018|Ly6c1	468249.2	75045228	chr15:75045012-75045404	0.37	0.37	0.34	0.32	0.69	0.46	0.32	0.32	0.36	0.32	0.53	0.50
ENSMUST00000100542.9|ENSMUSG00000022584|Ly6c2	75.7	75108380	chr15:75108160-75108545	0.36	0.31	0.31	0.56	0.40	0.38	0.32	0.24	0.25	NA	0.41	NA
ENSMUST00000163116.7|ENSMUSG00000022577|Ly6h	175.5	75564893	chr15:75551267-75565108	0.00	0.00	0.00	0.00	0.00	0.00	0.00	0.00	0.00	0.00	0.00	0.00
ENSMUST00000054555.9|ENSMUSG00000047003|Zfp41	82.8	75619691	chr15:75618794-75629827	NA	0.19	0.23	0.22	NA	0.25	NA	0.21	0.27	0.25	NA	0.24
ENSMUST00000149407.7|ENSMUSG00000022580|Rhpn1	462.7	75713611	chr15:75712413-75714408	0.00	0.00	0.00	0.00	NA	0.00	0.00	0.00	NA	NA	NA	0.01
ENSMUST00000100538.3|ENSMUSG00000075600|Zc3h3	20.7	75754708	chr15:75754429-75754921	NA	0.17	0.18	0.24	0.33	NA	0.15	0.07	0.21	0.37	NA	0.24
ENSMUST00000229571.1|ENSMUSG00000022574|Naprt	5336.8	75891346	chr15:75890962-75891854	0.34	0.26	0.25	0.23	0.69	0.29	0.23	0.22	0.32	0.27	0.32	0.26
ENSMUST00000154584.8|ENSMUSG00000055762|Eef1d	257.5	75895404	chr15:75894204-75895555	0.16	0.12	0.20	0.16	0.08	0.18	0.19	0.13	0.28	0.14	0.16	0.08
ENSMUST00000192937.1|ENSMUSG00000103906|Tigd5	4.2	75911951	chr15:75911716-75914535	0.10	0.17	0.17	0.42	NA	0.05	0.01	NA	0.16	0.13	NA	0.13
ENSMUST00000053918.8|ENSMUSG00000022571|Pycrl	1255.3	75916733	chr15:75916476-75916899	0.39	0.35	0.42	0.34	0.64	0.49	0.32	0.39	0.47	0.34	0.47	0.51
ENSMUST00000229085.1|ENSMUSG00000022570|Tsta3	8434.4	75925586	chr15:75924675-75928472	0.09	0.13	0.15	0.13	0.13	0.10	0.13	0.14	0.11	0.11	0.14	0.13
ENSMUST00000037260.7|ENSMUSG00000050846|Zfp623	68.9	75949097	chr15:75948693-75949400	0.45	0.66	0.57	0.44	0.61	0.43	0.54	0.43	0.43	0.41	0.40	1.00
ENSMUST00000109966.7|ENSMUSG00000034429|Zfp707	66.2	75975492	chr15:75975272-75975749	0.54	0.60	0.47	0.27	0.48	0.46	0.42	0.36	0.37	0.19	0.43	0.42
ENSMUST00000182172.1|ENSMUSG00000098176|Ccdc166	51.6	75980822	chr15:75979871-75981596	0.66	0.70	0.61	0.64	0.44	0.81	NA	0.93	0.48	0.40	0.67	0.37
ENSMUST00000002603.11|ENSMUSG00000022568|Scrib	103.9	76047243	chr15:76047157-76047394	0.14	0.09	0.20	0.13	0.39	0.38	0.21	0.28	NA	0.45	0.24	0.31
ENSMUST00000227316.1|ENSMUSG00000002524|Puf60	338007.4	76070748	chr15:76070189-76072503	0.00	0.00	0.00	0.00	0.00	0.00	0.00	0.00	0.00	0.00	0.00	0.00
ENSMUST00000227605.1|ENSMUSG00000075590|Nrbp2	980.4	76090245	chr15:76085517-76090463	0.75	NA	1.00	1.00	NA	NA	NA	1.00	NA	1.00	NA	NA
ENSMUST00000054449.13|ENSMUSG00000022565|Plec	2305.7	76171261	chr15:76170973-76172172	0.92	0.98	0.77	0.76	0.90	1.00	1.00	0.81	0.87	0.95	1.00	1.00
ENSMUST00000170226.1|ENSMUSG00000063268|Parp10	57.0	76233136	chr15:76231173-76233304	0.03	0.03	0.03	0.03	0.08	0.04	0.01	0.02	0.03	0.03	NA	0.24
ENSMUST00000023225.7|ENSMUSG00000022564|Grina	15582.2	76249637	chr15:76249363-76249904	0.47	0.46	0.44	0.41	0.71	0.48	0.41	0.38	0.41	0.42	0.58	0.53
ENSMUST00000171192.1|ENSMUSG00000071724|Smpd5	61.6	76295984	chr15:76295710-76296252	0.55	NA	0.23	0.94	0.61	0.45	1.00	NA	0.56	0.91	NA	NA
ENSMUST00000230512.1|ENSMUSG00000034259|Exosc4	8170.3	76329645	chr15:76329058-76330673	0.49	0.41	0.56	0.51	0.38	0.34	0.31	0.59	0.51	0.53	0.29	0.36
ENSMUST00000229013.1|ENSMUSG00000022551|Cyc1	460563.7	76344969	chr15:76344426-76345153	0.00	0.00	0.00	0.00	0.00	0.00	0.00	0.00	0.00	0.00	0.00	0.00
ENSMUST00000230314.1|ENSMUSG00000022552|Sharpin	9994.1	76347481	chr15:76347039-76348089	0.49	0.46	0.36	0.42	0.80	0.55	0.39	0.45	0.48	0.46	0.51	0.50
ENSMUST00000160172.7|ENSMUSG00000022553|Maf1	10745.7	76354132	chr15:76353865-76354380	0.40	0.35	0.35	0.29	1.00	0.39	0.35	0.30	0.31	0.34	0.50	0.49
ENSMUST00000023213.7|ENSMUSG00000022554|Hgh1	79.9	76371017	chr15:76370681-76371437	0.56	0.71	0.64	0.60	0.75	0.37	0.60	0.56	0.47	0.36	0.62	0.44
ENSMUST00000023217.10|ENSMUSG00000022557|Bop1	589.2	76453076	chr15:76452988-76453227	0.25	0.24	0.07	0.30	0.35	0.35	0.22	0.27	0.26	0.30	0.37	0.31
ENSMUST00000043089.8|ENSMUSG00000034161|Scx	20.2	76459268	chr15:76459117-76459449	0.66	NA	NA	NA	0.17	0.53	NA	NA	0.23	NA	0.32	0.47
ENSMUST00000228757.1|ENSMUSG00000022556|Hsf1	5559.7	76498691	chr15:76497830-76501913	0.52	0.45	0.42	0.40	0.57	0.48	0.50	0.48	NA	NA	0.45	0.50
ENSMUST00000023214.10|ENSMUSG00000022555|Dgat1	300.6	76502087	chr15:76502014-76502238	0.32	0.19	0.20	0.19	0.51	0.23	0.16	0.10	0.19	0.13	NA	0.33
ENSMUST00000023220.9|ENSMUSG00000022560|Slc52a2	41.0	76541281	chr15:76541123-76544608	0.03	0.04	0.09	0.05	0.02	0.04	0.08	0.09	0.04	0.06	0.08	0.07
ENSMUST00000161732.7|ENSMUSG00000022550|Adck5	287.5	76593631	chr15:76593480-76595808	0.99	0.57	0.40	0.56	0.89	0.69	0.84	0.71	0.59	0.46	0.46	0.48
ENSMUST00000231042.1|ENSMUSG00000034022|Cpsf1	1725.1	76598802	chr15:76595805-76603345	0.61	0.61	0.56	0.53	NA	0.61	NA	0.62	0.55	0.63	NA	0.73
ENSMUST00000081291.12|ENSMUSG00000053929|Cyhr1	707.2	76645908	chr15:76643394-76646185	0.13	0.14	0.31	0.32	0.14	0.15	0.31	0.26	0.33	0.29	0.13	0.15
ENSMUST00000230964.1|ENSMUSG00000004187|Kifc2	458338.3	76662229	chr15:76661955-76668196	0.32	0.38	0.37	0.39	0.43	0.37	0.39	0.34	0.40	0.34	0.36	0.33
ENSMUST00000156920.1|ENSMUSG00000033819|Ppp1r16a	66592.5	76692000	chr15:76691750-76693513	0.33	0.29	0.27	0.30	0.26	0.28	0.32	0.28	0.30	0.33	0.28	0.28
ENSMUST00000229734.1|ENSMUSG00000022546|Gpt	500.4	76699166	chr15:76699015-76699575	0.80	0.49	0.26	0.63	0.27	0.47	0.60	0.46	NA	0.43	0.46	0.44
ENSMUST00000127208.7|ENSMUSG00000033728|Lrrc14	429.1	76714896	chr15:76714644-76717699	0.05	0.25	0.09	0.13	0.11	0.11	0.15	0.16	0.11	0.10	0.40	0.38
ENSMUST00000228990.1|ENSMUSG00000116138|C030006K11Rik	1241.2	76722125	chr15:76721466-76723387	0.89	1.00	1.00	1.00	NA	1.00	NA	1.00	NA	NA	0.80	0.77
ENSMUST00000036176.15|ENSMUSG00000033697|Arhgap39	31.9	76724333	chr15:76723984-76724984	NA	0.97	1.00	0.68	NA	NA	0.52	0.84	0.34	0.27	1.00	0.88
ENSMUST00000080406.6|ENSMUSG00000022526|Zfp251	73.3	76852105	chr15:76851608-76852995	1.00	0.86	0.59	0.89	0.62	1.00	0.50	0.66	0.69	0.69	1.00	1.00
ENSMUST00000230214.1|ENSMUSG00000116024|Gm49527	4254.1	76901039	chr15:76900362-76901283	0.71	0.92	0.82	0.78	0.79	0.76	0.89	1.00	0.74	0.55	0.83	0.78
ENSMUST00000068407.5|ENSMUSG00000055041|Commd5	471.6	76901227	chr15:76901076-76901305	0.48	0.54	0.42	0.46	0.51	0.63	0.53	0.52	0.67	0.52	0.53	0.54
ENSMUST00000229055.1|ENSMUSG00000054967|Zfp647	14.2	76910558	chr15:76910370-76910853	NA	NA	0.28	NA	NA	0.57	0.11	0.22	0.26	0.06	1.00	NA
ENSMUST00000229229.1|ENSMUSG00000063236|1110038F14Rik	1163.3	76950566	chr15:76950385-76950979	0.13	0.11	0.14	0.10	0.21	0.14	0.11	0.12	0.14	0.09	0.20	0.16
ENSMUST00000171751.9|ENSMUSG00000033565|Rbfox2	82.3	77082540	chr15:77078989-77084164	0.06	0.08	0.27	0.35	0.13	0.11	0.13	0.14	0.23	0.24	0.29	0.45
ENSMUST00000089465.5|ENSMUSG00000050014|Apol10b	19.3	77584479	chr15:77583818-77584973	0.18	0.25	0.15	0.21	0.43	NA	0.08	0.60	NA	NA	NA	NA
ENSMUST00000109775.3|ENSMUSG00000068246|Apol9b	19.9	77736148	chr15:77735935-77736382	NA	NA	0.15	NA	0.56	NA	0.40	0.30	NA	NA	0.80	NA
ENSMUST00000005860.15|ENSMUSG00000005716|Pvalb	246.2	78191517	chr15:78191113-78191668	0.15	0.18	0.11	0.19	0.05	0.27	0.24	0.37	0.41	NA	0.21	0.25
ENSMUST00000096356.4|ENSMUSG00000071714|Csf2rb2	99.6	78284168	chr15:78282506-78284319	NA	NA	NA	0.83	1.00	0.92	NA	NA	NA	0.89	NA	NA
ENSMUST00000230264.2|ENSMUSG00000071713|Csf2rb	91.4	78349442	chr15:78349182-78351001	NA	NA	0.42	0.19	0.52	0.45	0.13	0.61	0.28	0.46	NA	NA
ENSMUST00000043865.7|ENSMUSG00000071711|Mpst	12.6	78413825	chr15:78413674-78414013	NA	NA	0.10	0.14	NA	0.11	0.17	0.05	NA	0.12	0.13	0.11
ENSMUST00000166142.9|ENSMUSG00000033287|Kctd17	57119.0	78437776	chr15:78437625-78439303	1.00	1.00	1.00	0.97	1.00	1.00	1.00	1.00	1.00	0.98	1.00	1.00
ENSMUST00000229185.1|ENSMUSG00000022440|C1qtnf6	1995.9	78524957	chr15:78523347-78525179	NA	0.68	0.95	0.96	1.00	0.75	NA	0.71	0.82	0.85	NA	NA
ENSMUST00000229248.1|ENSMUSG00000018008|Cyth4	3780.6	78611597	chr15:78604890-78619118	0.20	NA	NA	0.31	0.22	0.28	NA	NA	0.27	0.35	NA	NA
ENSMUST00000018313.5|ENSMUSG00000018169|Mfng	572.2	78756145	chr15:78755881-78756580	0.48	0.52	0.45	0.43	0.95	0.57	0.22	0.41	0.39	0.39	0.38	0.61
ENSMUST00000164826.7|ENSMUSG00000033170|Card10	137.0	78776424	chr15:78775137-78776595	0.83	0.81	0.76	0.86	1.00	1.00	0.98	0.86	1.00	0.85	0.68	1.00
ENSMUST00000059619.2|ENSMUSG00000049521|Cdc42ep1	1031.4	78850523	chr15:78849928-78850897	0.59	0.62	0.57	0.65	1.00	0.76	0.62	0.52	0.70	0.67	0.86	0.76
ENSMUST00000230192.1|ENSMUSG00000033128|Gga1	8692.2	78891590	chr15:78891439-78894581	0.89	1.00	0.88	1.00	1.00	1.00	1.00	1.00	0.97	0.91	1.00	1.00
ENSMUST00000134703.7|ENSMUSG00000116069|Gm49510	8375.7	78918594	chr15:78918443-78919032	0.93	0.92	1.00	0.74	1.00	1.00	1.00	0.93	0.90	1.00	1.00	0.99
ENSMUST00000151146.7|ENSMUSG00000022436|Sh3bp1	1305.0	78908512	chr15:78904480-78912051	0.21	0.19	0.22	0.24	0.15	0.21	0.22	0.21	0.20	0.18	0.19	0.20
ENSMUST00000089378.4|ENSMUSG00000116165|Pdxp	10772.6	78919194	chr15:78918443-78919517	0.83	0.62	0.59	0.74	0.61	0.91	0.68	0.63	0.58	0.59	0.73	0.75
ENSMUST00000138880.8|ENSMUSG00000033099|Nol12	152.9	78940776	chr15:78940625-78943638	0.03	0.03	0.03	0.02	0.02	0.01	0.03	0.02	0.03	0.03	0.02	0.04
ENSMUST00000109690.10|ENSMUSG00000033088|Triobp	16116.0	79004751	chr15:79004600-79005869	1.00	NA	NA	1.00	NA	NA	NA	1.00	NA	1.00	NA	NA
ENSMUST00000180086.2|ENSMUSG00000096210|H1f0	4012.2	79030145	chr15:79029303-79030504	0.59	0.57	0.52	0.61	0.87	0.72	0.62	0.62	0.61	0.58	0.87	0.75
ENSMUST00000006544.8|ENSMUSG00000006378|Gcat	46.6	79037442	chr15:79037291-79038353	0.07	0.18	0.15	0.09	0.19	0.04	0.00	0.10	0.12	0.09	0.10	0.06
ENSMUST00000153003.2|ENSMUSG00000033055|Ankrd54	2148.0	79057859	chr15:79053909-79058010	0.27	0.31	0.25	0.23	0.32	0.22	0.26	0.20	0.23	0.28	0.29	0.22
ENSMUST00000229031.1|ENSMUSG00000033039|Micall1	345.0	79125674	chr15:79125350-79136896	0.39	0.38	0.31	0.34	0.26	0.48	NA	0.32	0.27	0.34	0.27	0.35
ENSMUST00000230532.1|ENSMUSG00000033006|Sox10	33.5	79155451	chr15:79154907-79155940	NA	0.71	0.55	0.39	0.86	0.74	NA	NA	0.71	0.58	1.00	0.75
ENSMUST00000163571.7|ENSMUSG00000068206|Pick1	112.8	79249244	chr15:79248989-79249484	0.43	0.48	0.52	0.30	0.55	0.66	0.39	0.47	0.43	0.45	0.38	0.50
ENSMUST00000165408.7|ENSMUSG00000018126|Baiap2l2	44.7	79258423	chr15:79258194-79258579	NA	NA	0.55	NA	NA	NA	NA	NA	0.33	0.21	NA	0.83
ENSMUST00000174021.7|ENSMUSG00000042632|Pla2g6	146.4	79286507	chr15:79286227-79286753	0.39	0.40	0.49	0.39	1.00	0.56	0.53	0.38	0.41	0.45	0.47	0.43
ENSMUST00000096350.10|ENSMUSG00000042622|Maff	478.5	79358003	chr15:79357852-79359076	1.00	NA	1.00	NA	1.00	NA	1.00	1.00	NA	NA	NA	NA
ENSMUST00000074991.9|ENSMUSG00000009035|Tmem184b	1643.3	79362495	chr15:79360683-79362646	1.00	1.00	1.00	1.00	1.00	1.00	1.00	0.97	0.97	1.00	1.00	1.00
ENSMUST00000117786.7|ENSMUSG00000022433|Csnk1e	1465.5	79419787	chr15:79417855-79419938	1.00	1.00	1.00	1.00	1.00	1.00	1.00	1.00	1.00	1.00	1.00	1.00
ENSMUST00000057801.7|ENSMUSG00000044216|Kcnj4	42.2	79484247	chr15:79483713-79484442	NA	0.13	NA	NA	NA	NA	0.39	NA	NA	NA	0.18	0.44
ENSMUST00000010974.8|ENSMUSG00000010830|Kdelr3	7128.7	79527471	chr15:79527109-79527739	0.65	0.46	0.36	0.43	0.89	0.55	0.41	0.34	0.52	0.44	0.11	NA
ENSMUST00000023064.8|ENSMUSG00000022428|Cby1	1487.2	79667394	chr15:79667065-79667660	0.51	0.51	0.39	0.42	0.51	0.48	0.36	0.46	0.51	0.44	0.56	0.59
ENSMUST00000023062.4|ENSMUSG00000022427|Tomm22	10666.3	79672658	chr15:79672288-79673400	0.08	0.08	0.07	0.06	0.15	0.09	0.07	0.06	0.08	0.07	0.11	0.11
ENSMUST00000023061.6|ENSMUSG00000022426|Josd1	751.1	79675837	chr15:79674250-79676082	1.00	0.98	0.89	0.86	1.00	1.00	1.00	1.00	1.00	0.79	1.00	0.82
ENSMUST00000231095.1|ENSMUSG00000042535|Gtpbp1	78.3	79713510	chr15:79713359-79716173	0.00	0.00	0.00	0.00	0.00	0.00	0.00	0.00	0.00	0.00	0.00	0.00
ENSMUST00000023055.7|ENSMUSG00000022420|Dnal4	588.5	79761771	chr15:79761452-79762363	0.63	0.56	0.47	0.58	0.92	0.73	0.49	0.55	0.71	0.65	0.78	0.93
ENSMUST00000023057.9|ENSMUSG00000022421|Nptxr	1466.2	79789543	chr15:79786350-79789694	0.67	0.92	0.93	0.89	0.73	1.00	0.95	1.00	1.00	0.70	0.87	0.92
ENSMUST00000109627.7|ENSMUSG00000089715|Cbx6	33336.7	79826335	chr15:79823895-79827982	0.18	0.19	0.13	0.13	0.39	0.20	0.18	0.16	0.13	0.15	0.20	0.16
ENSMUST00000177006.7|ENSMUSG00000009585|Apobec3	274.3	79898225	chr15:79897746-79907369	0.02	0.00	0.00	0.00	0.01	0.00	0.02	0.01	0.00	0.00	0.00	0.02
ENSMUST00000109616.8|ENSMUSG00000053411|Cbx7	338.0	79917457	chr15:79915806-79918321	1.00	0.97	0.99	0.97	1.00	0.87	1.00	0.98	0.60	0.83	1.00	1.00
ENSMUST00000000500.7|ENSMUSG00000000489|Pdgfb	3516.9	79997431	chr15:79995873-79997582	1.00	1.00	1.00	1.00	1.00	NA	1.00	1.00	NA	NA	1.00	1.00
ENSMUST00000187832.6|ENSMUSG00000060036|Rpl3	365216.9	80080885	chr15:80080416-80081036	0.04	0.04	0.04	0.04	0.04	0.04	0.04	0.04	0.04	0.04	0.04	0.04
ENSMUST00000009727.11|ENSMUSG00000022415|Syngr1	339.8	80116224	chr15:80116073-80119501	NA	0.95	1.00	1.00	0.47	1.00	NA	1.00	NA	0.87	1.00	1.00
ENSMUST00000023050.8|ENSMUSG00000022414|Tab1	174.2	80160542	chr15:80160278-80161707	0.77	0.59	1.00	0.98	1.00	0.96	1.00	0.82	1.00	1.00	1.00	1.00
ENSMUST00000044970.6|ENSMUSG00000042428|Mgat3	360.3	80212738	chr15:80212587-80215519	NA	NA	1.00	1.00	NA	1.00	1.00	1.00	1.00	1.00	1.00	1.00
ENSMUST00000228788.2|ENSMUSG00000022412|Mief1	230.7	80248566	chr15:80248415-80252786	1.00	1.00	1.00	1.00	1.00	1.00	NA	0.98	1.00	1.00	NA	1.00
ENSMUST00000067689.8|ENSMUSG00000047888|Tnrc6b	24.3	80929665	chr15:80929473-80941085	NA	0.14	0.19	0.15	0.03	NA	0.13	0.22	0.22	0.26	0.15	0.10
ENSMUST00000166711.7|ENSMUSG00000022407|Adsl	5325.3	80960635	chr15:80960484-80969119	0.16	0.15	0.13	0.14	0.11	0.16	0.17	0.16	0.16	0.15	0.12	0.13
ENSMUST00000134469.8|ENSMUSG00000042292|Mrtfa	62.4	81012908	chr15:81012280-81013287	0.57	0.48	0.60	0.47	0.83	NA	1.00	0.93	0.67	0.56	1.00	0.81
ENSMUST00000166855.2|ENSMUSG00000050164|Mchr1	15.9	81238614	chr15:81238109-81238964	0.69	0.26	NA	NA	NA	NA	0.80	0.09	NA	NA	0.43	0.42
ENSMUST00000230309.1|ENSMUSG00000022404|Slc25a17	285.5	81343966	chr15:81337943-81344117	0.23	NA	NA	NA	0.13	0.20	0.48	NA	NA	NA	0.15	0.19
ENSMUST00000172107.7|ENSMUSG00000022403|St13	2590.5	81365212	chr15:81363668-81365452	0.25	0.35	0.40	0.47	0.25	0.29	0.21	0.40	0.41	0.35	0.46	0.57
ENSMUST00000023036.6|ENSMUSG00000022400|Rbx1	11049.0	81475246	chr15:81475095-81476369	0.52	0.64	0.72	0.70	0.23	0.54	0.56	0.64	0.65	0.68	0.63	0.71
ENSMUST00000068387.10|ENSMUSG00000055024|Ep300	31.0	81651268	chr15:81650979-81652077	0.91	0.44	0.38	0.30	1.00	0.74	0.70	0.41	0.49	0.50	1.00	1.00
ENSMUST00000173598.7|ENSMUSG00000063765|Chadl	736.7	81681919	chr15:81678295-81692122	NA	0.00	NA	0.01	NA	NA	NA	NA	NA	NA	0.03	0.01
ENSMUST00000170134.8|ENSMUSG00000022391|Rangap1	955.7	81704735	chr15:81704247-81705191	0.57	0.54	0.54	0.50	0.88	0.55	0.53	0.59	0.64	0.52	0.57	0.63
ENSMUST00000109553.9|ENSMUSG00000022389|Tef	8006.6	81823829	chr15:81823678-81826863	1.00	1.00	1.00	0.83	1.00	1.00	1.00	0.95	0.88	1.00	1.00	0.98
ENSMUST00000050467.8|ENSMUSG00000048546|Tob2	881.3	81849901	chr15:81848271-81850731	0.49	0.42	0.41	0.44	1.00	0.55	0.74	0.44	0.45	0.42	0.54	0.41
ENSMUST00000023117.9|ENSMUSG00000061360|Phf5a	4229.5	81865486	chr15:81864519-81865805	0.04	0.04	0.04	0.04	0.10	0.04	0.04	0.04	0.05	0.03	0.06	0.05
ENSMUST00000023116.6|ENSMUSG00000022477|Aco2	51091.5	81914921	chr15:81914759-81915133	0.30	0.30	0.26	0.26	0.80	0.39	0.29	0.28	0.32	0.31	0.42	0.40
ENSMUST00000023113.6|ENSMUSG00000022476|Polr3h	3080.0	81916268	chr15:81915028-81916614	0.08	0.09	0.10	0.09	0.08	0.09	0.08	0.09	0.05	0.06	0.12	0.14
ENSMUST00000038757.7|ENSMUSG00000042109|Csdc2	1355.0	81949430	chr15:81949265-81950941	0.87	1.00	1.00	0.90	1.00	0.97	1.00	0.96	0.89	0.94	1.00	1.00
ENSMUST00000155781.1|ENSMUSG00000022474|Pmm1	213510.8	81951848	chr15:81951443-81951999	0.37	0.38	0.37	0.37	0.39	0.37	0.38	0.38	0.46	0.38	0.38	0.38
ENSMUST00000023110.6|ENSMUSG00000022472|Desi1	3180.7	82002432	chr15:81994657-82002583	0.17	0.17	0.21	0.16	0.18	0.18	0.21	0.20	0.16	0.17	0.16	0.15
ENSMUST00000080622.8|ENSMUSG00000063480|Snu13	12669.5	82041544	chr15:82040524-82042108	0.07	0.06	0.06	0.07	0.10	0.07	0.05	0.06	0.06	0.06	0.10	0.09
ENSMUST00000023100.7|ENSMUSG00000022463|Srebf2	103.9	82204395	chr15:82203914-82205379	0.71	0.72	0.76	0.74	NA	1.00	1.00	1.00	1.00	0.66	0.96	0.87
ENSMUST00000089157.10|ENSMUSG00000068101|Cenpm	192.7	82234207	chr15:82233778-82234371	0.16	0.27	0.20	0.19	0.13	0.19	0.18	0.17	0.11	0.13	0.43	0.33
ENSMUST00000143238.1|ENSMUSG00000068099|1500009C09Rik	537.9	82260180	chr15:82259782-82260753	0.32	0.33	0.44	0.34	0.78	0.51	0.35	0.33	0.50	0.22	0.50	0.48
ENSMUST00000239048.1|ENSMUSG00000022456|Septin3	76488.4	82291845	chr15:82290870-82294574	1.00	0.76	0.70	0.82	0.74	0.61	0.72	0.77	0.84	0.74	0.71	0.85
ENSMUST00000230139.1|ENSMUSG00000022453|Naga	11702.0	82334749	chr15:82330733-82334900	0.08	0.07	0.08	0.07	0.10	0.08	0.08	0.08	0.07	0.08	0.06	0.06
ENSMUST00000161178.1|ENSMUSG00000049687|Pheta2	97.0	82345112	chr15:82344058-82345743	NA	NA	0.79	0.85	NA	0.73	NA	0.72	0.77	0.84	NA	NA
ENSMUST00000161892.1|ENSMUSG00000022452|Smdt1	197822.3	82348084	chr15:82347933-82349091	0.03	0.03	0.03	0.03	0.03	0.03	0.03	0.04	0.03	0.03	0.02	0.02
ENSMUST00000023083.8|ENSMUSG00000061740|Cyp2d22	160.3	82370874	chr15:82370526-82371549	0.73	0.89	0.72	0.63	1.00	1.00	0.80	0.89	0.57	0.33	0.96	0.93
ENSMUST00000100377.11|ENSMUSG00000058099|Nfam1	147.6	83014914	chr15:82997797-83016397	NA	NA	0.08	0.06	0.04	0.08	NA	NA	0.07	0.07	NA	NA
ENSMUST00000018184.9|ENSMUSG00000018040|Rrp7a	3768.1	83116110	chr15:83113432-83116888	0.60	NA	NA	NA	0.44	0.45	0.08	0.08	NA	NA	NA	NA
ENSMUST00000058793.13|ENSMUSG00000041815|Poldip3	1807.6	83127732	chr15:83125975-83127883	1.00	1.00	1.00	0.92	1.00	1.00	1.00	1.00	0.92	0.86	1.00	1.00
ENSMUST00000049530.13|ENSMUSG00000047878|A4galt	4780.3	83227040	chr15:83226721-83227503	0.49	0.50	0.49	0.51	0.72	0.60	0.47	0.51	0.59	0.45	0.56	0.55
ENSMUST00000067215.8|ENSMUSG00000054277|Arfgap3	1065.1	83300070	chr15:83299738-83300687	0.58	0.56	0.53	0.45	0.84	0.43	0.52	0.54	0.45	0.51	0.42	0.62
ENSMUST00000171436.7|ENSMUSG00000016664|Pacsin2	1465.2	83376358	chr15:83375606-83377620	0.16	0.17	0.12	0.10	0.52	0.11	0.16	0.12	0.14	0.13	0.31	0.17
ENSMUST00000061882.9|ENSMUSG00000048755|Mcat	300.8	83547120	chr15:83546796-83547522	0.45	0.41	0.41	0.40	0.87	0.57	0.32	0.38	0.38	0.42	0.59	0.53
ENSMUST00000047419.7|ENSMUSG00000041736|Tspo	45420.1	83574106	chr15:83573955-83574203	0.21	0.20	0.20	0.22	0.27	0.24	0.19	0.19	0.20	0.14	0.25	0.40
ENSMUST00000136066.7|ENSMUSG00000016757|Ttll12	407.4	83580067	chr15:83575118-83586875	0.62	0.56	0.63	0.66	NA	0.71	0.60	0.64	0.62	0.47	NA	NA
ENSMUST00000043634.11|ENSMUSG00000016763|Scube1	4892.5	83606776	chr15:83605002-83607327	NA	0.08	0.12	0.10	0.15	0.10	0.09	0.07	0.11	0.12	NA	NA
ENSMUST00000123387.8|ENSMUSG00000041708|Mpped1	37415.8	83852273	chr15:83852122-83858494	NA	1.00	1.00	1.00	NA	1.00	1.00	1.00	NA	NA	1.00	1.00
ENSMUST00000023071.7|ENSMUSG00000022437|Samm50	175.4	84214319	chr15:84214168-84217267	0.21	0.23	0.39	0.36	0.05	0.13	0.35	0.35	0.13	0.38	0.30	0.37
ENSMUST00000163667.1|ENSMUSG00000022439|Parvg	194.0	84342503	chr15:84341445-84342978	NA	0.42	0.95	0.71	0.72	0.85	NA	1.00	0.95	0.86	0.97	0.62
ENSMUST00000069476.4|ENSMUSG00000055745|Rtl6	114.2	84556313	chr15:84553397-84556464	NA	1.00	1.00	1.00	NA	1.00	1.00	1.00	0.69	1.00	1.00	1.00
ENSMUST00000171460.7|ENSMUSG00000036106|Prr5	66.2	84703358	chr15:84703184-84703673	0.49	0.41	0.30	0.54	0.95	0.78	0.14	0.65	0.74	0.38	0.41	0.85
ENSMUST00000165443.3|ENSMUSG00000016619|Nup50	97.2	84940374	chr15:84939845-84942963	0.63	0.59	0.77	0.71	0.39	0.47	0.53	0.75	0.83	0.61	0.71	0.50
ENSMUST00000047144.12|ENSMUSG00000036046|5031439G07Rik	422.4	84948202	chr15:84943935-84949240	0.05	0.07	0.09	0.09	0.09	0.08	0.13	0.12	0.13	0.10	0.13	0.21
ENSMUST00000023069.8|ENSMUSG00000022434|Fam118a	252.3	85061716	chr15:85061548-85062830	0.87	0.87	0.93	0.90	1.00	1.00	0.73	1.00	0.92	0.71	0.99	0.69
ENSMUST00000057410.13|ENSMUSG00000006369|Fbln1	85339.3	85285459	chr15:85285176-85286535	0.16	0.10	0.10	0.08	0.18	0.12	0.09	0.10	0.10	0.09	0.26	0.11
ENSMUST00000109424.3|ENSMUSG00000022382|Wnt7b	175.8	85536701	chr15:85535436-85537391	0.78	0.89	1.00	1.00	0.96	0.87	NA	0.93	NA	NA	1.00	0.91
ENSMUST00000109422.7|ENSMUSG00000022383|Ppara	10.4	85801524	chr15:85801255-85802819	NA	0.05	0.06	0.21	NA	0.06	0.06	0.10	NA	NA	0.19	0.13
ENSMUST00000071876.12|ENSMUSG00000064284|Cdpf1	634.8	85807206	chr15:85806971-85807406	0.38	0.25	0.37	0.27	0.95	0.43	0.30	0.31	0.31	0.33	0.57	0.33
ENSMUST00000124011.1|ENSMUSG00000035944|Ttc38	33.1	85841620	chr15:85841469-85844481	0.00	0.00	0.00	0.00	0.00	0.00	0.00	0.00	0.00	0.00	NA	NA
ENSMUST00000231074.1|ENSMUSG00000022385|Gtse1	34.9	85876381	chr15:85876229-85876573	0.34	0.21	NA	NA	0.79	0.43	NA	NA	0.34	0.53	NA	NA
ENSMUST00000162339.7|ENSMUSG00000022386|Trmu	286.4	85892792	chr15:85892641-85896426	0.30	0.13	0.19	0.20	0.17	0.10	0.18	0.25	0.13	0.14	0.15	0.15
ENSMUST00000123349.1|ENSMUSG00000035900|Gramd4	459.4	86130657	chr15:86129640-86137631	0.47	0.43	0.51	0.50	0.38	0.74	0.53	0.50	0.53	0.58	0.47	0.63
ENSMUST00000044332.15|ENSMUSG00000035891|Cerk	548.1	86141391	chr15:86139128-86141560	0.78	1.00	1.00	1.00	0.80	0.74	1.00	1.00	1.00	1.00	1.00	0.87
ENSMUST00000063414.8|ENSMUSG00000051864|Tbc1d22a	219.7	86497089	chr15:86496938-86498503	0.93	1.00	1.00	1.00	1.00	0.88	1.00	0.99	0.88	1.00	1.00	0.97
ENSMUST00000068088.7|ENSMUSG00000054863|Tafa5	479.8	87758096	chr15:87757302-87759364	0.14	0.25	0.18	0.26	0.18	0.24	0.16	0.34	0.15	0.30	0.30	0.31
ENSMUST00000109381.8|ENSMUSG00000022387|Brd1	184.4	88687765	chr15:88687033-88688299	0.75	0.43	0.46	0.50	1.00	1.00	1.00	0.78	1.00	0.59	0.84	0.77
ENSMUST00000162183.7|ENSMUSG00000035845|Alg12	51.2	88805531	chr15:88805243-88805831	0.25	0.35	0.30	0.40	0.83	0.21	0.47	0.33	0.29	0.24	0.76	0.39
ENSMUST00000024042.4|ENSMUSG00000023272|Creld2	3542.6	88826584	chr15:88826433-88826683	0.28	0.23	0.33	0.22	0.30	0.41	0.22	0.28	0.23	0.23	0.39	0.21
ENSMUST00000042818.10|ENSMUSG00000035828|Pim3	4342.0	88865282	chr15:88864759-88865726	0.65	0.67	0.54	0.59	0.93	0.73	0.64	0.66	0.63	0.60	0.78	0.72
ENSMUST00000042594.12|ENSMUSG00000035805|Mlc1	2208.1	88956232	chr15:88955883-88957024	0.72	0.74	0.71	0.63	1.00	0.82	0.89	0.67	0.68	0.79	0.88	0.84
ENSMUST00000162424.1|ENSMUSG00000058441|Panx2	52.0	89070157	chr15:89069874-89070907	NA	1.00	0.79	0.75	NA	NA	0.85	1.00	NA	NA	0.87	0.89
ENSMUST00000169870.7|ENSMUSG00000015363|Trabd	3450.5	89082117	chr15:89081951-89087071	0.45	0.39	0.33	0.43	0.23	0.36	0.54	0.47	0.36	0.38	0.33	0.32
ENSMUST00000130700.7|ENSMUSG00000035757|Selenoo	2038.1	89095750	chr15:89095599-89098180	0.26	0.22	0.24	0.25	0.23	0.22	0.29	0.25	0.16	0.19	0.27	0.22
ENSMUST00000109353.8|ENSMUSG00000051786|Tubgcp6	2759.6	89099262	chr15:89098356-89100414	0.11	0.06	0.08	0.11	NA	NA	NA	0.09	0.05	0.11	0.08	0.10
ENSMUST00000109347.1|ENSMUSG00000062906|Hdac10	338.7	89123818	chr15:89123571-89123985	0.41	0.33	0.25	0.34	0.29	0.37	0.43	0.33	0.32	0.33	0.40	0.40
ENSMUST00000088827.7|ENSMUSG00000022610|Mapk12	170.3	89130827	chr15:89130583-89131141	0.42	0.30	0.24	0.32	0.67	0.45	0.26	0.45	0.75	0.63	0.52	0.67
ENSMUST00000088823.4|ENSMUSG00000053137|Mapk11	121.3	89143589	chr15:89142486-89143740	1.00	1.00	1.00	0.94	1.00	1.00	1.00	1.00	1.00	1.00	1.00	1.00
ENSMUST00000060808.9|ENSMUSG00000036606|Plxnb2	3186.3	89155828	chr15:89155548-89156283	0.63	0.65	0.50	0.56	1.00	0.80	0.52	0.46	0.56	0.49	0.93	0.55
ENSMUST00000124576.7|ENSMUSG00000036529|Sbf1	450.4	89299482	chr15:89288285-89305462	0.33	0.52	0.37	0.46	0.44	0.29	1.00	0.47	0.32	0.35	0.48	0.39
ENSMUST00000023283.5|ENSMUSG00000022614|Lmf2	2766.1	89351343	chr15:89351003-89351593	0.31	0.22	0.15	0.22	0.46	0.31	0.16	0.16	0.24	0.17	0.43	0.36
ENSMUST00000145259.7|ENSMUSG00000008690|Ncaph2	25244.6	89360529	chr15:89360378-89372826	0.48	0.50	0.53	0.50	0.22	0.40	0.75	0.57	0.51	0.53	0.28	0.29
ENSMUST00000023285.4|ENSMUSG00000022615|Tymp	10219.8	89373296	chr15:89371930-89373447	1.00	1.00	1.00	1.00	1.00	1.00	1.00	1.00	1.00	1.00	1.00	1.00
ENSMUST00000052315.12|ENSMUSG00000116461|Gm44502	696.0	89427323	chr15:89416404-89428620	0.05	0.06	0.10	0.07	0.11	0.08	0.04	0.09	0.07	0.06	0.04	0.08
ENSMUST00000171666.7|ENSMUSG00000022617|Chkb	2142.8	89426810	chr15:89426440-89427336	1.00	NA	1.00	0.90	1.00	1.00	0.92	0.89	0.93	0.94	NA	NA
ENSMUST00000023291.5|ENSMUSG00000022619|Mapk8ip2	704.4	89462273	chr15:89461708-89464468	0.17	0.13	0.12	0.10	0.08	0.13	0.25	0.23	NA	0.14	0.15	0.15
ENSMUST00000165199.7|ENSMUSG00000022620|Arsa	700.3	89472801	chr15:89472475-89473240	0.51	0.55	0.38	0.44	1.00	0.75	0.50	0.41	0.50	0.50	0.76	0.65
ENSMUST00000229559.1|ENSMUSG00000022623|Shank3	82.9	89549882	chr15:89543109-89558323	0.52	0.29	0.08	0.05	NA	NA	NA	0.01	NA	NA	0.03	0.03
ENSMUST00000171580.7|ENSMUSG00000022621|Rabl2	607.7	89584234	chr15:89583382-89584385	0.60	0.53	0.57	0.51	0.59	0.42	0.62	0.55	0.53	0.41	0.45	0.40
ENSMUST00000088649.10|ENSMUSG00000052560|Cpne8	34.8	90571859	chr15:90487481-90572010	0.02	0.01	0.01	0.01	0.02	0.01	0.01	0.01	0.01	0.01	0.01	0.01
ENSMUST00000109288.8|ENSMUSG00000022629|Kif21a	85.9	90933659	chr15:90933275-90934452	0.84	0.83	NA	0.89	NA	NA	0.91	0.72	NA	NA	0.76	0.84
ENSMUST00000069511.7|ENSMUSG00000055782|Abcd2	77.2	91147597	chr15:91145870-91148988	0.05	0.09	0.16	0.21	0.18	0.15	0.06	0.15	0.19	0.19	0.28	0.14
ENSMUST00000109283.1|ENSMUSG00000036298|Slc2a13	36.9	91272005	chr15:91267695-91272156	0.44	NA	0.68	NA	NA	0.65	NA	1.00	0.78	0.95	1.00	0.93
ENSMUST00000060642.6|ENSMUSG00000036273|Lrrk2	10.2	91815746	chr15:91815532-91816120	0.09	NA	0.10	NA	0.51	0.41	0.27	0.74	NA	NA	0.53	0.69
ENSMUST00000169825.7|ENSMUSG00000055022|Cntn1	329.6	92339896	chr15:92339586-92341967	1.00	0.78	0.43	0.51	0.56	0.68	0.81	0.79	0.42	NA	0.71	0.75
ENSMUST00000133736.1|ENSMUSG00000022634|Yaf2	55.9	93317405	chr15:93284280-93317556	0.02	0.01	0.03	0.04	0.10	0.02	0.02	0.01	0.02	0.03	0.00	0.00
ENSMUST00000161409.1|ENSMUSG00000022635|Zcrb1	7729.3	93391050	chr15:93387800-93391538	0.01	0.00	0.02	0.02	0.03	0.00	0.01	0.02	0.02	0.02	0.00	0.00
ENSMUST00000049122.15|ENSMUSG00000036167|Pphln1	281.3	93489548	chr15:93489165-93491510	0.84	1.00	1.00	0.75	0.79	0.78	1.00	0.99	0.94	0.82	1.00	1.00
ENSMUST00000109255.2|ENSMUSG00000036158|Prickle1	86.7	93499989	chr15:93499113-93500449	0.70	0.76	0.69	0.59	0.85	0.68	1.00	0.74	0.87	0.78	0.96	1.00
ENSMUST00000049151.3|ENSMUSG00000033356|Pus7l	23.4	94522930	chr15:94522687-94523321	0.40	0.27	0.18	0.33	NA	0.48	0.22	0.43	0.26	0.46	NA	0.13
ENSMUST00000109248.1|ENSMUSG00000059883|Irak4	2577.9	94580050	chr15:94579899-94581815	0.32	0.36	0.34	0.37	0.56	0.41	0.42	0.42	0.29	0.31	0.35	0.32
ENSMUST00000023087.12|ENSMUSG00000022451|Twf1	361.6	94579294	chr15:94577950-94579822	0.94	0.88	0.82	0.77	0.68	0.68	1.00	0.89	0.87	0.84	0.78	0.97
ENSMUST00000054244.6|ENSMUSG00000045608|Dbx2	820.5	95624511	chr15:95623562-95624693	0.09	0.10	0.12	0.12	0.14	0.09	0.13	0.14	0.06	NA	0.09	0.08
ENSMUST00000096250.4|ENSMUSG00000033237|Arid2	38.9	96402242	chr15:96402091-96404992	NA	NA	NA	NA	0.15	NA	0.96	0.62	NA	NA	0.42	0.24
ENSMUST00000088454.12|ENSMUSG00000023169|Slc38a1	43.6	96576462	chr15:96571417-96576713	0.26	0.23	0.11	0.18	0.15	0.10	0.11	0.40	0.14	0.20	0.12	0.20
ENSMUST00000023099.7|ENSMUSG00000022462|Slc38a2	21815.7	96689978	chr15:96687391-96690129	0.97	1.00	0.94	1.00	1.00	1.00	1.00	0.96	0.88	0.89	0.75	1.00
ENSMUST00000231039.1|ENSMUSG00000022464|Slc38a4	27.1	96996841	chr15:96994819-96996992	NA	NA	0.74	NA	0.35	0.73	0.54	0.85	0.70	0.93	NA	NA
ENSMUST00000229890.1|ENSMUSG00000048218|Amigo2	34.0	97244496	chr15:97244124-97244982	0.57	0.48	0.35	0.61	0.81	NA	NA	0.63	0.38	0.23	0.67	0.57
ENSMUST00000023104.6|ENSMUSG00000022466|Rpap3	694.5	97675145	chr15:97675096-97675296	0.25	0.21	0.12	0.16	0.16	0.31	0.22	0.12	0.28	NA	0.35	0.21
ENSMUST00000175894.7|ENSMUSG00000022469|Rapgef3	1819.9	97757178	chr15:97745284-97760031	0.43	0.38	0.36	0.39	0.42	0.42	0.92	0.45	NA	0.48	0.57	0.34
ENSMUST00000023119.14|ENSMUSG00000022479|Vdr	46.1	97855727	chr15:97854424-97857374	NA	NA	0.57	0.53	NA	NA	0.86	0.65	NA	NA	NA	NA
ENSMUST00000064200.8|ENSMUSG00000052369|Tmem106c	971.2	97970005	chr15:97969716-97970275	0.30	0.38	0.43	0.32	0.34	0.38	0.40	0.32	0.40	0.25	0.40	0.42
ENSMUST00000180716.7|ENSMUSG00000033075|Senp1	60.0	98076519	chr15:98041392-98076670	0.04	0.04	0.04	0.03	0.07	0.03	0.04	0.04	0.03	0.05	0.03	0.04
ENSMUST00000230445.1|ENSMUSG00000033065|Pfkm	2671.9	98132242	chr15:98132056-98132451	0.54	0.37	0.38	0.36	0.96	0.39	0.37	0.36	0.34	0.30	0.56	0.47
ENSMUST00000143400.7|ENSMUSG00000048175|Asb8	296.5	98135000	chr15:98134636-98135808	0.79	0.65	0.62	0.61	0.99	0.91	0.58	0.62	0.65	0.56	0.92	0.83
ENSMUST00000031914.5|ENSMUSG00000029875|Ccdc184	23.9	98169111	chr15:98168888-98170134	0.52	0.46	0.64	0.26	0.44	0.39	0.62	0.42	NA	NA	0.58	0.63
ENSMUST00000170618.7|ENSMUSG00000090129|Olfr287	35.8	98207184	chr15:98206970-98207416	0.21	0.40	0.17	0.31	0.43	0.47	0.20	0.26	NA	NA	0.46	0.54
ENSMUST00000231066.1|ENSMUSG00000022992|Kansl2	3411.6	98528862	chr15:98518819-98529412	0.10	0.09	0.08	0.09	0.10	0.07	0.08	0.08	0.07	0.09	0.08	0.08
ENSMUST00000228903.1|ENSMUSG00000022994|Adcy6	17.0	98598356	chr15:98591582-98598715	NA	NA	0.25	NA	NA	NA	NA	0.28	0.18	0.27	NA	NA
ENSMUST00000109150.8|ENSMUSG00000003352|Cacnb3	4259.0	98644240	chr15:98643568-98644529	0.58	0.61	0.52	0.57	1.00	0.67	0.62	0.51	0.61	0.47	0.75	0.75
ENSMUST00000003451.10|ENSMUSG00000054855|Rnd1	3390.9	98670016	chr15:98669204-98670599	0.09	0.10	0.11	0.09	0.21	0.11	0.09	0.08	0.09	0.14	0.13	0.14
ENSMUST00000053183.11|ENSMUSG00000051853|Arf3	259341.3	98737755	chr15:98736633-98740335	0.09	0.06	0.05	0.05	0.25	0.09	0.10	0.07	0.08	0.06	0.12	0.09
ENSMUST00000075444.7|ENSMUSG00000059213|Ddn	128828.9	98805128	chr15:98803776-98805279	1.00	1.00	1.00	1.00	1.00	1.00	1.00	1.00	1.00	1.00	1.00	1.00
ENSMUST00000168846.2|ENSMUSG00000067713|Prkag1	2292.5	98813089	chr15:98812796-98813375	0.49	0.56	0.50	0.42	1.00	0.53	0.38	0.39	0.46	0.44	0.57	0.46
ENSMUST00000229348.1|ENSMUSG00000023755|Rhebl1	34.8	98877968	chr15:98877777-98878207	0.63	NA	NA	NA	0.84	0.16	0.41	0.19	0.24	NA	0.34	0.56
ENSMUST00000023737.5|ENSMUSG00000023000|Dhh	15.9	98893154	chr15:98891151-98893937	0.11	0.10	NA	NA	0.12	0.21	NA	NA	NA	NA	NA	NA
ENSMUST00000023736.9|ENSMUSG00000022999|Lmbr1l	25.0	98904208	chr15:98903916-98904443	0.20	NA	0.39	0.23	1.00	NA	0.41	0.41	0.17	0.25	NA	0.55
ENSMUST00000097014.6|ENSMUSG00000072235|Tuba1a	1081878.9	98949885	chr15:98949836-98950036	0.26	0.26	0.24	0.18	0.24	0.26	0.20	0.19	0.23	0.22	0.28	0.28
ENSMUST00000063517.5|ENSMUSG00000051934|Spats2	204.2	99212973	chr15:99212358-99213215	0.77	0.46	0.46	0.51	1.00	0.63	0.47	0.58	0.58	0.59	0.75	0.83
ENSMUST00000041415.4|ENSMUSG00000037579|Kcnh3	3554.2	99242670	chr15:99242519-99242817	0.28	0.32	0.14	0.32	0.28	0.44	0.23	0.23	0.46	0.26	0.38	0.35
ENSMUST00000229399.1|ENSMUSG00000037570|Mcrs1	45284.5	99244559	chr15:99244358-99244710	0.09	0.00	0.01	0.01	0.07	0.00	0.01	0.02	0.00	0.01	0.00	0.01
ENSMUST00000140806.7|ENSMUSG00000023007|Prpf40b	750.0	99306599	chr15:99305562-99307077	0.13	0.00	0.02	0.02	0.00	0.00	0.20	0.00	0.00	0.02	0.00	0.00
ENSMUST00000023749.14|ENSMUSG00000023010|Tmbim6	35506.0	99408646	chr15:99408495-99410049	1.00	1.00	1.00	1.00	1.00	1.00	1.00	1.00	1.00	1.00	1.00	1.00
ENSMUST00000023747.13|ENSMUSG00000023009|Nckap5l	37.1	99422285	chr15:99422034-99422701	0.67	0.49	0.39	0.50	1.00	0.64	0.49	0.44	0.41	0.53	0.87	0.44
ENSMUST00000040313.5|ENSMUSG00000037525|Bcdin3d	34.6	99470282	chr15:99470078-99470461	0.31	0.27	0.37	0.31	0.42	0.57	0.31	0.28	0.20	0.18	0.61	0.23
ENSMUST00000023750.8|ENSMUSG00000023011|Faim2	1250.1	99498824	chr15:99497011-99500150	0.17	0.12	0.22	0.20	NA	0.13	0.07	0.17	0.13	NA	0.21	0.24
ENSMUST00000168065.7|ENSMUSG00000023015|Racgap1	1281.5	99631108	chr15:99628617-99634308	NA	NA	0.00	0.00	0.00	0.01	NA	0.00	0.00	0.11	0.00	0.00
ENSMUST00000023758.8|ENSMUSG00000023017|Asic1	35.5	99700039	chr15:99699135-99701128	NA	1.00	0.70	0.79	NA	0.51	0.71	0.46	NA	NA	0.62	0.62
ENSMUST00000023759.5|ENSMUSG00000023018|Smarcd1	1268.4	99712573	chr15:99712422-99713991	1.00	1.00	1.00	1.00	1.00	1.00	1.00	1.00	0.88	1.00	0.98	0.94
ENSMUST00000023760.12|ENSMUSG00000023019|Gpd1	283.1	99723435	chr15:99723284-99725005	1.00	1.00	1.00	1.00	0.80	1.00	1.00	1.00	0.90	1.00	1.00	1.00
ENSMUST00000023761.3|ENSMUSG00000023020|Cox14	4643.7	99727974	chr15:99727823-99729532	0.15	0.07	0.15	0.13	0.04	0.05	0.11	0.16	0.08	0.12	0.06	0.07
ENSMUST00000176248.7|ENSMUSG00000023021|Cers5	13461.8	99738554	chr15:99735310-99738705	0.65	0.73	0.63	0.68	0.60	0.68	0.70	0.64	0.59	0.56	0.70	0.75
ENSMUST00000109024.8|ENSMUSG00000023022|Lima1	1493.7	99779767	chr15:99778469-99780299	0.87	0.72	0.73	0.83	0.87	0.69	1.00	0.76	0.70	0.66	0.60	0.77
ENSMUST00000100203.9|ENSMUSG00000023026|Dip2b	43.3	100216547	chr15:100215427-100219473	NA	0.96	0.94	1.00	NA	NA	NA	1.00	0.56	0.88	1.00	1.00
ENSMUST00000168103.1|ENSMUSG00000023027|Atf1	352.2	100252243	chr15:100252092-100260123	0.08	0.08	0.09	0.08	0.07	0.08	0.07	0.10	0.08	0.08	0.10	0.07
ENSMUST00000231166.1|ENSMUSG00000054619|Mettl7a1	212.3	100305470	chr15:100305319-100313379	NA	0.00	0.00	0.01	NA	0.00	0.00	0.00	0.00	0.00	0.00	0.02
ENSMUST00000138843.7|ENSMUSG00000023030|Slc11a2	64.1	100395022	chr15:100392562-100395215	0.82	0.62	0.86	1.00	0.09	0.51	1.00	0.80	1.00	0.95	NA	1.00
ENSMUST00000229012.1|ENSMUSG00000037353|Letmd1	6104.0	100475654	chr15:100475034-100479163	0.40	0.31	0.35	0.33	0.35	0.32	0.40	0.32	0.34	0.34	0.36	0.31
ENSMUST00000061457.6|ENSMUSG00000044636|Csrnp2	27.7	100481655	chr15:100479569-100481806	1.00	0.67	0.77	0.64	0.51	1.00	NA	0.90	0.82	1.00	1.00	0.94
ENSMUST00000229696.1|ENSMUSG00000009733|Tfcp2	57.5	100503283	chr15:100502746-100504408	0.65	0.60	0.50	0.41	0.79	0.97	1.00	0.57	0.50	0.58	1.00	0.73
ENSMUST00000000356.9|ENSMUSG00000000346|Dazap2	18016.2	100620407	chr15:100619493-100620761	0.77	0.76	0.65	0.64	0.94	0.80	0.75	0.71	0.78	0.71	0.81	0.83
ENSMUST00000230280.1|ENSMUSG00000053559|Smagp	236.5	100621610	chr15:100621361-100621935	0.61	0.36	0.44	0.45	0.95	0.56	0.44	0.38	0.36	0.59	0.51	0.36
ENSMUST00000183211.7|ENSMUSG00000098112|Bin2	357.4	100641386	chr15:100641076-100641537	0.28	0.44	0.37	0.35	0.65	0.56	0.12	0.20	0.36	0.43	0.56	0.35
ENSMUST00000230572.1|ENSMUSG00000023031|Cela1	489.3	100674551	chr15:100674420-100674702	NA	0.38	0.09	0.13	0.31	0.28	0.18	0.20	0.29	0.18	0.30	0.46
ENSMUST00000159715.7|ENSMUSG00000037280|Galnt6	80.9	100693203	chr15:100691812-100693355	NA	NA	1.00	1.00	1.00	1.00	NA	NA	0.59	0.85	NA	NA
ENSMUST00000023776.12|ENSMUSG00000023032|Slc4a8	18.5	100816513	chr15:100815628-100823968	NA	0.13	NA	NA	NA	0.05	NA	NA	NA	NA	0.14	0.17
ENSMUST00000108909.8|ENSMUSG00000023033|Scn8a	32.6	101041536	chr15:101040685-101045938	NA	0.16	0.10	NA	NA	NA	0.18	0.17	NA	NA	0.27	0.25
ENSMUST00000000542.13|ENSMUSG00000000530|Acvrl1	1768.0	101144459	chr15:101143474-101145336	0.81	1.00	0.88	0.81	1.00	0.79	1.00	0.82	0.81	0.84	0.98	0.91
ENSMUST00000000543.5|ENSMUSG00000000531|Grasp	918.2	101232429	chr15:101232013-101232756	0.57	0.68	0.61	0.77	1.00	0.67	0.65	0.71	0.79	0.67	0.98	0.99
ENSMUST00000228985.1|ENSMUSG00000023034|Nr4a1	8221.2	101274513	chr15:101274249-101274795	0.42	0.42	0.32	0.32	0.63	0.51	0.33	0.35	0.39	0.38	0.56	0.45
ENSMUST00000048393.7|ENSMUSG00000037204|Atg101	892.0	101290820	chr15:101290669-101290945	0.21	0.33	0.17	0.24	0.35	0.33	0.22	0.17	0.26	0.27	0.31	0.31
ENSMUST00000023790.4|ENSMUSG00000046834|Krt1	53.3	101845658	chr15:101845425-101845902	NA	0.26	0.55	0.25	0.73	0.61	0.23	0.15	NA	NA	0.38	0.57
ENSMUST00000169681.2|ENSMUSG00000058655|Eif4b	724.8	102095481	chr15:102095330-102097173	1.00	1.00	1.00	1.00	1.00	1.00	1.00	1.00	1.00	1.00	1.00	1.00
ENSMUST00000169627.8|ENSMUSG00000037003|Tns2	995.7	102116173	chr15:102115993-102116401	0.43	0.38	0.39	0.40	0.59	0.54	0.36	0.30	0.37	0.33	0.24	0.34
ENSMUST00000154032.1|ENSMUSG00000036966|Spryd3	925.1	102116870	chr15:102116527-102117581	0.34	0.41	0.50	0.49	0.51	0.48	0.40	0.38	0.41	0.35	0.39	0.49
ENSMUST00000023807.6|ENSMUSG00000023046|Igfbp6	16251.6	102149450	chr15:102149299-102149511	0.26	0.25	0.28	0.19	0.39	0.28	0.19	0.15	0.32	0.19	0.27	0.30
ENSMUST00000230322.1|ENSMUSG00000023044|Csad	2268.6	102185997	chr15:102177593-102186402	NA	NA	0.25	0.24	NA	NA	0.29	0.27	0.25	0.27	NA	NA
ENSMUST00000119800.7|ENSMUSG00000046897|Zfp740	592.4	102212833	chr15:102212682-102215606	1.00	1.00	1.00	0.90	1.00	1.00	1.00	0.95	0.98	0.95	1.00	1.00
ENSMUST00000043172.14|ENSMUSG00000001288|Rarg	74.5	102235234	chr15:102234937-102236026	1.00	NA	0.93	0.55	1.00	0.56	1.00	0.80	0.56	0.83	1.00	NA
ENSMUST00000051341.5|ENSMUSG00000045665|Mfsd5	3810.9	102281695	chr15:102281544-102281754	0.19	0.28	0.16	0.10	0.27	0.30	0.22	0.26	0.14	0.13	0.28	0.24
ENSMUST00000001335.6|ENSMUSG00000001289|Pfdn5	37074.9	102328817	chr15:102328565-102331486	0.01	0.00	0.00	0.00	0.01	0.00	0.00	0.00	0.00	0.00	0.00	0.00
ENSMUST00000229900.1|ENSMUSG00000036678|Aaas	708.2	102344088	chr15:102339763-102346525	0.01	0.00	0.00	0.00	0.15	0.00	0.00	0.00	0.00	0.00	0.00	0.00
ENSMUST00000001326.6|ENSMUSG00000001280|Sp1	50.4	102432170	chr15:102431029-102436404	0.79	NA	NA	0.97	NA	NA	NA	1.00	NA	0.83	NA	NA
ENSMUST00000023810.11|ENSMUSG00000023048|Prr13	25290.2	102462499	chr15:102462212-102462806	0.35	0.37	0.31	0.29	0.82	0.50	0.29	0.30	0.31	0.31	0.55	0.51
ENSMUST00000077037.12|ENSMUSG00000056851|Pcbp2	2991.8	102498765	chr15:102498522-102500061	0.12	0.12	0.10	0.13	0.12	0.09	0.08	0.11	0.10	0.09	0.14	0.24
ENSMUST00000023812.9|ENSMUSG00000023050|Map3k12	12941.2	102498488	chr15:102497645-102500083	0.07	0.01	0.00	0.03	0.01	0.06	0.04	0.04	0.02	0.07	0.00	0.02
ENSMUST00000131184.7|ENSMUSG00000023051|Tarbp2	3960.0	102521285	chr15:102521134-102523674	0.58	0.55	0.49	0.67	0.54	0.58	0.69	0.51	0.63	0.56	0.63	0.58
ENSMUST00000183452.7|ENSMUSG00000099083|Atf7	291.8	102553753	chr15:102547774-102553904	0.07	0.06	0.05	0.05	0.05	0.04	0.05	0.06	0.05	0.05	0.03	0.04
ENSMUST00000229398.1|ENSMUSG00000023055|Calcoco1	1757.9	102717794	chr15:102711342-102717945	0.07	0.09	0.10	0.10	0.12	0.09	0.09	0.10	0.08	0.09	0.10	0.12
ENSMUST00000229377.1|ENSMUSG00000036061|Smug1	45.2	103155221	chr15:103153289-103155655	0.89	0.59	0.56	0.84	NA	1.00	0.65	0.83	0.61	0.87	0.57	0.84
ENSMUST00000118152.7|ENSMUSG00000009575|Cbx5	604.0	103198442	chr15:103191543-103199643	0.14	0.18	0.20	0.18	0.15	0.10	0.17	0.21	0.24	0.22	0.26	0.36
ENSMUST00000230171.1|ENSMUSG00000046434|Hnrnpa1	25087.1	103244827	chr15:103244011-103246692	0.02	0.02	0.01	0.01	0.05	0.02	0.02	0.01	0.01	0.01	0.03	0.02
ENSMUST00000079824.5|ENSMUSG00000063234|Gpr84	200.8	103308309	chr15:103308234-103308460	0.34	0.23	0.20	0.17	0.33	0.42	NA	NA	0.04	0.34	NA	NA
ENSMUST00000229373.1|ENSMUSG00000000552|Zfp385a	1043.2	103314232	chr15:103313894-103314997	NA	0.81	0.47	0.62	0.82	0.85	1.00	0.92	0.84	0.66	1.00	0.58
ENSMUST00000023133.7|ENSMUSG00000022490|Ppp1r1a	16292.2	103530795	chr15:103530278-103530946	0.52	0.41	0.47	0.43	0.41	0.37	0.39	0.45	0.44	0.47	0.35	0.34
