ENSMUST00000143537.8|ENSMUSG00000005982|Naa60	23252.6	3902135	chr16:3900754-3903749	0.07	0.06	0.03	0.00	0.16	0.00	0.12	0.02	0.03	0.04	0.02	0.01
ENSMUST00000006139.7|ENSMUSG00000005983|1700037C18Rik	1040.5	3897165	chr16:3895180-3897316	0.05	0.01	0.02	0.01	0.02	0.04	0.00	0.02	0.01	0.02	0.02	0.03
ENSMUST00000139294.1|ENSMUSG00000014232|Cluap1	329.7	3919564	chr16:3911535-3929867	0.25	0.23	0.24	0.25	0.38	0.31	0.29	0.24	0.30	NA	0.33	0.31
ENSMUST00000180200.7|ENSMUSG00000049871|Nlrc3	58.4	3945935	chr16:3945006-3947451	NA	NA	0.47	0.23	1.00	0.83	NA	NA	0.43	0.51	NA	NA
ENSMUST00000150354.2|ENSMUSG00000005981|Trap1	822.4	4060674	chr16:4056415-4060825	0.00	0.00	0.00	0.00	0.00	0.00	0.00	0.00	0.00	0.00	0.00	0.00
ENSMUST00000023165.8|ENSMUSG00000022521|Crebbp	210.3	4083043	chr16:4081327-4084050	0.91	NA	0.92	0.65	0.35	0.46	0.32	0.67	0.79	0.56	0.64	0.78
ENSMUST00000117801.7|ENSMUSG00000005580|Adcy9	38.6	4287749	chr16:4287528-4287900	0.32	NA	0.50	NA	NA	NA	0.24	0.24	NA	0.21	0.49	0.43
ENSMUST00000090500.9|ENSMUSG00000022519|Srl	16.5	4482201	chr16:4480215-4482475	NA	0.87	NA	NA	NA	0.45	NA	NA	NA	NA	0.75	1.00
ENSMUST00000014447.12|ENSMUSG00000014303|Glis2	81.5	4614324	chr16:4614173-4615957	1.00	1.00	1.00	1.00	0.63	0.99	1.00	1.00	1.00	1.00	NA	0.71
ENSMUST00000156889.7|ENSMUSG00000014301|Pam16	7530.3	4616722	chr16:4616463-4616873	0.70	0.74	0.70	0.70	0.66	0.82	0.69	0.75	0.53	0.65	0.79	0.75
ENSMUST00000038770.3|ENSMUSG00000039646|Vasn	1142.8	4650531	chr16:4650209-4650802	0.41	0.41	0.31	0.42	1.00	0.72	0.46	0.38	0.46	0.41	0.91	0.64
ENSMUST00000004172.14|ENSMUSG00000004070|Hmox2	775.0	4766253	chr16:4766102-4766742	0.45	0.46	0.41	0.49	0.48	0.40	0.35	0.53	0.41	0.49	0.55	0.60
ENSMUST00000004173.11|ENSMUSG00000004071|Cdip1	3641.7	4767489	chr16:4765460-4768540	0.25	0.22	0.27	0.32	0.45	0.32	0.37	0.27	0.33	0.31	0.19	0.20
ENSMUST00000037843.6|ENSMUSG00000039568|Ubald1	1570.8	4875366	chr16:4874777-4875521	0.76	0.66	0.56	0.54	0.92	0.73	0.64	0.62	0.65	0.54	0.84	0.90
ENSMUST00000070658.15|ENSMUSG00000022517|Mgrn1	28070.8	4934383	chr16:4934232-4938296	1.00	1.00	1.00	1.00	NA	1.00	1.00	1.00	NA	1.00	1.00	1.00
ENSMUST00000050881.9|ENSMUSG00000022516|Nudt16l1	57649.0	4939828	chr16:4939677-4941016	1.00	1.00	1.00	1.00	1.00	1.00	1.00	1.00	1.00	1.00	1.00	1.00
ENSMUST00000231036.1|ENSMUSG00000022515|Anks3	1831.3	4942100	chr16:4941435-4942251	1.00	1.00	1.00	1.00	1.00	1.00	1.00	1.00	1.00	1.00	NA	1.00
ENSMUST00000202281.3|ENSMUSG00000022540|Rogdi	1720.9	5008991	chr16:5008729-5009213	0.35	0.40	0.41	0.34	0.91	0.45	0.32	0.30	0.35	0.40	0.46	0.49
ENSMUST00000115844.2|ENSMUSG00000022536|Glyr1	1735.4	5015379	chr16:5013908-5015530	1.00	1.00	1.00	1.00	1.00	1.00	1.00	1.00	1.00	1.00	1.00	1.00
ENSMUST00000230703.1|ENSMUSG00000039473|Ubn1	188.7	5084253	chr16:5084102-5086289	1.00	0.95	1.00	1.00	1.00	0.83	1.00	1.00	1.00	1.00	1.00	1.00
ENSMUST00000147567.1|ENSMUSG00000023143|Nagpa	942.8	5195611	chr16:5195288-5195850	0.46	0.36	0.44	0.39	0.74	0.60	0.38	0.48	0.49	0.41	0.83	0.49
ENSMUST00000049207.8|ENSMUSG00000039427|Alg1	1265.9	5244774	chr16:5244623-5244912	0.30	0.29	0.32	0.21	0.44	0.31	0.42	0.36	0.21	0.24	0.63	0.43
ENSMUST00000064635.11|ENSMUSG00000022544|Eef2kmt	7901.2	5244440	chr16:5244151-5245269	0.11	0.05	0.09	0.03	0.06	0.14	0.18	0.15	0.10	0.09	0.07	0.16
ENSMUST00000056416.8|ENSMUSG00000008658|Rbfox1	236.9	7409961	chr16:7409810-7411526	0.12	0.74	1.00	0.97	0.77	0.92	NA	0.82	0.52	NA	0.37	0.46
ENSMUST00000065987.13|ENSMUSG00000057880|Abat	1046.5	8619039	chr16:8618623-8621568	0.93	1.00	0.97	0.92	1.00	0.89	1.00	0.88	0.86	0.90	1.00	0.92
ENSMUST00000052505.9|ENSMUSG00000043140|Tmem186	134.8	8634258	chr16:8633228-8635747	0.36	0.32	0.27	0.25	0.26	0.32	0.39	0.32	0.29	0.34	0.40	0.31
ENSMUST00000230828.1|ENSMUSG00000022711|Pmm2	15934.6	8655800	chr16:8655649-8662467	1.00	1.00	1.00	1.00	1.00	1.00	1.00	1.00	1.00	1.00	1.00	1.00
ENSMUST00000008537.9|ENSMUSG00000008393|Carhsp1	827.0	8660792	chr16:8658579-8660943	0.92	1.00	0.92	0.89	0.77	0.82	0.81	0.87	0.85	0.89	1.00	1.00
ENSMUST00000160326.7|ENSMUSG00000022710|Usp7	566.5	8709997	chr16:8689599-8710148	0.13	0.10	0.13	0.12	0.17	0.10	0.07	0.09	0.10	0.12	0.07	0.10
ENSMUST00000023150.6|ENSMUSG00000022507|1810013L24Rik	122.2	8856436	chr16:8856035-8858922	0.64	0.43	0.58	0.52	0.40	0.42	0.65	0.73	0.82	0.65	0.81	0.75
ENSMUST00000078357.4|ENSMUSG00000022505|Emp2	366.5	10283831	chr16:10281748-10284430	0.76	0.96	0.96	0.93	0.84	0.62	0.82	1.00	0.86	0.90	0.80	0.78
ENSMUST00000023146.4|ENSMUSG00000022503|Nubp1	142.4	10423447	chr16:10423296-10424428	0.44	0.52	0.55	0.53	0.31	0.36	0.30	0.59	0.65	0.70	0.51	0.57
ENSMUST00000128288.7|ENSMUSG00000050908|Tvp23a	382.9	10427000	chr16:10423243-10427468	NA	0.51	0.56	0.41	1.00	0.28	NA	0.82	1.00	0.80	0.30	0.34
ENSMUST00000184863.7|ENSMUSG00000038055|Dexi	754.3	10542254	chr16:10502530-10542405	0.02	0.01	0.02	0.02	0.02	0.02	0.02	0.02	0.02	0.02	0.02	0.02
ENSMUST00000229866.1|ENSMUSG00000038037|Socs1	246.5	10783999	chr16:10782239-10784235	0.06	0.02	0.07	0.04	0.06	0.03	0.05	0.04	0.04	0.05	0.05	0.07
ENSMUST00000023143.13|ENSMUSG00000022500|Litaf	42519.2	10960525	chr16:10959274-10960945	0.64	0.64	0.59	0.53	0.67	0.66	0.60	0.64	0.60	0.57	0.88	0.73
ENSMUST00000089011.5|ENSMUSG00000037972|Snn	621.1	11072829	chr16:11072582-11074985	0.51	0.42	0.67	0.52	1.00	0.62	0.88	0.65	0.59	0.73	0.50	0.49
ENSMUST00000147884.1|ENSMUSG00000022498|Txndc11	214.5	11128486	chr16:11105956-11128689	0.02	0.01	0.01	0.01	0.01	0.02	0.02	0.02	0.01	0.01	0.01	0.01
ENSMUST00000140755.7|ENSMUSG00000037965|Zc3h7a	24011.2	11143905	chr16:11140808-11152266	0.25	NA	0.06	0.05	NA	NA	0.04	0.03	NA	0.06	NA	NA
ENSMUST00000230232.1|ENSMUSG00000005846|Rsl1d1	1284.9	11201267	chr16:11199441-11201418	0.00	0.00	0.00	0.00	0.00	0.00	0.00	0.00	0.00	0.00	0.00	0.00
ENSMUST00000167571.7|ENSMUSG00000062203|Gspt1	555.3	11220537	chr16:11219291-11220829	0.10	0.13	0.15	0.11	0.11	0.10	0.06	0.10	0.13	0.13	0.19	0.33
ENSMUST00000096272.10|ENSMUSG00000065979|Cpped1	210.1	11805104	chr16:11803720-11805359	0.67	0.86	0.73	1.00	1.00	0.92	1.00	0.85	0.83	0.80	0.99	0.87
ENSMUST00000149359.1|ENSMUSG00000009569|Mrtfb	141.5	13412843	chr16:13412692-13417529	NA	NA	NA	NA	1.00	NA	NA	1.00	0.66	NA	1.00	1.00
ENSMUST00000127973.7|ENSMUSG00000022684|Bfar	1579.3	13692643	chr16:13692492-13699289	0.06	0.06	0.06	0.06	0.08	0.06	0.05	0.06	0.06	0.05	0.07	0.07
ENSMUST00000239037.1|ENSMUSG00000118559|A930007A09Rik	19.3	13756997	chr16:13756551-13758537	0.43	NA	NA	NA	0.53	NA	NA	NA	0.39	0.21	NA	NA
ENSMUST00000023363.7|ENSMUSG00000022682|Rrn3	337.8	13813618	chr16:13813269-13814839	0.83	0.96	0.91	0.99	1.00	0.99	1.00	0.69	1.00	0.93	1.00	0.89
ENSMUST00000023361.11|ENSMUSG00000022680|Pdxdc1	14902.9	13834665	chr16:13833147-13834816	0.14	0.12	0.15	0.17	0.15	0.09	0.14	0.13	0.18	0.17	0.08	0.11
ENSMUST00000118412.7|ENSMUSG00000044117|Bmerb1	3138.2	14096089	chr16:14095938-14100228	0.00	0.00	0.00	0.00	0.01	0.00	0.00	0.00	0.00	0.00	0.00	0.00
ENSMUST00000132316.7|ENSMUSG00000022678|Nde1	4222.8	14183653	chr16:14183502-14192918	0.09	0.08	0.08	0.10	0.08	0.08	0.10	0.09	0.08	0.09	0.08	0.08
ENSMUST00000120707.1|ENSMUSG00000022677|Fopnl	200.2	14304307	chr16:14299243-14304458	NA	0.00	NA	0.03	NA	0.00	0.06	0.00	NA	0.02	0.00	0.00
ENSMUST00000133454.7|ENSMUSG00000023088|Abcc1	130.8	14440147	chr16:14439996-14473902	0.25	0.17	0.14	0.16	0.16	0.14	0.30	0.18	0.23	0.21	NA	NA
ENSMUST00000023356.7|ENSMUSG00000022676|Snai2	210.4	14708973	chr16:14708293-14709385	0.53	NA	0.60	0.53	1.00	0.46	0.55	0.64	0.79	0.55	NA	NA
ENSMUST00000229859.1|ENSMUSG00000022674|Ube2v2	1769.7	15555856	chr16:15552076-15556399	0.07	0.06	0.11	0.10	0.07	0.06	0.05	0.10	0.10	0.11	0.09	0.13
ENSMUST00000023353.3|ENSMUSG00000022673|Mcm4	301.6	15624350	chr16:15623896-15624679	0.37	0.20	0.16	0.24	0.32	0.18	0.29	0.12	0.26	0.16	0.50	0.23
ENSMUST00000229680.1|ENSMUSG00000022671|Mzt2	945.5	15848517	chr16:15848445-15848668	0.30	0.31	0.24	0.21	0.24	0.34	0.11	0.27	0.20	0.24	0.26	0.20
ENSMUST00000096232.5|ENSMUSG00000071637|Cebpd	50973.7	15888288	chr16:15888128-15891031	0.03	0.03	0.03	0.02	0.04	0.04	0.02	0.03	0.03	0.03	0.09	0.06
ENSMUST00000040248.8|ENSMUSG00000041974|Spidr	88.3	15889481	chr16:15889223-15889632	0.76	0.42	0.56	0.48	1.00	0.76	0.85	0.72	0.55	0.69	0.45	1.00
ENSMUST00000023477.14|ENSMUSG00000022789|Dnm1l	253.2	16313715	chr16:16312229-16313989	0.75	0.84	0.89	0.78	0.70	0.90	1.00	0.84	0.83	0.85	0.95	0.82
ENSMUST00000161861.7|ENSMUSG00000022788|Fgd4	11.6	16422166	chr16:16416916-16422565	0.04	0.05	0.53	0.32	0.08	0.13	0.06	0.19	0.34	0.25	NA	0.24
ENSMUST00000027373.11|ENSMUSG00000026181|Ppm1f	572.2	16924558	chr16:16924019-16927364	0.86	1.00	1.00	1.00	1.00	1.00	1.00	1.00	0.80	0.87	1.00	0.90
ENSMUST00000069107.13|ENSMUSG00000063358|Mapk1	12560.8	17038800	chr16:17038427-17047453	0.70	0.58	0.96	0.86	0.42	0.40	0.40	0.83	1.00	0.94	1.00	1.00
ENSMUST00000231394.1|ENSMUSG00000022773|Ypel1	368.4	17086166	chr16:17084599-17087045	NA	0.22	0.12	0.17	0.41	0.33	0.62	0.36	0.10	0.31	0.28	0.35
ENSMUST00000231451.1|ENSMUSG00000022771|Ppil2	14478.5	17092684	chr16:17088650-17093018	0.44	0.38	0.32	0.40	0.36	0.30	0.37	0.34	0.33	0.34	0.35	0.33
ENSMUST00000023453.9|ENSMUSG00000022769|Sdf2l1	13578.7	17130358	chr16:17130137-17130509	0.34	0.28	0.30	0.28	0.51	0.36	0.26	0.28	0.30	0.27	0.40	0.39
ENSMUST00000164950.10|ENSMUSG00000055692|Tmem191c	8642.5	17278402	chr16:17278173-17278661	0.42	0.34	0.20	0.32	0.74	0.38	0.28	0.40	0.35	0.46	0.47	0.41
ENSMUST00000231651.1|ENSMUSG00000041720|Pi4ka	57.7	17318279	chr16:17308218-17318550	0.08	0.06	0.12	0.12	0.09	0.08	NA	0.12	0.08	0.08	0.10	0.09
ENSMUST00000023450.14|ENSMUSG00000022766|Serpind1	78.2	17343344	chr16:17343041-17343575	NA	NA	0.42	0.41	0.12	0.53	0.35	0.40	NA	0.17	NA	NA
ENSMUST00000023449.10|ENSMUSG00000022765|Snap29	60.1	17429061	chr16:17428297-17430827	0.18	0.24	0.44	0.49	0.59	0.41	0.22	0.58	0.53	0.54	NA	NA
ENSMUST00000006293.4|ENSMUSG00000006134|Crkl	154.7	17484088	chr16:17483792-17487434	0.59	0.58	0.48	0.39	0.43	0.48	0.38	0.53	0.45	0.53	0.51	0.49
ENSMUST00000115685.9|ENSMUSG00000022763|Aifm3	172.9	17507314	chr16:17507163-17507485	0.53	0.23	0.38	0.19	0.49	0.55	0.54	0.31	NA	0.14	0.42	0.46
ENSMUST00000231994.1|ENSMUSG00000022761|Lztr1	10985.4	17524457	chr16:17519365-17526333	0.03	0.00	0.00	0.00	0.08	0.00	0.00	0.01	0.00	0.00	0.00	0.00
ENSMUST00000232114.1|ENSMUSG00000022760|Thap7	10684.7	17530141	chr16:17528185-17530292	0.61	0.67	0.82	0.73	0.58	0.60	0.72	0.78	0.74	0.72	0.59	0.51
ENSMUST00000172164.9|ENSMUSG00000022756|Slc7a4	66.0	17573080	chr16:17572017-17573279	NA	0.09	0.05	0.05	0.05	0.07	0.01	0.07	0.03	0.06	0.07	0.10
ENSMUST00000231627.1|ENSMUSG00000005899|Smpd4	123.5	17626953	chr16:17625967-17642803	0.13	0.12	0.13	0.18	0.08	0.08	NA	0.11	0.12	0.15	NA	NA
ENSMUST00000182368.7|ENSMUSG00000041617|Ccdc74a	2931.9	17648357	chr16:17648206-17649241	NA	1.00	NA	NA	NA	1.00	NA	1.00	NA	NA	1.00	1.00
ENSMUST00000232236.1|ENSMUSG00000012114|Med15	517.7	17651858	chr16:17651220-17652202	0.80	0.74	0.62	0.64	0.82	0.71	0.58	0.66	0.57	0.63	0.72	0.83
ENSMUST00000120488.2|ENSMUSG00000022750|Klhl22	926.1	17793096	chr16:17792788-17793382	0.54	0.46	0.30	0.42	0.99	0.68	0.35	0.35	0.45	0.36	0.57	0.58
ENSMUST00000232577.1|ENSMUSG00000012017|Scarf2	126231.5	17806681	chr16:17806530-17808290	NA	NA	1.00	1.00	NA	NA	1.00	1.00	1.00	1.00	NA	1.00
ENSMUST00000231909.1|ENSMUSG00000116652|B830017H08Rik	46.8	17834743	chr16:17834367-17835008	NA	0.39	0.36	0.38	NA	0.70	0.30	0.32	NA	NA	0.63	0.61
ENSMUST00000117945.7|ENSMUSG00000003166|Dgcr2	657.6	17841974	chr16:17840354-17842523	0.81	0.82	0.98	0.88	1.00	0.93	1.00	0.99	0.87	0.85	0.80	0.89
ENSMUST00000232423.1|ENSMUSG00000003527|Ess2	94.6	17901881	chr16:17900708-17902046	0.57	0.53	0.52	0.46	0.29	0.46	0.42	0.35	0.37	0.39	0.50	0.40
ENSMUST00000003622.15|ENSMUSG00000003528|Slc25a1	2781.7	17925511	chr16:17925222-17925815	0.49	0.52	0.42	0.41	1.00	0.72	0.44	0.45	0.55	0.50	0.75	0.67
ENSMUST00000155387.7|ENSMUSG00000003531|Dgcr6	28490.4	18071178	chr16:18070958-18071632	0.15	0.13	0.10	0.12	0.22	0.15	0.09	0.10	0.11	0.10	0.17	0.15
ENSMUST00000141635.7|ENSMUSG00000003526|Prodh	648.0	18077366	chr16:18072125-18077517	0.12	0.12	0.12	0.17	0.18	0.11	0.16	0.13	0.13	0.09	0.12	0.11
ENSMUST00000076957.6|ENSMUSG00000060166|Zdhhc8	566.6	18222494	chr16:18220752-18223208	0.15	0.27	0.22	0.20	0.23	0.41	0.15	0.23	0.11	0.07	1.00	1.00
ENSMUST00000115645.9|ENSMUSG00000005732|Ranbp1	38131.6	18239938	chr16:18239783-18240089	0.21	0.24	0.20	0.15	0.39	0.29	0.20	0.17	0.17	0.20	0.27	0.28
ENSMUST00000232144.1|ENSMUSG00000116925|Gm49776	16827.6	18255373	chr16:18245214-18255524	1.00	1.00	0.94	1.00	1.00	1.00	1.00	1.00	1.00	0.94	1.00	1.00
ENSMUST00000140206.7|ENSMUSG00000022721|Trmt2a	117.2	18253473	chr16:18253322-18254772	0.14	0.31	0.30	0.62	0.06	0.24	NA	0.35	0.64	0.71	0.50	0.30
ENSMUST00000009321.10|ENSMUSG00000022718|Dgcr8	51.9	18255187	chr16:18253947-18255524	0.67	1.00	0.37	0.65	0.66	0.75	0.48	0.48	0.53	0.61	1.00	0.48
ENSMUST00000128580.7|ENSMUSG00000013539|Tango2	8634.1	18303682	chr16:18300824-18303853	0.15	0.12	0.14	0.12	0.10	0.10	0.13	0.12	0.11	0.12	0.11	0.12
ENSMUST00000165430.7|ENSMUSG00000000326|Comt	11439.2	18407644	chr16:18406885-18407839	0.12	0.10	0.10	0.10	0.20	0.14	0.08	0.10	0.10	0.09	0.14	0.13
ENSMUST00000115605.7|ENSMUSG00000075704|Txnrd2	19.0	18477857	chr16:18477673-18479071	0.01	0.00	0.00	0.00	0.00	0.00	0.00	0.00	0.00	0.00	0.00	0.00
ENSMUST00000000904.14|ENSMUSG00000000884|Gnb1l	52.6	18548286	chr16:18548135-18564542	0.06	0.04	0.05	0.04	0.05	0.06	0.05	0.06	0.04	0.04	0.06	NA
ENSMUST00000232143.1|ENSMUSG00000009097|Tbx1	1271.6	18582723	chr16:18581803-18585113	0.14	0.00	0.00	0.09	0.00	NA	0.56	0.02	NA	0.00	0.05	0.00
ENSMUST00000167388.2|ENSMUSG00000050761|Gp1bb	148.4	18620573	chr16:18620316-18620724	NA	0.32	0.24	0.19	0.18	0.05	0.35	0.28	NA	NA	0.27	0.30
ENSMUST00000231335.1|ENSMUSG00000116594|Gm49601	142.7	18620706	chr16:18620465-18621317	NA	0.82	0.66	0.58	NA	1.00	0.52	0.53	NA	0.50	1.00	0.86
ENSMUST00000232653.1|ENSMUSG00000072214|Septin5	22045.2	18621927	chr16:18620501-18622742	0.09	0.11	0.15	0.18	0.16	0.13	0.33	0.11	0.18	0.13	0.11	0.11
ENSMUST00000043577.2|ENSMUSG00000041378|Cldn5	181657.5	18777999	chr16:18777649-18778262	0.44	0.42	0.38	0.35	0.88	0.49	0.39	0.33	0.40	0.38	0.57	0.56
ENSMUST00000172013.8|ENSMUSG00000005262|Ufd1	4966.9	18818084	chr16:18817933-18827714	0.08	0.08	0.09	0.08	0.07	0.09	0.08	0.09	0.07	0.07	0.07	0.07
ENSMUST00000055413.12|ENSMUSG00000071632|2510002D24Rik	381.5	18839652	chr16:18839212-18840160	0.22	0.34	0.29	0.20	0.47	0.24	0.24	0.24	0.17	0.27	0.27	0.24
ENSMUST00000190050.1|ENSMUSG00000099908|Gm28539	57.0	18896625	chr16:18896474-18956247	NA	0.06	0.10	0.06	NA	0.07	NA	0.08	NA	0.06	0.08	0.07
ENSMUST00000023391.15|ENSMUSG00000022706|Mrpl40	1071.4	18872189	chr16:18872017-18872340	0.20	0.24	0.15	0.27	0.44	0.20	0.18	0.24	0.23	0.33	0.32	0.25
ENSMUST00000153397.7|ENSMUSG00000022702|Hira	83.7	18896659	chr16:18896508-18935080	NA	0.09	NA	0.10	NA	0.12	NA	0.12	NA	NA	0.14	0.12
ENSMUST00000164397.7|ENSMUSG00000022686|B3gnt5	26.4	19771281	chr16:19770160-19772753	NA	0.52	0.51	0.59	0.91	0.46	NA	0.76	0.49	0.86	NA	NA
ENSMUST00000058839.9|ENSMUSG00000043008|Klhl6	253.7	19946751	chr16:19946495-19946993	0.39	0.37	0.25	0.45	1.00	0.48	0.37	0.30	0.40	0.41	0.33	0.95
ENSMUST00000023509.4|ENSMUSG00000062901|Klhl24	77.1	20125270	chr16:20123103-20129221	0.12	0.21	0.29	0.36	0.40	0.32	0.31	0.26	0.31	0.38	0.46	0.56
ENSMUST00000232338.1|ENSMUSG00000041215|Yeats2	46.4	20211749	chr16:20211570-20231322	0.09	0.07	0.04	0.06	0.04	NA	NA	0.06	0.05	0.04	NA	NA
ENSMUST00000040880.8|ENSMUSG00000041205|Map6d1	124.6	20235765	chr16:20233302-20235964	0.53	0.70	0.89	0.72	0.46	0.79	0.59	0.76	0.43	0.56	1.00	1.00
ENSMUST00000148714.1|ENSMUSG00000003235|Eif2b5	1765.6	20509133	chr16:20508982-20509323	0.31	0.32	0.24	0.40	0.84	0.37	0.29	0.32	0.35	0.27	0.54	0.46
ENSMUST00000171572.8|ENSMUSG00000003233|Dvl3	318.6	20532463	chr16:20532312-20534010	0.94	0.78	1.00	0.59	1.00	0.71	1.00	0.86	0.66	0.81	1.00	1.00
ENSMUST00000007216.8|ENSMUSG00000022841|Ap2m1	125071.1	20543770	chr16:20543442-20544909	0.05	0.05	0.04	0.04	0.09	0.05	0.04	0.04	0.05	0.04	0.06	0.06
ENSMUST00000003319.5|ENSMUSG00000003234|Abcf3	498.1	20560704	chr16:20560512-20561379	0.23	0.19	0.29	0.19	0.23	0.24	0.20	0.24	0.24	0.23	0.19	0.13
ENSMUST00000149236.7|ENSMUSG00000046613|Vwa5b2	395.2	20597624	chr16:20597235-20598462	NA	0.25	NA	NA	NA	NA	NA	0.29	NA	NA	0.31	0.20
ENSMUST00000231362.1|ENSMUSG00000033809|Alg3	6118.2	20608485	chr16:20605373-20608764	0.31	0.27	0.27	0.36	0.31	0.32	0.39	0.29	0.30	0.29	0.36	0.28
ENSMUST00000120394.7|ENSMUSG00000115293|Gm49333	68.5	20645609	chr16:20645233-20645920	0.42	0.47	0.45	0.50	NA	0.90	0.64	0.50	0.49	0.59	0.51	1.00
ENSMUST00000052939.2|ENSMUSG00000051146|Camk2n2	4943.8	20619962	chr16:20619214-20620175	0.85	0.65	0.51	0.63	1.00	0.73	0.89	0.68	0.86	0.52	0.73	0.76
ENSMUST00000172207.7|ENSMUSG00000006998|Psmd2	126181.1	20660426	chr16:20652196-20663414	0.02	0.00	0.00	0.00	0.00	0.00	0.00	0.00	0.01	0.00	0.00	0.00
ENSMUST00000156226.7|ENSMUSG00000045983|Eif4g1	7669.8	20682239	chr16:20675433-20692884	0.67	0.64	0.56	0.55	0.89	0.66	0.86	0.62	0.45	0.49	0.99	0.77
ENSMUST00000056518.12|ENSMUSG00000050821|Fam131a	734.5	20702167	chr16:20701881-20703048	0.48	0.50	0.66	0.50	0.97	0.57	0.55	0.48	0.41	0.56	0.51	0.53
ENSMUST00000131522.7|ENSMUSG00000022843|Clcn2	425.2	20707173	chr16:20705537-20709291	0.00	0.00	0.00	0.00	0.00	0.01	0.00	0.01	0.03	0.00	0.13	0.00
ENSMUST00000231656.1|ENSMUSG00000021018|Polr2h	584.8	20722092	chr16:20721941-20722265	0.39	0.37	0.41	0.37	0.37	0.37	0.36	0.30	0.30	0.36	0.48	0.34
ENSMUST00000006112.6|ENSMUSG00000005958|Ephb3	47.0	21222983	chr16:21222513-21223304	NA	0.47	0.33	0.36	NA	0.59	NA	0.54	0.54	0.35	1.00	0.65
ENSMUST00000023559.6|ENSMUSG00000022853|Ehhadh	19.6	21761738	chr16:21761286-21762086	0.84	0.83	0.56	0.47	0.46	0.41	0.64	0.69	0.85	0.24	0.49	NA
ENSMUST00000232635.1|ENSMUSG00000022856|Tmem41a	689.5	21937885	chr16:21934326-21938036	0.08	0.08	0.08	0.07	0.07	0.07	0.08	0.09	0.07	0.08	0.07	0.07
ENSMUST00000100052.10|ENSMUSG00000033581|Igf2bp2	57.0	22059919	chr16:22059008-22060795	NA	NA	0.31	0.38	NA	0.24	0.04	0.47	0.38	0.30	NA	NA
ENSMUST00000162413.8|ENSMUSG00000022858|Tra2b	7717.5	22250864	chr16:22246461-22259183	0.58	NA	0.70	0.71	0.36	0.64	0.72	0.78	NA	NA	0.53	NA
ENSMUST00000170803.1|ENSMUSG00000013089|Etv5	143.2	22386660	chr16:22383578-22386811	0.00	0.00	0.00	0.00	0.07	0.00	0.00	0.00	0.01	0.00	0.01	0.00
ENSMUST00000166487.9|ENSMUSG00000004460|Dnajb11	1658.9	22872105	chr16:22871732-22879634	0.01	0.01	0.01	0.01	0.01	0.01	0.01	0.01	0.01	0.01	0.01	0.01
ENSMUST00000160243.1|ENSMUSG00000060459|Kng2	729.3	23003868	chr16:22987388-23004019	NA	NA	0.06	0.06	0.04	0.07	0.06	0.05	0.06	0.05	NA	NA
ENSMUST00000039492.13|ENSMUSG00000022875|Kng1	12.1	23081724	chr16:23081573-23082078	NA	NA	0.41	0.27	NA	NA	0.24	0.30	NA	NA	NA	NA
ENSMUST00000147117.7|ENSMUSG00000022884|Eif4a2	28742.2	23110343	chr16:23110064-23114136	0.61	0.40	0.40	0.36	0.51	0.32	0.46	0.43	0.33	0.36	0.34	0.31
ENSMUST00000178797.7|ENSMUSG00000022885|St6gal1	1118.3	23358018	chr16:23357867-23360350	1.00	1.00	1.00	1.00	1.00	1.00	1.00	1.00	0.87	1.00	1.00	0.70
ENSMUST00000209422.1|ENSMUSG00000033355|Rtp4	1479.7	23613617	chr16:23613466-23614222	0.10	0.15	0.17	0.14	0.15	0.12	0.13	0.14	0.25	0.22	0.18	0.13
ENSMUST00000023151.5|ENSMUSG00000022508|Bcl6	123.2	23965337	chr16:23965051-23966127	NA	1.00	1.00	0.37	0.48	0.60	1.00	0.78	0.14	0.89	1.00	NA
ENSMUST00000038053.13|ENSMUSG00000033306|Lpp	165.7	24980767	chr16:24979318-24992578	0.19	0.16	0.14	0.15	0.29	0.13	0.31	0.21	0.12	0.14	0.19	NA
ENSMUST00000039990.5|ENSMUSG00000038168|P3h2	29.1	25960209	chr16:25959287-25960360	NA	NA	1.00	1.00	NA	0.84	NA	0.58	0.60	NA	0.51	NA
ENSMUST00000023154.2|ENSMUSG00000022512|Cldn1	26.1	26358889	chr16:26356641-26359040	NA	NA	0.91	0.99	0.47	NA	NA	1.00	NA	NA	NA	NA
ENSMUST00000100026.9|ENSMUSG00000038127|Ccdc50	176.6	27446910	chr16:27446264-27452218	0.33	0.38	0.36	0.47	0.52	0.19	0.16	0.42	0.41	0.40	0.26	0.50
ENSMUST00000100024.2|ENSMUSG00000022523|Fgf12	120.5	28162210	chr16:28160097-28162419	0.20	0.38	0.77	0.40	NA	0.40	0.58	0.50	NA	NA	0.45	0.59
ENSMUST00000100023.2|ENSMUSG00000051065|Mb21d2	39.6	28827584	chr16:28826175-28827747	NA	1.00	0.61	NA	NA	1.00	1.00	0.79	NA	1.00	0.86	1.00
ENSMUST00000089824.10|ENSMUSG00000022525|Plaat1	86.0	29228585	chr16:29228231-29230531	NA	NA	NA	NA	NA	0.85	NA	0.76	NA	NA	0.90	0.83
ENSMUST00000023171.7|ENSMUSG00000022528|Hes1	3105.7	30067576	chr16:30067425-30067796	0.39	0.45	0.34	0.31	0.79	0.40	0.31	0.30	0.34	0.23	0.45	0.25
ENSMUST00000064606.7|ENSMUSG00000052316|Lrrc15	54.5	30272631	chr16:30269301-30272782	NA	NA	NA	NA	0.71	1.00	NA	NA	0.79	1.00	NA	NA
ENSMUST00000061350.12|ENSMUSG00000022533|Atp13a3	62.3	30315555	chr16:30312422-30315706	1.00	0.67	1.00	1.00	1.00	0.45	NA	1.00	0.76	1.00	NA	0.60
ENSMUST00000089775.10|ENSMUSG00000022537|Tmem44	1384.3	30537453	chr16:30511854-30549423	0.18	0.15	0.17	0.14	0.12	0.13	NA	0.15	NA	0.15	0.14	0.13
ENSMUST00000117363.8|ENSMUSG00000022538|Lsg1	58.9	30561528	chr16:30560493-30561685	0.03	0.03	0.05	0.02	0.10	0.03	0.07	0.03	0.04	0.04	0.12	0.16
ENSMUST00000059078.3|ENSMUSG00000046546|Fam43a	1881.2	30602325	chr16:30601871-30602797	0.44	0.49	0.42	0.39	0.95	0.68	0.48	0.40	0.45	0.33	0.62	0.80
ENSMUST00000055389.8|ENSMUSG00000047434|Xxylt1	252.4	30955854	chr16:30955143-30957340	0.61	0.85	0.68	0.60	1.00	1.00	0.75	0.71	0.58	0.47	0.55	0.69
ENSMUST00000230698.1|ENSMUSG00000049076|Acap2	137.7	31139435	chr16:31092411-31139586	0.04	0.04	0.04	0.06	0.10	0.03	0.02	0.03	0.05	0.04	0.02	0.03
ENSMUST00000060188.13|ENSMUSG00000047714|Ppp1r2	24015.4	31253497	chr16:31251536-31254689	0.10	0.10	0.11	0.11	0.08	0.07	0.07	0.12	0.11	0.11	0.09	0.12
ENSMUST00000130560.7|ENSMUSG00000022548|Apod	6567416.9	31297192	chr16:31296191-31297343	0.11	0.10	0.11	0.11	0.06	0.12	0.08	0.10	0.15	0.16	0.06	0.06
ENSMUST00000132176.7|ENSMUSG00000022770|Dlg1	237.0	31838253	chr16:31838102-31873349	0.04	0.03	0.03	0.03	0.11	0.03	0.04	0.04	0.02	0.03	0.03	0.02
ENSMUST00000202722.1|ENSMUSG00000107002|0610012G03Rik	9083.2	31947904	chr16:31947049-31948163	0.11	0.09	0.09	0.08	0.11	0.11	0.11	0.13	0.08	0.10	0.10	0.11
ENSMUST00000023460.6|ENSMUSG00000022774|Ncbp2	1943.3	31957906	chr16:31957007-31958472	0.30	0.29	0.25	0.32	0.79	0.39	0.17	0.21	0.26	0.26	0.45	0.49
ENSMUST00000023467.8|ENSMUSG00000022781|Pak2	273.5	32018065	chr16:32016289-32020182	0.21	0.20	0.24	0.28	0.41	0.13	0.15	0.25	0.18	0.24	0.40	0.30
ENSMUST00000115168.8|ENSMUSG00000035790|Cep19	295.7	32107734	chr16:32107264-32108069	0.70	0.49	0.70	0.77	0.52	0.59	0.47	0.58	0.49	0.54	0.63	0.60
ENSMUST00000099991.10|ENSMUSG00000052384|Nrros	1198.1	32142883	chr16:32142784-32143034	0.18	0.06	0.10	0.30	0.29	0.18	0.11	0.12	0.06	0.16	NA	NA
ENSMUST00000042732.5|ENSMUSG00000035764|Fbxo45	209.8	32231714	chr16:32230111-32233085	0.40	0.62	0.77	0.83	1.00	0.61	0.41	0.62	0.89	0.77	0.57	0.48
ENSMUST00000171474.1|ENSMUSG00000014074|Rnf168	39.3	32299812	chr16:32299323-32301434	0.43	1.00	0.32	0.36	0.64	0.61	0.42	0.44	0.38	0.35	1.00	0.56
ENSMUST00000115151.4|ENSMUSG00000053774|Ubxn7	25.6	32386541	chr16:32384932-32393747	0.02	0.04	0.04	0.03	0.03	0.02	0.01	0.05	0.03	0.02	0.03	0.11
ENSMUST00000079791.10|ENSMUSG00000005615|Pcyt1a	339.5	32471787	chr16:32471500-32475070	0.48	0.42	0.48	0.51	0.60	0.34	0.25	0.61	0.57	0.52	0.35	0.51
ENSMUST00000023486.14|ENSMUSG00000022797|Tfrc	93.0	32631142	chr16:32630333-32632794	1.00	0.86	1.00	1.00	1.00	0.85	NA	1.00	NA	1.00	1.00	1.00
ENSMUST00000238799.1|ENSMUSG00000022791|Tnk2	72.8	32671633	chr16:32670800-32675716	0.00	0.00	0.00	0.01	NA	0.00	0.00	0.00	0.02	0.00	0.00	0.00
ENSMUST00000115105.8|ENSMUSG00000035629|Rubcn	195.1	32823819	chr16:32821702-32823970	1.00	1.00	1.00	1.00	1.00	1.00	1.00	1.00	1.00	1.00	1.00	1.00
ENSMUST00000023489.10|ENSMUSG00000022800|Fyttd1	987.9	32907763	chr16:32905627-32908875	0.14	0.19	0.15	0.15	0.24	0.21	0.25	0.21	0.18	0.17	0.22	0.25
ENSMUST00000164486.7|ENSMUSG00000022801|Lrch3	114.1	32955464	chr16:32955313-32973924	0.03	0.03	0.03	0.04	0.03	0.03	0.03	0.03	0.04	0.04	0.03	0.03
ENSMUST00000039733.9|ENSMUSG00000022807|Osbpl11	122.6	33242281	chr16:33241795-33243312	0.54	1.00	0.66	0.50	1.00	1.00	0.81	0.80	0.53	0.63	1.00	1.00
ENSMUST00000165418.8|ENSMUSG00000022811|Zfp148	54.6	33498326	chr16:33497341-33504363	0.14	0.17	0.21	0.21	0.21	0.18	0.14	0.25	0.16	0.21	0.22	0.28
ENSMUST00000152782.7|ENSMUSG00000075254|Heg1	617.9	33766958	chr16:33766807-33771576	1.00	1.00	1.00	0.94	1.00	1.00	1.00	1.00	0.76	0.75	NA	1.00
ENSMUST00000115028.10|ENSMUSG00000022817|Itgb5	84196.3	33948973	chr16:33948749-33949338	0.18	0.15	0.16	0.18	0.29	0.21	0.17	0.18	0.18	0.18	0.23	0.19
ENSMUST00000131990.1|ENSMUSG00000022814|Umps	1487.4	33961568	chr16:33954793-33962225	0.11	0.10	0.12	0.10	0.10	0.12	0.11	0.14	0.11	0.11	0.11	0.14
ENSMUST00000114973.8|ENSMUSG00000061751|Kalrn	19.7	33975286	chr16:33969072-33975518	NA	0.09	NA	0.13	NA	0.11	NA	0.05	NA	NA	0.11	0.14
ENSMUST00000061156.9|ENSMUSG00000035376|Hacd2	94.9	35106545	chr16:35106394-35109177	0.39	0.73	0.65	0.61	0.13	0.23	0.00	0.66	0.28	0.38	0.27	0.48
ENSMUST00000114913.2|ENSMUSG00000022840|Adcy5	444.0	35304215	chr16:35303738-35305738	NA	0.62	0.60	0.54	0.25	0.44	0.44	0.51	0.36	0.29	0.47	0.54
ENSMUST00000154064.2|ENSMUSG00000034473|Sec22a	191.5	35318716	chr16:35314063-35318867	0.00	0.00	0.00	0.00	0.01	0.00	0.00	0.00	0.00	0.00	0.00	0.00
ENSMUST00000149892.1|ENSMUSG00000022848|Slc49a4	1310.4	35735385	chr16:35697547-35735649	0.02	0.02	0.01	0.01	0.02	0.02	0.01	0.02	0.01	0.02	0.02	0.02
ENSMUST00000023555.5|ENSMUSG00000022849|Hspbap1	104.3	35817412	chr16:35817261-35828477	0.21	0.16	0.24	0.21	0.40	0.13	0.34	0.23	0.31	0.29	NA	NA
ENSMUST00000042665.8|ENSMUSG00000034422|Parp14	209.9	35834497	chr16:35832873-35834648	0.71	NA	1.00	1.00	0.80	NA	1.00	1.00	1.00	NA	NA	NA
ENSMUST00000081933.13|ENSMUSG00000049502|Dtx3l	100.8	35928384	chr16:35926510-35929301	0.53	0.71	0.72	0.74	1.00	0.83	0.93	0.68	0.85	0.80	NA	0.71
ENSMUST00000042203.9|ENSMUSG00000034379|Wdr5b	14.4	36042757	chr16:36042496-36043928	0.33	0.39	0.37	0.40	0.59	0.27	0.41	0.26	0.29	0.40	NA	NA
ENSMUST00000004057.8|ENSMUSG00000003955|Fam162a	5282.9	36043850	chr16:36043760-36044001	0.02	0.00	0.09	0.10	0.01	0.04	0.03	0.02	0.02	0.00	0.01	0.01
ENSMUST00000164916.8|ENSMUSG00000075229|Ccdc58	274.0	36092032	chr16:36091881-36092120	0.20	0.15	0.18	0.15	0.31	0.22	0.30	0.17	0.27	0.10	0.28	0.36
ENSMUST00000089620.10|ENSMUSG00000022901|Cd86	540.3	36606405	chr16:36603868-36606556	NA	NA	NA	NA	1.00	1.00	NA	NA	1.00	1.00	NA	NA
ENSMUST00000165380.7|ENSMUSG00000022899|Slc15a2	297.0	36756049	chr16:36751777-36757835	NA	NA	0.70	0.72	NA	NA	NA	0.63	NA	NA	NA	0.63
ENSMUST00000114812.8|ENSMUSG00000034243|Golgb1	174.1	36932105	chr16:36931954-36933085	1.00	NA	0.91	1.00	1.00	1.00	1.00	1.00	1.00	1.00	NA	0.92
ENSMUST00000164050.7|ENSMUSG00000022831|Hcls1	341.3	36957423	chr16:36955292-36961530	0.01	0.00	0.00	0.00	0.00	0.00	0.00	0.00	0.00	0.00	NA	NA
ENSMUST00000023525.8|ENSMUSG00000022828|Gtf2e1	100.2	37511240	chr16:37509789-37511391	1.00	1.00	0.84	1.00	1.00	1.00	1.00	0.93	0.98	0.76	1.00	0.92
ENSMUST00000130028.1|ENSMUSG00000022827|Rabl3	27.9	37563823	chr16:37563672-37572382	0.03	0.03	0.02	0.02	0.03	0.02	0.03	0.02	0.03	0.03	0.03	0.04
ENSMUST00000023514.3|ENSMUSG00000022820|Ndufb4	1328.6	37647508	chr16:37647169-37647659	0.11	0.00	0.32	0.35	0.00	0.05	0.31	0.15	0.36	0.12	0.15	0.10
ENSMUST00000114763.2|ENSMUSG00000022816|Fstl1	66155.9	37835503	chr16:37833923-37836514	0.60	0.64	0.71	0.68	0.76	0.59	0.81	0.71	0.62	0.62	0.55	0.63
ENSMUST00000078717.6|ENSMUSG00000034158|Lrrc58	6561.5	37883998	chr16:37881459-37888858	0.63	0.42	0.27	0.25	0.89	0.44	0.17	0.41	0.27	0.36	0.29	0.38
ENSMUST00000023507.12|ENSMUSG00000022812|Gsk3b	283.8	38240717	chr16:38240566-38246084	0.29	0.39	0.29	0.31	0.19	0.32	0.99	0.45	0.37	0.36	0.72	0.36
ENSMUST00000050273.8|ENSMUSG00000046516|Cox17	1124.4	38349473	chr16:38349322-38352763	0.25	0.01	NA	NA	0.08	0.05	0.04	NA	NA	NA	0.00	0.01
ENSMUST00000119704.1|ENSMUSG00000095464|Gm21987	1720.5	38352755	chr16:38349322-38362297	0.00	0.00	NA	NA	0.00	0.00	0.05	NA	NA	NA	0.01	0.05
ENSMUST00000002926.7|ENSMUSG00000002847|Pla1a	7319.1	38396302	chr16:38396116-38396453	0.21	0.31	0.33	0.27	0.64	0.55	0.30	0.25	0.27	0.30	NA	NA
ENSMUST00000002923.9|ENSMUSG00000002844|Adprh	3282.0	38445541	chr16:38444029-38445692	0.06	0.03	0.05	0.04	0.04	0.04	0.05	0.05	0.04	0.04	0.04	0.05
ENSMUST00000002925.5|ENSMUSG00000002846|Timmdc1	18.0	38498784	chr16:38498346-38498935	NA	0.54	0.62	0.17	NA	0.49	0.31	NA	0.39	NA	NA	NA
ENSMUST00000036210.6|ENSMUSG00000034064|Poglut1	417.7	38525639	chr16:38525136-38526627	0.91	0.83	0.93	0.91	0.63	0.62	0.96	0.85	1.00	0.91	1.00	0.97
ENSMUST00000171687.7|ENSMUSG00000002845|Tmem39a	81.7	38591293	chr16:38591142-38592162	0.16	0.18	0.23	0.23	0.11	0.14	0.17	0.14	0.21	0.22	NA	NA
ENSMUST00000023487.4|ENSMUSG00000022799|Arhgap31	475.1	38601169	chr16:38598339-38601427	1.00	1.00	0.94	1.00	0.80	0.90	1.00	1.00	1.00	0.87	0.83	0.85
ENSMUST00000154902.1|ENSMUSG00000022793|B4galt4	6705.2	38766068	chr16:38765917-38768848	0.29	0.22	0.23	0.24	0.25	0.25	0.25	0.22	0.25	0.25	0.27	0.30
ENSMUST00000099761.9|ENSMUSG00000061080|Lsamp	26.4	42175486	chr16:42174239-42181679	0.19	0.06	NA	0.30	0.23	0.19	NA	0.07	NA	NA	0.24	0.28
ENSMUST00000102817.4|ENSMUSG00000047261|Gap43	29302.2	42248731	chr16:42248441-42249031	0.28	0.31	0.28	0.25	0.57	0.43	0.24	0.28	0.16	0.32	0.39	0.33
ENSMUST00000114694.8|ENSMUSG00000022708|Zbtb20	996.6	43618943	chr16:43618741-43642602	0.05	0.07	0.09	0.10	0.07	0.10	0.15	0.09	0.07	0.09	0.09	0.06
ENSMUST00000114666.8|ENSMUSG00000052459|Atp6v1a	3122.3	44086512	chr16:44085401-44087426	0.68	0.53	0.40	0.42	0.91	0.38	0.43	0.52	0.43	0.56	0.47	0.55
ENSMUST00000161326.7|ENSMUSG00000022698|Naa50	2096.0	44160563	chr16:44159637-44163366	0.27	0.30	0.29	0.29	0.33	0.29	0.37	0.36	0.37	0.31	0.33	0.35
ENSMUST00000050897.6|ENSMUSG00000043065|Spice1	17.9	44387142	chr16:44386836-44388497	NA	NA	0.02	0.12	0.03	NA	NA	0.07	0.11	0.01	NA	NA
ENSMUST00000114634.2|ENSMUSG00000022687|Boc	303.7	44485265	chr16:44485048-44485614	0.72	0.53	0.49	0.42	1.00	0.50	0.52	0.42	0.49	0.47	NA	NA
ENSMUST00000162512.7|ENSMUSG00000022668|Gtpbp8	69.7	44739083	chr16:44736767-44739301	0.64	0.48	0.55	0.88	0.69	0.30	0.58	0.73	0.96	0.95	0.93	1.00
ENSMUST00000114626.3|ENSMUSG00000062082|Cd200r4	79.9	44838867	chr16:44838428-44839150	NA	NA	0.41	0.74	0.76	0.49	NA	NA	0.62	0.31	NA	NA
ENSMUST00000099498.9|ENSMUSG00000022665|Ccdc80	1457.9	45127658	chr16:45127507-45128077	NA	0.24	0.10	0.08	0.15	0.07	0.09	0.08	0.13	0.15	0.00	NA
ENSMUST00000023344.9|ENSMUSG00000022664|Slc35a5	342.3	45141073	chr16:45139572-45142149	0.09	0.13	0.10	0.14	0.05	0.15	0.07	0.06	0.13	0.12	0.25	0.19
ENSMUST00000023343.3|ENSMUSG00000022663|Atg3	640.4	45187889	chr16:45187738-45188538	0.07	0.01	0.10	0.07	0.05	0.04	0.26	0.25	0.07	0.12	0.04	0.07
ENSMUST00000163230.7|ENSMUSG00000022661|Cd200	708.3	45392097	chr16:45382134-45392248	0.04	0.01	0.04	0.04	0.05	NA	0.18	0.01	0.01	0.02	NA	NA
ENSMUST00000096057.4|ENSMUSG00000022658|Tagln3	16497.5	45711412	chr16:45711229-45711570	0.42	0.38	0.29	0.28	0.69	0.45	0.35	0.31	0.25	0.35	0.47	0.51
ENSMUST00000128348.2|ENSMUSG00000033157|Abhd10	312.7	45736892	chr16:45731550-45737597	0.02	0.01	0.06	0.03	0.09	0.02	0.02	0.10	0.02	0.01	0.01	0.03
ENSMUST00000036355.12|ENSMUSG00000033149|Phldb2	222.5	45747380	chr16:45746242-45747793	0.48	0.94	0.45	0.59	1.00	0.94	0.80	0.67	0.60	0.59	NA	0.89
ENSMUST00000059524.6|ENSMUSG00000048087|Gm4737	374.1	46153522	chr16:46152984-46153716	0.38	0.36	0.38	0.21	0.61	0.35	0.31	0.21	0.25	0.26	0.36	0.37
ENSMUST00000023335.12|ENSMUSG00000022656|Nectin3	5.3	46394453	chr16:46387705-46395098	0.07	0.01	NA	0.03	NA	0.05	NA	0.04	NA	NA	0.08	0.06
ENSMUST00000121869.7|ENSMUSG00000064061|Dzip3	19.5	48925797	chr16:48924231-48925994	0.54	NA	1.00	NA	NA	NA	NA	1.00	NA	0.89	NA	NA
ENSMUST00000168680.1|ENSMUSG00000092009|Myh15	17.6	49198777	chr16:49198539-49199104	1.00	0.93	NA	NA	NA	0.63	0.54	NA	NA	NA	0.77	1.00
ENSMUST00000046777.10|ENSMUSG00000032965|Ift57	69.2	49764068	chr16:49763917-49765126	0.02	0.01	0.07	0.02	0.01	0.03	0.00	0.01	0.00	0.00	0.08	0.11
ENSMUST00000084838.13|ENSMUSG00000055447|Cd47	4812.3	49911443	chr16:49910874-49915010	0.03	0.02	0.02	0.02	0.05	0.03	0.03	0.02	0.03	0.02	0.03	0.03
ENSMUST00000138166.7|ENSMUSG00000022641|Bbx	16.1	50196940	chr16:50191843-50197561	0.24	0.08	0.41	0.41	NA	0.31	0.22	0.21	0.31	0.35	NA	0.15
ENSMUST00000114471.2|ENSMUSG00000022637|Cblb	25.0	52205225	chr16:52204689-52208048	0.48	0.45	0.44	0.34	NA	0.28	0.53	0.49	0.32	0.48	NA	1.00
ENSMUST00000023312.13|ENSMUSG00000022636|Alcam	3659.2	52253000	chr16:52248995-52253151	1.00	1.00	1.00	1.00	1.00	1.00	1.00	1.00	1.00	1.00	1.00	NA
ENSMUST00000114458.7|ENSMUSG00000035356|Nfkbiz	1744.8	55812581	chr16:55811374-55812732	1.00	1.00	0.72	0.72	1.00	1.00	0.80	0.77	0.75	0.88	NA	NA
ENSMUST00000050248.8|ENSMUSG00000022601|Zbtb11	31.8	56007663	chr16:56007322-56008913	0.95	1.00	0.86	0.87	1.00	1.00	0.40	0.48	0.72	0.77	1.00	1.00
ENSMUST00000119981.7|ENSMUSG00000071533|Pcnp	1302.9	56015692	chr16:56007244-56017193	0.00	0.00	0.00	0.00	0.01	0.01	0.01	0.00	0.00	0.00	0.01	0.01
ENSMUST00000059052.8|ENSMUSG00000044763|Trmt10c	40.2	56033858	chr16:56032608-56034028	0.04	0.04	0.11	0.05	0.04	0.07	0.05	0.01	0.12	0.04	0.03	0.02
ENSMUST00000096012.10|ENSMUSG00000035258|Abi3bp	56.9	56689329	chr16:56689046-56690135	NA	NA	0.61	0.76	NA	NA	1.00	0.99	0.78	1.00	NA	NA
ENSMUST00000023435.5|ENSMUSG00000022754|Tmem45a	139.1	56806463	chr16:56805160-56806685	0.05	0.15	0.05	0.09	0.04	0.05	0.03	0.07	0.05	0.06	NA	NA
ENSMUST00000166897.2|ENSMUSG00000022752|Tomm70a	493.8	57154368	chr16:57152733-57156705	0.07	0.12	0.10	0.11	0.10	0.06	0.09	0.07	0.06	0.09	0.08	0.08
ENSMUST00000231934.1|ENSMUSG00000022751|Nit2	1647.3	57159417	chr16:57157033-57160109	0.01	0.00	0.02	0.01	0.00	0.00	0.00	0.00	0.00	0.01	0.00	0.00
ENSMUST00000228172.1|ENSMUSG00000022749|Tbc1d23	91.3	57212319	chr16:57198349-57212470	0.06	0.05	0.05	0.04	0.05	0.04	0.03	0.04	0.04	0.04	0.03	0.05
ENSMUST00000114371.4|ENSMUSG00000022748|Cmss1	78.2	57302050	chr16:57301999-57302201	0.24	0.27	NA	0.01	0.18	0.27	0.40	0.08	NA	NA	0.02	0.00
ENSMUST00000089332.4|ENSMUSG00000068196|Col8a1	817.0	57626762	chr16:57624257-57626913	NA	1.00	1.00	1.00	0.65	0.76	1.00	1.00	1.00	1.00	NA	NA
ENSMUST00000046663.7|ENSMUSG00000035107|Dcbld2	78.8	58466564	chr16:58465786-58469727	1.00	0.74	0.58	0.71	NA	0.98	1.00	0.87	0.74	0.70	NA	NA
ENSMUST00000137035.7|ENSMUSG00000022747|St3gal6	354.9	58470178	chr16:58468124-58470649	0.20	0.21	0.17	0.18	0.17	0.25	0.25	0.23	0.23	0.26	0.18	0.20
ENSMUST00000060077.6|ENSMUSG00000022742|Cpox	242.2	58679125	chr16:58678754-58680386	0.12	0.07	0.06	0.07	0.19	0.17	0.05	0.11	0.11	0.11	0.14	0.18
ENSMUST00000159944.7|ENSMUSG00000022744|Cldnd1	15051.5	58731424	chr16:58731273-58732989	0.10	0.09	0.08	0.08	0.09	0.08	0.08	0.09	0.08	0.09	0.08	0.08
ENSMUST00000044604.15|ENSMUSG00000022723|Crybg3	417.0	59491740	chr16:59490774-59493599	0.20	0.03	0.00	0.12	NA	NA	0.02	0.06	0.10	0.07	NA	NA
ENSMUST00000023405.15|ENSMUSG00000022722|Arl6	952.3	59613521	chr16:59612948-59613821	0.11	0.09	0.09	0.07	0.32	0.19	0.11	0.06	0.14	0.08	0.15	0.20
ENSMUST00000143314.7|ENSMUSG00000050312|Nsun3	3.5	62770648	chr16:62732443-62770799	0.01	0.01	0.01	0.01	NA	0.01	NA	0.01	0.01	0.00	0.01	0.01
ENSMUST00000089289.5|ENSMUSG00000022911|Arl13b	27.7	62795434	chr16:62793684-62795634	0.97	0.88	NA	0.84	0.70	NA	0.63	0.92	0.85	NA	NA	NA
ENSMUST00000023629.8|ENSMUSG00000022912|Pros1	10892.8	62928981	chr16:62928190-62929346	0.57	0.65	0.63	0.55	0.92	0.63	0.83	0.63	0.63	0.59	0.78	0.80
ENSMUST00000064405.7|ENSMUSG00000052504|Epha3	847.2	63545328	chr16:63543533-63546133	NA	NA	0.41	0.38	NA	NA	0.54	0.53	0.45	0.52	NA	NA
ENSMUST00000076991.6|ENSMUSG00000059920|4930453N24Rik	49.8	64766163	chr16:64762135-64766315	0.08	0.09	0.09	0.10	0.14	0.07	0.11	0.24	0.10	0.10	0.08	0.15
ENSMUST00000207826.1|ENSMUSG00000047141|Zfp654	14.7	64783062	chr16:64780346-64783271	0.33	0.36	0.52	0.48	0.43	0.34	NA	0.33	NA	0.29	NA	0.68
ENSMUST00000067744.7|ENSMUSG00000054604|Cggbp1	315.1	64857246	chr16:64856073-64859507	0.85	0.90	0.92	0.97	1.00	0.88	1.00	1.00	0.91	1.00	1.00	0.89
ENSMUST00000231259.1|ENSMUSG00000004843|Chmp2b	890.1	65539510	chr16:65539127-65540142	0.66	0.62	0.49	0.57	1.00	0.81	0.54	0.50	0.61	0.57	0.74	0.74
ENSMUST00000168064.2|ENSMUSG00000091243|Vgll3	23.8	65861676	chr16:65860710-65866368	0.01	NA	0.13	0.10	NA	0.11	0.12	0.07	0.07	0.14	NA	0.23
ENSMUST00000114292.7|ENSMUSG00000064115|Cadm2	111.7	66660595	chr16:66655420-66663095	0.19	0.18	0.18	0.31	NA	0.14	0.46	0.23	NA	NA	0.35	0.34
ENSMUST00000232205.1|ENSMUSG00000022883|Robo1	137.9	73045625	chr16:73044359-73046095	NA	NA	0.84	0.59	0.95	0.73	1.00	0.62	0.54	0.58	NA	NA
ENSMUST00000117785.8|ENSMUSG00000052516|Robo2	20.1	73894603	chr16:73891838-73895828	NA	NA	0.12	0.08	NA	NA	NA	0.18	0.20	0.10	NA	0.22
ENSMUST00000114239.8|ENSMUSG00000022876|Samsn1	62.7	75859111	chr16:75858792-75859442	0.42	0.35	0.27	0.34	0.81	0.46	NA	NA	0.54	0.41	NA	0.44
ENSMUST00000121927.7|ENSMUSG00000048490|Nrip1	40.3	76290943	chr16:76287399-76291184	0.47	0.19	0.31	0.25	0.26	0.27	0.13	0.23	0.21	0.27	0.21	0.18
ENSMUST00000239066.1|ENSMUSG00000022867|Usp25	231.8	77116263	chr16:77115559-77116780	0.63	0.58	0.31	0.38	1.00	0.80	0.59	0.40	0.50	0.38	0.64	0.58
ENSMUST00000231973.1|ENSMUSG00000022864|D16Ertd472e	49.9	78544072	chr16:78540337-78545120	0.10	0.10	0.05	0.09	0.25	0.06	0.08	0.05	0.04	0.07	0.09	0.05
ENSMUST00000114195.7|ENSMUSG00000053062|Jam2	420.8	84823500	chr16:84822816-84825928	0.68	0.81	0.62	0.78	0.83	0.47	0.39	0.55	0.72	0.70	0.53	0.77
ENSMUST00000009120.7|ENSMUSG00000008976|Gabpa	177.3	84861277	chr16:84860600-84863779	0.58	0.48	0.81	0.84	0.83	0.69	0.75	0.85	0.73	0.88	1.00	0.71
ENSMUST00000227723.1|ENSMUSG00000022892|App	46621.0	84954733	chr16:84949684-84955333	0.02	0.02	0.01	0.02	0.03	0.02	0.01	0.01	0.02	0.01	0.02	0.03
ENSMUST00000023610.14|ENSMUSG00000022893|Adamts1	7220.0	85794518	chr16:85793826-85795403	0.63	0.58	0.46	0.58	1.00	0.73	0.57	0.50	0.57	0.55	0.65	0.60
ENSMUST00000023611.6|ENSMUSG00000022894|Adamts5	7.3	85862263	chr16:85856172-85862612	0.13	0.18	0.20	0.16	NA	0.10	0.05	NA	0.10	0.11	NA	0.04
ENSMUST00000039449.8|ENSMUSG00000052299|Ltn1	39.6	87377763	chr16:87376650-87378947	0.36	0.57	0.41	0.37	0.26	0.63	0.65	0.48	0.16	0.37	NA	0.26
ENSMUST00000039101.11|ENSMUSG00000041079|Rwdd2b	35.6	87433786	chr16:87433406-87434394	0.96	0.80	1.00	0.59	0.86	0.72	0.93	0.43	0.59	0.83	NA	NA
ENSMUST00000144759.7|ENSMUSG00000025616|Usp16	316.4	87479789	chr16:87474638-87483310	0.31	NA	NA	0.26	0.44	NA	NA	0.33	NA	0.21	NA	NA
ENSMUST00000177376.7|ENSMUSG00000025613|Cct8	117103.4	87490320	chr16:87483987-87491389	0.55	0.50	0.52	0.54	0.60	0.54	0.60	0.57	0.50	0.52	0.59	0.59
ENSMUST00000026703.5|ENSMUSG00000025612|Bach1	35.5	87730438	chr16:87729868-87733346	0.22	0.18	0.12	0.19	NA	0.18	0.52	0.13	0.09	0.11	NA	NA
ENSMUST00000163419.8|ENSMUSG00000022983|Scaf4	54.6	90229149	chr16:90228950-90229300	0.39	0.27	0.16	0.58	1.00	0.42	0.16	0.45	0.13	0.65	0.36	0.17
ENSMUST00000065856.7|ENSMUSG00000053414|Hunk	149.3	90496896	chr16:90496745-90499553	NA	1.00	NA	1.00	NA	NA	NA	1.00	1.00	1.00	NA	1.00
ENSMUST00000099554.4|ENSMUSG00000022978|Mis18a	356.8	90719593	chr16:90719311-90719900	0.55	0.23	0.31	0.37	0.47	0.45	0.35	0.26	0.38	0.32	0.65	0.30
ENSMUST00000140920.1|ENSMUSG00000039929|Urb1	34.9	90751769	chr16:90751526-90751987	0.41	NA	NA	0.32	0.37	NA	0.62	NA	NA	0.37	NA	NA
ENSMUST00000130868.7|ENSMUSG00000039903|Eva1c	209.8	90869766	chr16:90869615-90905109	0.10	0.05	0.05	0.07	0.06	0.05	0.08	0.06	0.05	0.07	NA	NA
ENSMUST00000125519.7|ENSMUSG00000022972|Cfap298	5983.7	90927097	chr16:90925969-90927380	0.16	0.15	0.15	0.13	0.19	0.17	0.15	0.17	0.17	0.16	0.18	0.15
ENSMUST00000023698.11|ENSMUSG00000022974|Paxbp1	158.2	91027029	chr16:91014915-91027320	0.10	NA	0.12	0.10	0.11	NA	0.11	NA	NA	0.08	NA	NA
ENSMUST00000035608.9|ENSMUSG00000039830|Olig2	188.2	91228269	chr16:91227368-91228677	0.55	0.53	0.26	0.42	0.77	0.70	0.39	0.50	0.62	0.71	0.62	0.75
ENSMUST00000056882.6|ENSMUSG00000046160|Olig1	3995.5	91271613	chr16:91270656-91271933	0.72	0.71	0.65	0.70	0.91	0.98	0.66	0.71	0.76	0.55	1.00	0.99
ENSMUST00000089042.6|ENSMUSG00000022971|Ifnar2	421.9	91404963	chr16:91403741-91405366	0.93	0.63	0.79	0.87	0.92	0.93	1.00	0.77	0.96	0.94	0.75	0.81
ENSMUST00000161517.7|ENSMUSG00000093701|Gm21970	9849.3	91412119	chr16:91411968-91419451	0.07	0.08	0.08	0.08	0.07	0.06	0.09	0.08	0.07	0.07	0.07	0.07
ENSMUST00000127644.1|ENSMUSG00000022965|Ifngr2	20802.4	91558103	chr16:91557952-91560649	0.09	0.09	0.08	0.08	0.09	0.09	0.09	0.09	0.08	0.09	0.08	0.09
ENSMUST00000049244.9|ENSMUSG00000039763|Dnajc28	10.7	91615905	chr16:91614253-91616199	0.36	0.44	0.36	0.42	NA	0.37	NA	0.41	NA	0.44	0.50	0.36
ENSMUST00000156713.7|ENSMUSG00000022962|Gart	1830.1	91635993	chr16:91621392-91636145	0.09	0.10	0.11	0.11	0.12	0.10	0.18	0.10	0.09	0.10	0.07	0.11
ENSMUST00000144461.1|ENSMUSG00000022960|Donson	368.3	91686092	chr16:91679521-91686243	0.47	0.32	0.55	0.34	0.25	0.49	0.69	0.37	0.49	0.37	NA	0.52
ENSMUST00000144877.2|ENSMUSG00000058240|Cryzl1	317.0	91694686	chr16:91694343-91695219	0.70	0.73	0.48	0.64	0.91	0.89	0.59	0.49	0.62	0.46	0.66	0.69
ENSMUST00000155452.7|ENSMUSG00000022956|Atp5o	359723.9	91926396	chr16:91925220-91926547	0.11	0.11	0.11	0.11	0.16	0.13	0.11	0.12	0.11	0.12	0.13	0.14
ENSMUST00000047429.8|ENSMUSG00000039680|Mrps6	15604.8	92112073	chr16:92111922-92112227	0.29	0.29	0.29	0.27	0.39	0.34	0.28	0.33	0.36	0.26	0.37	0.33
ENSMUST00000047383.9|ENSMUSG00000039672|Kcne2	74.7	92297625	chr16:92296955-92298129	NA	NA	0.67	0.64	NA	NA	NA	NA	NA	0.40	NA	0.77
ENSMUST00000063641.10|ENSMUSG00000051989|Smim11	285.0	92311104	chr16:92310953-92313041	0.10	0.00	0.04	0.02	0.00	0.00	0.14	0.00	0.00	0.01	0.00	0.00
ENSMUST00000060005.14|ENSMUSG00000022951|Rcan1	809.8	92392591	chr16:92391952-92393455	0.91	0.83	0.84	0.76	0.98	0.89	0.87	0.81	0.72	0.88	0.91	0.88
ENSMUST00000023670.3|ENSMUSG00000022949|Clic6	125.0	92539759	chr16:92539593-92541243	NA	NA	0.90	0.90	NA	0.49	NA	NA	0.87	1.00	NA	0.64
ENSMUST00000023673.13|ENSMUSG00000022952|Runx1	270.6	92605370	chr16:92601465-92605657	NA	0.57	0.79	0.75	1.00	1.00	1.00	0.99	0.58	0.69	NA	NA
ENSMUST00000039659.8|ENSMUSG00000051483|Cbr1	255.5	93610379	chr16:93610228-93610505	0.06	0.00	0.00	0.00	0.00	0.00	0.00	0.00	NA	0.00	0.00	0.00
ENSMUST00000228910.1|ENSMUSG00000040820|Hlcs	22.2	94130612	chr16:94128881-94131796	NA	0.58	0.63	NA	NA	NA	0.43	0.80	0.79	0.80	NA	0.56
ENSMUST00000023660.8|ENSMUSG00000022941|Ripply3	31.8	94336517	chr16:94335937-94336935	0.70	0.49	0.34	0.19	0.77	0.44	0.74	0.53	NA	NA	0.52	0.62
ENSMUST00000143145.7|ENSMUSG00000040785|Ttc3	14193.4	94385423	chr16:94384900-94442679	0.17	0.62	0.43	0.42	0.26	0.49	0.30	0.42	0.30	0.33	1.00	1.00
ENSMUST00000023614.4|ENSMUSG00000022897|Dyrk1a	110.3	94692349	chr16:94692198-94695517	0.55	0.75	0.78	0.63	0.56	0.68	0.64	0.54	0.43	0.36	1.00	0.62
ENSMUST00000113856.7|ENSMUSG00000062609|Kcnj15	480.6	95297013	chr16:95296726-95300260	0.33	0.60	0.50	0.48	NA	0.54	0.34	0.46	0.52	0.55	NA	NA
ENSMUST00000233881.1|ENSMUSG00000040732|Erg	52.1	95360657	chr16:95359168-95360808	0.38	0.51	0.08	0.41	0.88	NA	0.18	0.26	0.30	0.32	0.28	0.22
ENSMUST00000023612.16|ENSMUSG00000022895|Ets2	452.8	95719457	chr16:95719135-95721051	0.87	0.87	0.71	0.74	1.00	1.00	1.00	0.93	0.62	0.73	0.95	0.84
ENSMUST00000233590.1|ENSMUSG00000022913|Psmg1	2353.6	95987905	chr16:95980036-95988056	0.09	0.10	0.10	0.12	0.17	0.09	0.10	0.09	0.09	0.09	0.10	0.10
ENSMUST00000232694.1|ENSMUSG00000022914|Brwd1	239.1	96021176	chr16:96003859-96021327	NA	NA	0.50	0.25	0.29	NA	0.94	0.35	0.24	0.24	NA	NA
ENSMUST00000050884.15|ENSMUSG00000040681|Hmgn1	42904.5	96121789	chr16:96120617-96122378	0.05	0.05	0.04	0.04	0.10	0.05	0.04	0.03	0.04	0.04	0.06	0.07
ENSMUST00000232832.1|ENSMUSG00000023147|Get1	406.0	96156617	chr16:96155912-96157852	0.92	0.85	0.85	0.91	1.00	0.76	0.86	0.91	1.00	0.99	0.94	0.89
ENSMUST00000113804.7|ENSMUSG00000045275|Lca5l	46.1	96158696	chr16:96158406-96159070	NA	0.73	0.52	0.77	NA	0.56	1.00	0.46	0.37	0.53	NA	NA
ENSMUST00000081093.9|ENSMUSG00000000159|Igsf5	17.7	96403658	chr16:96403358-96404031	0.47	0.55	NA	0.37	0.95	NA	NA	0.38	NA	NA	0.50	NA
ENSMUST00000231664.1|ENSMUSG00000040605|Bace2	1874.9	97413513	chr16:97413362-97424568	0.04	0.04	0.03	0.04	0.03	0.04	0.04	0.04	0.04	0.04	0.03	0.05
ENSMUST00000024112.7|ENSMUSG00000023341|Mx2	23.9	97560717	chr16:97560566-97560899	NA	NA	NA	0.18	0.71	NA	0.44	0.31	NA	NA	NA	NA
ENSMUST00000170757.2|ENSMUSG00000045975|C2cd2	109.4	97858951	chr16:97855208-97859358	0.14	0.24	0.19	0.20	0.30	0.23	0.11	0.25	0.20	0.17	0.37	0.22
ENSMUST00000231268.1|ENSMUSG00000116673|A630089N07Rik	9.5	98063761	chr16:98062511-98064230	0.61	NA	0.27	0.25	NA	0.16	0.10	0.10	NA	NA	NA	NA
