Gene	fit_value	Predicted_Proximal_APA	Loci	/home/taylor/stroke_APA_work/bedgraph/day1_rep1_PDUI	/home/taylor/stroke_APA_work/bedgraph/day1_rep2_PDUI	/home/taylor/stroke_APA_work/bedgraph/day21_rep1_PDUI	/home/taylor/stroke_APA_work/bedgraph/day21_rep2_PDUI	/home/taylor/stroke_APA_work/bedgraph/day3_rep1_PDUI	/home/taylor/stroke_APA_work/bedgraph/day3_rep2_PDUI	/home/taylor/stroke_APA_work/bedgraph/day60_rep1_PDUI	/home/taylor/stroke_APA_work/bedgraph/day60_rep2_PDUI	/home/taylor/stroke_APA_work/bedgraph/day7_rep1_PDUI	/home/taylor/stroke_APA_work/bedgraph/day7_rep2_PDUI	/home/taylor/stroke_APA_work/bedgraph/sham1_PDUI	/home/taylor/stroke_APA_work/bedgraph/sham2_PDUI
ENSMUST00000150787.7|ENSMUSG00000039556|Ppp1r3f	37.5	7559139	chrX:7557295-7559620	NA	0.20	0.14	0.08	0.27	0.14	0.30	0.07	0.05	0.21	0.16	0.16
ENSMUST00000033483.4|ENSMUSG00000031143|Ccdc22	260.5	7593905	chrX:7593808-7594056	0.18	0.20	0.14	0.31	0.52	0.38	0.22	0.12	0.32	0.18	0.30	0.33
ENSMUST00000129662.2|ENSMUSG00000031145|Prickle3	2077.8	7667879	chrX:7667728-7668186	1.00	NA	NA	1.00	1.00	NA	NA	1.00	1.00	1.00	NA	NA
ENSMUST00000033486.5|ENSMUSG00000031146|Plp2	3594.3	7668189	chrX:7667940-7668489	0.37	0.34	0.34	0.33	0.67	0.44	0.39	0.40	0.35	0.45	0.47	0.56
ENSMUST00000115695.3|ENSMUSG00000031147|Magix	17.2	7674753	chrX:7674625-7674904	0.47	NA	0.33	NA	0.00	NA	NA	NA	NA	NA	0.37	NA
ENSMUST00000049896.12|ENSMUSG00000031148|Gpkow	273.9	7708556	chrX:7708242-7710262	0.90	0.84	0.86	1.00	1.00	0.91	1.00	0.96	0.95	0.83	1.00	1.00
ENSMUST00000209144.1|ENSMUSG00000039382|Wdr45	6982.6	7726353	chrX:7726202-7727271	0.73	0.78	0.83	0.55	0.52	0.50	0.59	0.65	0.74	0.79	0.58	0.50
ENSMUST00000207461.1|ENSMUSG00000109493|Gm45208	15985.1	7729933	chrX:7729741-7730441	0.14	0.15	0.16	0.15	0.13	0.12	0.12	0.15	0.12	0.14	0.13	0.13
ENSMUST00000033489.7|ENSMUSG00000031149|Praf2	5347.1	7730778	chrX:7730404-7731064	0.47	0.42	0.33	0.43	0.94	0.54	0.36	0.32	0.45	0.37	0.55	0.55
ENSMUST00000115680.10|ENSMUSG00000000134|Tfe3	2003.3	7766864	chrX:7766713-7775202	0.14	0.10	0.14	0.12	0.14	0.17	0.14	0.13	0.11	0.10	0.12	0.12
ENSMUST00000065932.13|ENSMUSG00000031153|Gripap1	147.2	7820319	chrX:7820091-7820567	0.53	0.25	0.59	0.34	0.76	0.57	0.35	0.26	0.60	0.31	0.32	0.41
ENSMUST00000009875.4|ENSMUSG00000009731|Kcnd1	41.1	7837507	chrX:7836500-7838280	NA	NA	0.06	0.08	0.50	0.17	0.04	0.16	0.14	0.16	NA	NA
ENSMUST00000033494.15|ENSMUSG00000031154|Otud5	684.8	7875042	chrX:7874351-7876626	0.16	0.22	0.24	0.25	0.24	0.23	0.17	0.24	0.16	0.20	0.23	0.28
ENSMUST00000033495.14|ENSMUSG00000031155|Pim2	66.1	7883043	chrX:7882514-7883432	0.71	0.58	0.60	0.65	NA	0.40	0.63	0.53	NA	NA	0.64	0.55
ENSMUST00000208640.1|ENSMUSG00000031156|Slc35a2	587.4	7889865	chrX:7889714-7892224	0.01	0.00	0.00	0.00	0.00	0.00	0.00	0.00	0.00	0.00	0.00	0.00
ENSMUST00000033498.9|ENSMUSG00000031158|Timm17b	1298.3	7906733	chrX:7906573-7908351	0.06	0.10	0.09	0.07	0.07	0.10	0.07	0.10	0.06	0.05	0.21	0.19
ENSMUST00000041096.3|ENSMUSG00000039278|Pcsk1n	347275.2	7923251	chrX:7923100-7924410	0.01	0.00	0.01	0.00	0.00	0.01	0.00	0.02	0.01	0.00	0.00	0.01
ENSMUST00000115642.7|ENSMUSG00000031161|Hdac6	116.4	7930320	chrX:7930119-7930471	0.26	0.36	0.27	0.28	0.42	0.21	0.33	0.23	0.29	0.22	0.46	0.51
ENSMUST00000115638.9|ENSMUSG00000039231|Suv39h1	142.5	8061684	chrX:8061170-8062852	0.53	0.36	0.18	0.39	1.00	0.30	0.44	0.26	0.29	0.31	0.55	0.54
ENSMUST00000133292.7|ENSMUSG00000031166|Wdr13	4383.2	8131352	chrX:8123302-8131503	0.37	0.39	0.33	0.36	0.36	0.38	0.38	0.52	0.33	0.51	0.63	0.42
ENSMUST00000040010.9|ENSMUSG00000031167|Rbm3	74172.4	8142489	chrX:8138977-8143274	0.01	0.01	0.01	0.01	0.02	0.01	0.01	0.01	0.01	0.01	0.01	0.01
ENSMUST00000239441.1|ENSMUSG00000039201|Tbc1d25	72.4	8154556	chrX:8154471-8154707	0.41	NA	NA	0.12	0.16	0.40	0.13	NA	0.49	NA	NA	NA
ENSMUST00000033509.14|ENSMUSG00000031168|Ebp	1656.0	8185461	chrX:8185328-8185612	0.28	0.35	0.26	0.29	0.46	0.38	0.16	0.26	0.41	0.27	0.49	0.38
ENSMUST00000033513.9|ENSMUSG00000031171|Ftsj1	763.4	8244926	chrX:8238667-8245077	0.42	0.31	0.29	0.27	0.39	0.35	0.27	0.35	0.42	0.35	0.39	0.52
ENSMUST00000115591.7|ENSMUSG00000031170|Slc38a5	2369.7	8280012	chrX:8279850-8280179	0.25	0.23	0.25	0.24	0.49	0.30	0.14	0.17	0.20	0.17	0.36	0.39
ENSMUST00000064196.4|ENSMUSG00000052364|B630019K06Rik	111.0	8894610	chrX:8893756-8894964	0.42	0.66	0.40	0.61	NA	0.97	0.97	0.60	0.97	0.38	0.92	0.81
ENSMUST00000164685.7|ENSMUSG00000015340|Cybb	3741.3	9453585	chrX:9446924-9453771	0.04	NA	0.04	0.05	0.06	0.04	0.05	0.04	0.06	0.05	NA	NA
ENSMUST00000033519.2|ENSMUSG00000031176|Dynlt3	1337.9	9655155	chrX:9654266-9655989	0.93	0.86	0.73	0.70	1.00	0.89	0.80	0.77	0.88	0.90	0.74	0.80
ENSMUST00000044789.9|ENSMUSG00000090084|Srpx	1632.8	10038766	chrX:10037976-10038919	NA	NA	0.16	0.17	0.09	0.20	0.13	0.15	0.21	0.12	NA	NA
ENSMUST00000115533.7|ENSMUSG00000031174|Rpgr	16.9	10158638	chrX:10158371-10158840	0.80	0.66	0.34	0.68	0.33	1.00	NA	NA	0.70	NA	0.70	0.49
ENSMUST00000115524.7|ENSMUSG00000008035|Mid1ip1	10162.0	10719336	chrX:10718775-10719690	0.54	0.56	0.55	0.45	0.74	0.71	0.49	0.48	0.46	0.49	0.66	0.60
ENSMUST00000115513.8|ENSMUSG00000040363|Bcor	25.7	12037115	chrX:12036739-12037628	0.20	NA	0.78	0.79	0.14	0.55	0.55	0.56	0.16	0.44	0.38	1.00
ENSMUST00000033313.2|ENSMUSG00000031007|Atp6ap2	4686.3	12616492	chrX:12615870-12617049	0.17	0.22	0.15	0.17	0.41	0.22	0.22	0.16	0.18	0.20	0.27	0.29
ENSMUST00000096495.10|ENSMUSG00000064127|Med14	31.4	12677181	chrX:12675368-12677580	NA	0.86	1.00	NA	0.53	NA	NA	1.00	1.00	1.00	NA	NA
ENSMUST00000089302.10|ENSMUSG00000031010|Usp9x	203.5	13170719	chrX:13169481-13173328	0.28	0.42	0.24	0.33	0.28	0.41	0.33	0.45	0.36	0.32	0.39	0.53
ENSMUST00000000804.6|ENSMUSG00000000787|Ddx3x	810.3	13292374	chrX:13291489-13294052	0.93	0.61	0.69	0.65	1.00	0.82	0.88	0.83	0.66	0.69	0.85	0.83
ENSMUST00000156096.7|ENSMUSG00000031012|Cask	186.1	13521365	chrX:13517079-13522173	0.08	0.16	0.15	0.16	0.08	0.12	0.32	0.14	0.09	0.12	0.41	0.26
ENSMUST00000096492.3|ENSMUSG00000040229|Gpr34	789.1	13640639	chrX:13640358-13640858	NA	0.37	0.35	0.22	0.68	0.41	NA	0.15	0.30	0.25	0.44	0.32
ENSMUST00000026013.5|ENSMUSG00000025037|Maoa	875.8	16685576	chrX:16685372-16687818	0.04	0.08	0.07	0.10	0.06	0.05	0.07	0.09	0.10	0.11	0.08	0.10
ENSMUST00000040134.7|ENSMUSG00000040138|Ndp	60.8	16886028	chrX:16885520-16886471	0.67	0.77	0.63	0.93	0.52	0.93	0.56	0.92	NA	NA	0.91	0.78
ENSMUST00000026016.12|ENSMUSG00000025040|Fundc1	649.0	17557694	chrX:17556563-17557936	0.65	0.76	0.63	0.69	0.99	0.84	0.54	0.64	0.74	0.72	0.85	0.97
ENSMUST00000044138.7|ENSMUSG00000037347|Chst7	4.7	20061318	chrX:20061167-20097521	0.00	0.00	0.00	0.00	0.01	0.00	0.00	0.00	0.00	0.00	NA	NA
ENSMUST00000115391.7|ENSMUSG00000060090|Rp2	148.8	20399863	chrX:20397732-20400857	0.46	0.43	0.29	0.26	0.80	0.70	0.51	0.35	0.47	0.39	0.63	0.42
ENSMUST00000115374.7|ENSMUSG00000031060|Rbm10	118.7	20650832	chrX:20650681-20650901	0.35	0.21	0.20	0.42	0.53	0.29	0.12	0.00	0.21	0.11	0.46	0.30
ENSMUST00000089217.10|ENSMUSG00000001924|Uba1	1980.5	20682661	chrX:20682510-20683179	0.04	0.02	0.07	0.03	0.03	0.03	0.01	0.04	0.05	0.01	0.02	0.05
ENSMUST00000115364.7|ENSMUSG00000031065|Cdk16	9718.1	20699152	chrX:20698643-20699880	0.68	0.75	0.69	0.67	0.88	0.75	1.00	0.83	0.73	0.83	0.73	0.69
ENSMUST00000033383.2|ENSMUSG00000031066|Usp11	249.4	20720184	chrX:20719897-20720539	0.49	0.63	0.24	0.26	0.44	0.35	0.63	0.45	0.47	0.51	0.91	0.89
ENSMUST00000115345.7|ENSMUSG00000037217|Syn1	1356.5	20860920	chrX:20860510-20861546	0.62	0.73	0.58	0.57	0.93	0.90	1.00	0.58	0.81	0.73	0.88	0.82
ENSMUST00000009550.13|ENSMUSG00000009406|Elk1	415.5	20934372	chrX:20933394-20935452	0.20	0.11	0.12	0.12	0.06	0.12	0.05	0.20	0.14	0.14	0.20	0.19
ENSMUST00000123836.1|ENSMUSG00000001134|Uxt	22.4	20951821	chrX:20951661-20951972	NA	0.42	0.33	NA	NA	0.44	0.12	NA	NA	0.18	0.23	NA
ENSMUST00000115313.7|ENSMUSG00000036782|Klhl13	287.7	23219673	chrX:23219270-23220367	0.87	0.78	0.57	0.60	1.00	0.90	0.53	0.58	0.81	0.67	1.00	0.82
ENSMUST00000149483.1|ENSMUSG00000036769|Wdr44	29.6	23750108	chrX:23749957-23757029	0.00	0.00	0.01	0.01	0.00	0.04	0.02	0.00	NA	0.01	0.00	0.00
ENSMUST00000033419.12|ENSMUSG00000031093|Dock11	13.8	36076377	chrX:36076215-36076562	NA	NA	0.38	0.33	0.62	NA	0.11	0.42	0.67	0.29	NA	NA
ENSMUST00000033418.7|ENSMUSG00000017057|Il13ra1	906.8	36169240	chrX:36168903-36171259	0.64	0.64	0.78	0.76	0.65	0.59	0.83	0.72	0.74	0.70	0.63	0.59
ENSMUST00000048067.9|ENSMUSG00000036699|Zcchc12	24.8	36198922	chrX:36198637-36199158	NA	NA	0.16	NA	NA	NA	0.28	0.31	0.57	0.34	0.43	0.41
ENSMUST00000016383.9|ENSMUSG00000016239|Lonrf3	20.2	36362156	chrX:36361916-36362341	NA	NA	0.65	NA	NA	0.94	0.40	0.43	0.60	NA	NA	NA
ENSMUST00000073339.6|ENSMUSG00000006373|Pgrmc1	15200.8	36605750	chrX:36604888-36606079	0.83	0.97	0.80	0.77	0.94	0.80	0.81	0.73	0.82	0.83	0.96	0.87
ENSMUST00000016463.3|ENSMUSG00000016319|Slc25a5	94899.8	36798692	chrX:36798541-36798807	0.22	0.21	0.16	0.20	0.40	0.27	0.16	0.16	0.22	0.21	0.30	0.27
ENSMUST00000115248.9|ENSMUSG00000006423|C330007P06Rik	518.4	36849344	chrX:36848542-36851102	0.83	0.62	0.52	0.64	0.69	0.68	0.87	0.73	0.59	0.61	0.91	0.89
ENSMUST00000016452.10|ENSMUSG00000016308|Ube2a	560.4	36883874	chrX:36883137-36884222	0.66	0.59	0.59	0.59	1.00	0.62	0.69	0.55	0.76	0.61	0.75	0.79
ENSMUST00000076265.12|ENSMUSG00000036572|Upf3b	44.0	37092363	chrX:37091677-37092514	1.00	0.79	NA	0.91	1.00	NA	0.67	1.00	NA	NA	NA	NA
ENSMUST00000016553.4|ENSMUSG00000016409|Nkap	44.5	37148168	chrX:37147962-37150746	0.77	0.83	0.69	0.79	0.43	0.42	NA	0.60	0.76	0.93	NA	0.54
ENSMUST00000089054.10|ENSMUSG00000036502|Tmem255a	22.6	38199032	chrX:38197305-38199494	NA	0.61	NA	NA	NA	1.00	NA	NA	NA	NA	1.00	0.58
ENSMUST00000061755.8|ENSMUSG00000016534|Lamp2	7159.7	38421320	chrX:38419506-38421714	0.96	0.90	0.92	0.95	1.00	1.00	1.00	0.94	0.93	0.89	1.00	1.00
ENSMUST00000147129.7|ENSMUSG00000031095|Cul4b	209.9	38545448	chrX:38533569-38545599	0.31	0.16	0.11	0.13	0.11	0.11	0.26	0.13	0.12	0.10	0.15	0.16
ENSMUST00000058265.7|ENSMUSG00000048970|C1galt1c1	428.2	38631018	chrX:38630784-38631169	0.26	0.27	0.23	0.19	0.66	0.47	0.26	0.30	0.31	0.27	0.45	0.33
ENSMUST00000139965.7|ENSMUSG00000001986|Gria3	127.5	41669684	chrX:41669533-41678598	NA	0.15	0.08	0.11	0.07	0.13	0.12	0.11	0.13	0.10	0.17	0.17
ENSMUST00000115073.8|ENSMUSG00000025862|Stag2	83.6	42275989	chrX:42275283-42277185	0.52	0.67	0.83	0.85	0.77	0.76	1.00	0.94	0.67	0.96	0.97	0.41
ENSMUST00000001202.14|ENSMUSG00000001173|Ocrl	39.0	47964126	chrX:47963581-47965868	0.72	0.58	0.82	0.84	0.93	0.57	1.00	0.92	0.74	0.52	0.72	0.51
ENSMUST00000039026.7|ENSMUSG00000037010|Apln	148119.6	48028150	chrX:48025145-48028301	1.00	1.00	NA	NA	1.00	1.00	NA	NA	NA	NA	NA	1.00
ENSMUST00000033427.6|ENSMUSG00000031101|Sash3	212.7	48160888	chrX:48160253-48161565	NA	NA	0.62	1.00	0.65	0.95	1.00	NA	0.84	0.78	NA	1.00
ENSMUST00000037960.10|ENSMUSG00000036985|Zdhhc9	361.2	48172632	chrX:48171968-48173527	0.29	0.46	0.42	0.35	0.48	0.31	0.61	0.25	0.55	0.36	0.34	0.45
ENSMUST00000114958.7|ENSMUSG00000031103|Elf4	39.8	48414514	chrX:48411045-48414665	NA	NA	NA	1.00	1.00	NA	NA	NA	1.00	1.00	NA	NA
ENSMUST00000167659.7|ENSMUSG00000031109|Enox2	26.0	49010714	chrX:49009706-49011505	NA	0.00	0.03	0.11	0.07	0.08	0.09	0.01	NA	0.03	0.24	0.10
ENSMUST00000053593.7|ENSMUSG00000050029|Rap2c	165.9	51014856	chrX:51003911-51015007	NA	0.21	0.22	NA	0.56	0.55	0.37	NA	0.24	0.24	0.21	NA
ENSMUST00000088172.11|ENSMUSG00000062184|Hs6st2	30.3	51387849	chrX:51387211-51389472	NA	NA	0.21	0.24	NA	0.37	NA	0.45	0.22	NA	0.49	0.36
ENSMUST00000033450.2|ENSMUSG00000031119|Gpc4	283.7	52053288	chrX:52053020-52053523	0.36	0.61	0.48	0.42	0.69	0.60	0.42	0.43	0.50	0.38	NA	1.00
ENSMUST00000026723.8|ENSMUSG00000025630|Hprt	15827.5	53021390	chrX:53021111-53021659	0.45	0.39	0.32	0.35	1.00	0.47	0.31	0.32	0.33	0.38	0.47	0.49
ENSMUST00000152743.7|ENSMUSG00000023074|Mospd1	719.8	53345242	chrX:53344597-53345960	0.57	0.60	0.61	0.62	0.71	0.54	0.59	0.60	0.45	0.53	0.57	0.46
ENSMUST00000088779.4|ENSMUSG00000067925|Rtl8a	24275.9	53642758	chrX:53642487-53643282	0.67	0.76	0.69	0.59	1.00	0.79	0.63	0.56	0.65	0.59	0.89	0.97
ENSMUST00000088778.4|ENSMUSG00000067924|Rtl8b	29234.2	53669419	chrX:53669176-53669959	0.55	0.62	0.50	0.57	0.98	0.68	0.65	0.60	0.58	0.61	0.76	0.83
ENSMUST00000101560.3|ENSMUSG00000073176|Zfp449	35.2	56364530	chrX:56363622-56365674	0.83	0.76	0.64	0.65	0.51	0.95	NA	1.00	0.80	0.88	NA	NA
ENSMUST00000068106.4|ENSMUSG00000054850|Smim10l2a	2256.3	56375208	chrX:56374870-56377799	NA	0.60	0.94	0.56	NA	0.89	0.38	NA	NA	NA	0.54	0.57
ENSMUST00000059899.2|ENSMUSG00000061273|Mmgt1	131.6	56588925	chrX:56585511-56589146	1.00	1.00	1.00	0.94	1.00	1.00	1.00	0.81	0.92	1.00	1.00	1.00
ENSMUST00000077741.11|ENSMUSG00000060681|Slc9a6	83.1	56661610	chrX:56661445-56664230	0.57	0.68	0.45	1.00	0.57	0.76	0.77	1.00	0.91	0.39	1.00	0.78
ENSMUST00000114769.8|ENSMUSG00000023092|Fhl1	353.8	56792984	chrX:56791924-56793338	0.83	0.97	0.71	0.79	1.00	0.84	1.00	0.73	1.00	0.85	0.97	0.82
ENSMUST00000088652.5|ENSMUSG00000067873|Htatsf1	90.1	57067002	chrX:57066851-57067183	0.34	0.28	0.39	0.52	0.64	0.46	0.26	0.30	0.37	0.27	0.39	0.56
ENSMUST00000033468.10|ENSMUSG00000031133|Arhgef6	273.2	57233362	chrX:57231484-57233513	NA	NA	0.95	0.99	1.00	0.81	1.00	0.85	0.89	0.89	NA	NA
ENSMUST00000088627.10|ENSMUSG00000067860|Zic3	69.0	58035405	chrX:58034546-58036559	0.37	0.35	0.42	0.24	0.53	NA	0.56	0.35	NA	NA	0.47	0.48
ENSMUST00000033473.11|ENSMUSG00000031137|Fgf13	10587.2	59062960	chrX:59062144-59063535	0.64	0.70	0.79	0.77	0.54	0.71	0.65	0.67	0.69	0.74	0.69	0.64
ENSMUST00000088546.11|ENSMUSG00000000838|Fmr1	125.2	68715823	chrX:68715672-68717963	1.00	1.00	0.56	0.80	1.00	1.00	0.87	0.92	1.00	0.93	0.88	0.94
ENSMUST00000101509.8|ENSMUSG00000035847|Ids	13667.9	70345785	chrX:70343068-70346203	0.96	0.98	0.84	0.85	0.83	1.00	1.00	0.81	0.96	0.75	1.00	0.97
ENSMUST00000053981.5|ENSMUSG00000045237|1110012L19Rik	430.7	70389240	chrX:70389089-70389417	0.41	0.23	0.25	0.31	0.86	0.37	0.40	0.23	0.31	0.35	0.43	0.36
ENSMUST00000101506.9|ENSMUSG00000073139|Tmem185a	182.4	70460091	chrX:70459752-70461050	0.82	0.59	0.74	0.90	0.56	0.75	0.78	0.81	0.69	0.79	0.89	1.00
ENSMUST00000171933.7|ENSMUSG00000031337|Mtm1	52.1	71314096	chrX:71313810-71315295	1.00	1.00	1.00	0.57	1.00	1.00	0.86	0.81	0.56	1.00	NA	0.82
ENSMUST00000114601.7|ENSMUSG00000015214|Mtmr1	80.5	71417821	chrX:71416724-71419196	0.73	1.00	0.92	0.93	1.00	1.00	NA	0.95	0.75	0.76	0.99	0.93
ENSMUST00000080035.10|ENSMUSG00000035776|Cd99l2	277.4	71421277	chrX:71420059-71422687	0.87	0.78	0.76	0.64	1.00	0.63	0.90	0.65	0.71	0.81	0.84	0.74
ENSMUST00000072699.12|ENSMUSG00000015217|Hmgb3	422.3	71560362	chrX:71559801-71560676	0.54	0.52	0.41	0.51	0.84	0.51	0.67	0.50	0.42	0.46	0.57	0.66
ENSMUST00000114577.7|ENSMUSG00000073131|Vma21	1338.3	71821837	chrX:71820944-71824706	0.22	0.25	0.18	0.19	0.34	0.19	0.15	0.23	0.14	0.17	0.24	0.25
ENSMUST00000048790.6|ENSMUSG00000033361|Prrg3	25.9	71967732	chrX:71967581-71972722	NA	NA	NA	NA	NA	NA	NA	0.73	0.92	0.75	0.41	0.97
ENSMUST00000114551.9|ENSMUSG00000031347|Cetn2	5525.0	72913913	chrX:72913531-72914206	0.32	0.31	0.26	0.21	0.40	0.28	0.26	0.26	0.31	0.21	0.32	0.37
ENSMUST00000033715.4|ENSMUSG00000031349|Nsdhl	205.3	72957925	chrX:72957611-72958514	0.07	0.12	0.09	0.11	0.24	0.13	0.17	0.07	0.09	0.11	0.14	0.25
ENSMUST00000101486.4|ENSMUSG00000073125|Xlr3b	25.1	73202556	chrX:73202093-73202920	0.37	NA	0.60	0.27	NA	NA	0.36	0.75	NA	0.26	0.37	0.56
ENSMUST00000105111.3|ENSMUSG00000078317|F8a	93.8	73229661	chrX:73229458-73230795	0.03	0.03	0.02	0.05	0.05	0.03	0.03	0.01	0.03	0.02	0.04	0.09
ENSMUST00000114499.7|ENSMUSG00000031365|Zfp275	76.5	73354531	chrX:73354380-73359080	NA	0.77	1.00	1.00	NA	NA	NA	1.00	1.00	NA	NA	0.99
ENSMUST00000033741.14|ENSMUSG00000031375|Bgn	79060.4	73495353	chrX:73494793-73495933	0.88	0.82	0.72	0.74	0.97	0.87	1.00	0.71	0.78	0.72	1.00	1.00
ENSMUST00000002091.5|ENSMUSG00000002015|Bcap31	49730.2	73686408	chrX:73686177-73686559	0.34	0.33	0.32	0.31	0.69	0.41	0.32	0.32	0.33	0.32	0.50	0.44
ENSMUST00000002084.13|ENSMUSG00000031378|Abcd1	92.7	73737862	chrX:73737528-73738534	0.95	0.88	0.85	0.95	1.00	0.87	1.00	0.65	0.73	0.79	0.71	1.00
ENSMUST00000114430.7|ENSMUSG00000031391|L1cam	19.6	73854422	chrX:73853777-73855037	NA	NA	0.32	0.26	NA	NA	NA	NA	NA	NA	0.54	0.77
ENSMUST00000114387.7|ENSMUSG00000031388|Naa10	1225.9	73917067	chrX:73916886-73917243	0.44	0.31	0.35	0.40	0.45	0.36	0.37	0.29	0.34	0.34	0.47	0.50
ENSMUST00000165359.2|ENSMUSG00000031387|Renbp	27298.8	73929680	chrX:73929141-73929849	0.19	0.15	0.17	0.20	0.15	0.17	0.18	0.19	0.17	0.17	0.16	0.16
ENSMUST00000033761.12|ENSMUSG00000031386|Hcfc1	202.3	73944289	chrX:73942791-73944440	0.91	1.00	0.98	0.85	1.00	1.00	1.00	1.00	0.89	1.00	1.00	1.00
ENSMUST00000114354.9|ENSMUSG00000031392|Irak1	2250.6	74015113	chrX:74013913-74015442	0.14	0.11	0.11	0.12	0.29	0.14	0.22	0.16	0.12	0.11	0.18	0.21
ENSMUST00000100750.9|ENSMUSG00000031393|Mecp2	329.5	74035201	chrX:74026591-74035419	0.36	0.38	0.46	0.69	0.44	0.56	0.52	1.00	0.49	0.87	0.83	0.49
ENSMUST00000144429.7|ENSMUSG00000031328|Flna	15191.6	74234603	chrX:74223460-74240324	0.62	0.51	0.48	0.45	0.94	0.60	1.00	0.60	0.49	0.55	0.77	0.45
ENSMUST00000152288.1|ENSMUSG00000001964|Emd	2299.7	74255876	chrX:74255486-74257323	0.11	0.10	0.11	0.12	0.13	0.09	0.11	0.12	0.09	0.09	0.12	0.09
ENSMUST00000239458.1|ENSMUSG00000019088|Dnase1l1	144.9	74273420	chrX:74273216-74273571	0.36	0.27	0.34	0.17	0.44	0.57	0.27	0.38	0.32	0.42	0.56	0.45
ENSMUST00000124200.7|ENSMUSG00000009995|Taz	3022.5	74289871	chrX:74289151-74290148	0.75	0.95	0.71	0.65	0.90	1.00	0.51	0.60	0.71	0.86	0.83	1.00
ENSMUST00000015435.10|ENSMUSG00000015291|Gdi1	4974.2	74311149	chrX:74310936-74311862	0.69	0.80	0.74	0.77	1.00	0.81	1.00	0.79	0.87	0.79	0.89	0.90
ENSMUST00000155676.7|ENSMUSG00000015290|Ubl4a	308.6	74366553	chrX:74365717-74367478	0.84	0.89	0.79	0.89	1.00	0.90	0.97	0.91	0.91	1.00	0.92	0.94
ENSMUST00000114147.1|ENSMUSG00000032806|Slc10a3	267.5	74369302	chrX:74369216-74369453	0.14	0.09	0.21	0.03	0.30	0.04	0.16	0.23	0.17	0.12	0.07	0.38
ENSMUST00000149218.7|ENSMUSG00000031399|Fam3a	9787.8	74387627	chrX:74386631-74387798	0.23	0.21	0.20	0.21	0.26	0.24	0.21	0.23	0.20	0.20	0.17	0.21
ENSMUST00000114133.8|ENSMUSG00000004221|Ikbkg	228.9	74450092	chrX:74448356-74453854	0.22	0.26	0.33	0.30	0.26	0.18	0.44	0.28	0.37	0.28	0.48	0.48
ENSMUST00000004327.10|ENSMUSG00000031400|G6pdx	1692.1	74409773	chrX:74409482-74410209	0.61	0.47	0.44	0.51	0.99	0.53	0.43	0.41	0.55	0.46	0.62	0.76
ENSMUST00000153844.7|ENSMUSG00000031403|Dkc1	1320.9	75104543	chrX:75104392-75108243	0.22	0.19	0.17	0.22	0.26	0.18	0.16	0.20	0.21	0.15	0.19	0.22
ENSMUST00000033541.4|ENSMUSG00000031198|Fundc2	833.7	75394600	chrX:75394384-75396459	0.15	0.21	0.10	0.15	0.14	0.13	0.06	0.18	0.10	0.11	0.32	0.31
ENSMUST00000033543.13|ENSMUSG00000090110|Cmc4	110.7	75404921	chrX:75404845-75405072	0.32	0.29	0.13	0.08	0.36	0.41	0.21	0.16	0.03	0.00	0.40	0.08
ENSMUST00000033544.13|ENSMUSG00000031201|Brcc3	84.5	75451127	chrX:75450117-75454001	0.75	0.59	0.37	0.99	0.24	0.44	0.16	0.81	0.57	0.79	0.24	0.63
ENSMUST00000033540.5|ENSMUSG00000031197|Vbp1	3615.1	75534493	chrX:75533975-75534942	0.65	0.70	0.70	0.65	0.69	0.61	0.68	0.65	0.69	0.59	0.70	0.62
ENSMUST00000033545.5|ENSMUSG00000031202|Rab39b	22.1	75574270	chrX:75572045-75574583	NA	0.99	NA	NA	NA	0.48	0.38	0.23	NA	NA	0.47	0.46
ENSMUST00000114059.9|ENSMUSG00000016382|Pls3	4739.2	75786263	chrX:75785653-75786769	0.75	0.74	0.64	0.65	1.00	0.87	0.69	0.63	0.75	0.71	0.78	0.86
ENSMUST00000088217.11|ENSMUSG00000025246|Tbl1x	385.1	77659949	chrX:77659738-77662983	0.42	0.29	0.29	0.27	0.63	0.28	0.22	0.30	0.30	0.38	0.25	0.34
ENSMUST00000036333.13|ENSMUSG00000035725|Prkx	491.7	77762255	chrX:77761410-77764131	0.38	0.48	0.35	0.19	NA	0.43	0.35	0.23	0.26	0.27	NA	0.41
ENSMUST00000177904.7|ENSMUSG00000047996|Prrg1	65.7	78452538	chrX:78449612-78452689	NA	NA	1.00	1.00	0.66	NA	0.96	1.00	1.00	1.00	NA	NA
ENSMUST00000026760.2|ENSMUSG00000025666|Tmem47	451.6	81095629	chrX:81094627-81097872	0.81	0.86	0.92	0.92	0.96	0.89	1.00	0.80	0.91	0.87	0.89	1.00
ENSMUST00000114000.7|ENSMUSG00000045103|Dmd	90.0	85204900	chrX:85202479-85206141	0.02	0.02	NA	0.09	0.20	0.09	NA	0.04	0.01	0.00	0.18	0.07
ENSMUST00000142152.1|ENSMUSG00000025059|Gk	166.2	85703397	chrX:85701936-85704388	0.43	0.37	0.25	0.29	0.37	0.20	0.26	0.27	0.27	0.24	0.37	0.45
ENSMUST00000046565.12|ENSMUSG00000035277|Arx	102.6	93297843	chrX:93297400-93298357	0.83	0.46	0.36	0.29	0.94	0.79	0.94	0.34	0.28	0.39	0.65	0.69
ENSMUST00000006856.2|ENSMUSG00000006678|Pola1	4.6	93305443	chrX:93304766-93305673	NA	0.46	NA	NA	NA	0.50	NA	0.51	0.18	NA	NA	NA
ENSMUST00000113933.8|ENSMUSG00000035246|Pcyt1b	31.3	93746903	chrX:93746428-93749951	NA	0.62	0.81	0.51	NA	0.33	NA	0.47	NA	NA	0.58	0.67
ENSMUST00000045748.6|ENSMUSG00000035232|Pdk3	625.5	93765007	chrX:93764606-93765227	0.60	0.36	0.48	0.44	0.64	0.43	0.36	0.41	0.49	0.49	0.50	0.42
ENSMUST00000088102.11|ENSMUSG00000079509|Zfx	40.5	94076386	chrX:94074630-94078798	0.65	NA	0.24	0.23	NA	0.38	NA	0.24	0.23	0.39	0.26	NA
ENSMUST00000050328.14|ENSMUSG00000035150|Eif2s3x	665.6	94190710	chrX:94188706-94190861	1.00	1.00	1.00	1.00	1.00	1.00	1.00	1.00	1.00	1.00	1.00	1.00
ENSMUST00000113897.8|ENSMUSG00000079508|Apoo	327.9	94412643	chrX:94412492-94417093	0.00	0.00	0.00	0.00	0.00	0.00	0.00	0.00	0.00	0.00	0.00	0.00
ENSMUST00000026142.7|ENSMUSG00000025151|Maged1	68105.1	94535568	chrX:94535473-94535870	0.95	1.00	0.90	0.77	1.00	1.00	0.82	0.83	0.75	0.83	1.00	1.00
ENSMUST00000101388.3|ENSMUSG00000073062|Zxdb	56.0	94727511	chrX:94727293-94730187	0.28	0.44	0.20	0.25	0.32	0.32	0.32	0.46	0.31	0.24	0.60	0.58
ENSMUST00000096367.4|ENSMUSG00000071722|Spin4	15.2	95025022	chrX:95022509-95025447	NA	NA	0.48	NA	NA	NA	NA	0.77	1.00	0.78	NA	NA
ENSMUST00000117399.1|ENSMUSG00000031207|Msn	11567.7	96167812	chrX:96166631-96168552	0.80	0.73	0.74	0.75	1.00	1.00	0.90	0.84	0.78	0.76	0.87	0.87
ENSMUST00000054697.6|ENSMUSG00000047694|Yipf6	131.6	98946086	chrX:98944985-98949017	0.75	0.69	0.77	0.66	0.79	0.62	0.70	0.55	0.70	0.51	0.99	0.88
ENSMUST00000036606.13|ENSMUSG00000031216|Stard8	88.2	99074056	chrX:99073197-99074728	0.60	0.48	0.64	0.44	1.00	0.75	0.72	0.73	0.66	0.78	0.92	0.65
ENSMUST00000052839.6|ENSMUSG00000031217|Efnb1	1307.0	99147899	chrX:99147524-99148991	0.22	0.20	0.21	0.20	0.33	0.22	0.23	0.20	0.19	0.24	0.39	0.20
ENSMUST00000113792.1|ENSMUSG00000034403|Pja1	4099.7	99466260	chrX:99465733-99466567	0.25	0.31	0.24	0.25	0.28	0.33	0.24	0.28	0.30	0.26	0.34	0.37
ENSMUST00000033570.5|ENSMUSG00000031221|Igbp1	242.3	100515859	chrX:100515702-100516125	0.14	0.15	0.14	0.08	0.39	0.16	0.20	0.17	0.18	0.17	0.27	0.30
ENSMUST00000015812.11|ENSMUSG00000015668|Pdzd11	3528.5	100623165	chrX:100622885-100623395	0.45	0.42	0.44	0.30	0.87	0.48	0.39	0.34	0.33	0.41	0.51	0.47
ENSMUST00000019503.13|ENSMUSG00000019359|Gdpd2	11.5	100738632	chrX:100738279-100738894	NA	0.92	NA	NA	NA	0.27	0.39	0.56	NA	NA	0.50	0.45
ENSMUST00000113736.8|ENSMUSG00000000881|Dlg3	310.9	100816473	chrX:100816322-100818408	1.00	1.00	1.00	0.77	1.00	0.91	1.00	0.61	1.00	1.00	1.00	1.00
ENSMUST00000156473.7|ENSMUSG00000046032|Snx12	27.9	101102251	chrX:101097785-101102402	NA	0.00	0.00	0.00	NA	0.01	0.00	0.00	0.00	0.00	0.00	0.00
ENSMUST00000033664.13|ENSMUSG00000031304|Il2rg	4139.2	101264640	chrX:101264377-101264854	0.37	0.37	0.25	0.39	0.58	0.44	0.31	0.34	0.40	0.33	0.56	0.29
ENSMUST00000117706.7|ENSMUSG00000079487|Med12	32.4	101297378	chrX:101297227-101297465	0.21	0.30	NA	0.10	0.35	NA	0.09	0.14	0.07	0.28	NA	NA
ENSMUST00000118111.7|ENSMUSG00000031302|Nlgn3	28.8	101321035	chrX:101320259-101325963	NA	0.38	0.18	0.38	NA	0.34	NA	0.32	NA	0.17	NA	0.60
ENSMUST00000117901.7|ENSMUSG00000031310|Zmym3	47.8	101405462	chrX:101404383-101405613	NA	NA	0.68	0.85	NA	NA	1.00	0.75	NA	1.00	1.00	1.00
ENSMUST00000033673.6|ENSMUSG00000031311|Nono	2142.4	101448262	chrX:101447725-101448591	0.77	0.71	0.55	0.63	1.00	0.71	0.57	0.55	0.65	0.58	0.97	0.97
ENSMUST00000044475.4|ENSMUSG00000034160|Ogt	121.9	101682806	chrX:101682327-101684351	0.94	0.91	0.66	0.89	1.00	1.00	0.73	0.71	1.00	0.64	1.00	1.00
ENSMUST00000101339.7|ENSMUSG00000079481|Nhsl2	39.8	102085988	chrX:102082924-102092055	0.33	0.30	0.18	0.14	NA	NA	0.12	0.15	0.16	0.13	0.27	0.30
ENSMUST00000154872.7|ENSMUSG00000067567|Hdac8	14.6	102498117	chrX:102405646-102498268	0.01	0.01	0.01	0.01	0.01	0.01	0.01	0.01	0.00	0.00	0.00	0.01
ENSMUST00000052012.13|ENSMUSG00000034055|Phka1	29.4	102515576	chrX:102513974-102516044	0.41	0.62	0.57	0.84	0.52	0.55	0.67	0.61	0.54	0.39	0.92	0.75
ENSMUST00000121720.1|ENSMUSG00000082229|Nap1l2	36.7	103184418	chrX:103184175-103184930	0.18	NA	NA	0.68	0.78	0.71	0.49	0.36	NA	NA	0.66	0.46
ENSMUST00000116547.2|ENSMUSG00000031327|Chic1	18.8	103392158	chrX:103389507-103396092	NA	0.33	NA	0.22	NA	0.12	NA	0.13	NA	0.15	0.11	0.15
ENSMUST00000042664.9|ENSMUSG00000033965|Slc16a2	1940.2	103698929	chrX:103697413-103699749	0.73	0.74	0.47	0.51	0.96	0.56	0.69	0.60	0.53	0.54	0.52	0.59
ENSMUST00000121153.7|ENSMUSG00000056537|Rlim	97.0	103962342	chrX:103957162-103962493	0.66	0.91	1.00	1.00	NA	0.58	NA	1.00	0.84	1.00	0.91	0.77
ENSMUST00000033695.5|ENSMUSG00000031333|Abcb7	52.0	104283860	chrX:104280656-104284045	NA	0.66	0.99	1.00	1.00	NA	NA	1.00	NA	0.62	1.00	0.85
ENSMUST00000033577.10|ENSMUSG00000031226|Pbdc1	275.6	105083374	chrX:105083200-105085186	0.09	0.06	0.06	0.05	0.03	0.04	0.01	0.07	0.03	0.05	0.09	0.18
ENSMUST00000033578.6|ENSMUSG00000031227|Magee1	227.1	105123668	chrX:105123364-105123927	0.64	0.44	0.44	0.46	0.61	0.66	0.43	0.31	0.53	0.39	0.65	0.59
ENSMUST00000197302.4|ENSMUSG00000031229|Atrx	12.5	105867768	chrX:105856602-105867919	0.02	0.05	0.04	0.04	0.25	0.13	0.01	0.07	NA	0.04	0.03	0.04
ENSMUST00000238718.1|ENSMUSG00000031232|Magt1	803.6	105969696	chrX:105968083-105971466	0.29	0.28	0.30	0.23	0.43	0.27	0.63	0.25	0.24	0.25	0.33	0.30
ENSMUST00000033582.4|ENSMUSG00000031231|Cox7b	12812.1	106021971	chrX:106021820-106022450	0.02	0.05	0.02	0.06	0.00	0.03	0.04	0.07	0.03	0.04	0.01	0.01
ENSMUST00000055941.6|ENSMUSG00000033792|Atp7a	49.5	106124763	chrX:106124612-106124926	0.34	0.15	0.64	0.35	0.59	0.09	0.13	0.56	0.39	0.21	0.49	NA
ENSMUST00000040065.3|ENSMUSG00000033777|Tlr13	183.4	106160242	chrX:106159631-106160493	NA	NA	0.67	0.87	0.73	0.70	NA	0.64	0.84	0.77	NA	NA
ENSMUST00000135949.1|ENSMUSG00000062070|Pgk1	89575.1	106200336	chrX:106200125-106203661	0.12	0.12	0.14	0.13	0.12	0.11	0.14	0.12	0.13	0.14	0.12	0.12
ENSMUST00000055497.14|ENSMUSG00000047242|Taf9b	255.3	106207997	chrX:106206882-106208496	1.00	0.94	1.00	0.89	0.86	0.87	1.00	0.78	0.79	0.90	1.00	1.00
ENSMUST00000101297.3|ENSMUSG00000073010|Gm5127	31.6	106709912	chrX:106709751-106710557	0.97	0.61	NA	NA	0.55	0.51	NA	NA	NA	NA	0.74	0.78
ENSMUST00000060576.7|ENSMUSG00000049929|Lpar4	39.8	106932158	chrX:106931321-106933900	NA	0.20	0.10	0.16	0.30	0.19	0.31	0.25	0.12	0.24	NA	NA
ENSMUST00000033591.5|ENSMUSG00000031239|Itm2a	919602.3	107397484	chrX:107397098-107397893	0.36	0.36	0.29	0.32	0.66	0.44	0.29	0.29	0.39	0.33	0.48	0.46
ENSMUST00000120722.1|ENSMUSG00000031242|2610002M06Rik	37.2	107787473	chrX:107782750-107787811	0.06	0.16	0.35	0.24	0.32	0.12	0.22	0.33	0.24	0.30	0.33	0.69
ENSMUST00000033597.8|ENSMUSG00000031245|Hmgn5	81.4	109004847	chrX:109004533-109005111	0.61	0.96	NA	0.48	1.00	0.50	1.00	0.58	NA	NA	1.00	1.00
ENSMUST00000033598.8|ENSMUSG00000031246|Sh3bgrl	8929.2	109160319	chrX:109160159-109162471	0.91	1.00	1.00	1.00	0.92	0.99	1.00	1.00	0.99	1.00	0.87	0.96
ENSMUST00000026599.9|ENSMUSG00000025525|Apool	70.0	112372434	chrX:112372279-112372755	0.37	0.55	0.47	0.51	0.37	0.46	0.45	0.31	0.44	0.33	0.21	0.29
ENSMUST00000026607.14|ENSMUSG00000025531|Chm	98.6	113041717	chrX:113040592-113043446	0.72	0.56	0.42	0.44	0.82	0.56	0.32	0.49	0.36	0.32	0.57	0.53
ENSMUST00000113371.7|ENSMUSG00000025597|Klhl4	134.8	114560486	chrX:114559487-114560829	0.89	1.00	NA	0.38	0.80	0.67	NA	0.56	NA	1.00	1.00	0.60
ENSMUST00000079490.5|ENSMUSG00000055733|Nap1l3	17.5	122395011	chrX:122394564-122395387	0.46	NA	NA	0.87	0.54	0.78	0.19	0.46	NA	NA	0.57	0.52
ENSMUST00000113320.2|ENSMUSG00000034480|Diaph2	12.6	130461083	chrX:130460932-130465834	NA	NA	0.35	0.44	0.09	NA	0.04	0.37	0.30	NA	0.19	0.49
ENSMUST00000149154.7|ENSMUSG00000051323|Pcdh19	9.8	133587764	chrX:133582859-133587990	0.07	0.10	0.04	0.05	0.28	NA	0.01	0.11	0.09	0.06	0.07	0.05
ENSMUST00000087557.11|ENSMUSG00000067377|Tspan6	5819.3	133892549	chrX:133891067-133892700	1.00	1.00	1.00	1.00	0.79	1.00	1.00	1.00	1.00	1.00	1.00	0.98
ENSMUST00000113304.1|ENSMUSG00000031253|Srpx2	44.6	133931678	chrX:133931463-133932446	0.12	NA	0.25	0.18	0.08	0.15	NA	0.01	0.09	0.15	NA	NA
ENSMUST00000113297.8|ENSMUSG00000031255|Sytl4	19.5	133937076	chrX:133936384-133937999	NA	NA	0.98	0.61	0.20	NA	NA	0.73	NA	0.81	NA	NA
ENSMUST00000037687.7|ENSMUSG00000033578|Tmem35a	28.5	134305615	chrX:134304837-134305969	0.69	0.57	NA	0.67	NA	0.82	0.68	0.95	0.71	0.73	0.59	0.87
ENSMUST00000153424.7|ENSMUSG00000000223|Drp2	19.1	134453254	chrX:134452697-134456573	NA	0.29	NA	0.46	NA	NA	NA	NA	NA	NA	0.53	0.46
ENSMUST00000054213.4|ENSMUSG00000048007|Timm8a1	788.9	134537550	chrX:134537255-134538108	0.59	0.53	0.62	0.38	0.76	0.46	0.40	0.46	0.40	0.55	0.79	0.65
ENSMUST00000033617.12|ENSMUSG00000031264|Btk	48.1	134542550	chrX:134542335-134542738	NA	NA	NA	NA	0.74	0.21	NA	NA	0.34	0.33	NA	NA
ENSMUST00000170828.1|ENSMUSG00000079435|Rpl36a	17238.7	134587626	chrX:134587475-134588062	0.04	0.02	0.03	0.03	0.02	0.02	0.02	0.02	0.03	0.03	0.02	0.02
ENSMUST00000033621.7|ENSMUSG00000031266|Gla	56.4	134589425	chrX:134588148-134589869	NA	0.85	0.28	0.46	0.48	0.16	0.38	0.34	0.47	0.48	NA	NA
ENSMUST00000113203.1|ENSMUSG00000045427|Hnrnph2	3493.1	134606739	chrX:134606254-134607060	0.46	0.45	0.44	0.40	1.00	0.50	0.54	0.42	0.42	0.48	0.71	0.64
ENSMUST00000124226.2|ENSMUSG00000049804|Armcx4	40.7	134696563	chrX:134696412-134696757	NA	NA	NA	NA	0.64	NA	0.35	0.35	NA	NA	0.36	0.73
ENSMUST00000051256.9|ENSMUSG00000033460|Armcx1	98.3	134721709	chrX:134721518-134721917	0.46	0.46	0.22	0.27	0.49	0.40	0.45	0.29	0.60	0.39	0.70	0.44
ENSMUST00000113194.7|ENSMUSG00000050394|Armcx6	38.5	134748870	chrX:134748460-134749177	1.00	0.56	0.83	0.39	0.37	0.64	0.79	0.69	0.73	0.79	0.48	NA
ENSMUST00000086884.4|ENSMUSG00000049047|Armcx3	452.4	134759946	chrX:134759729-134761455	0.40	0.47	0.46	0.65	0.39	0.51	0.42	0.49	0.50	0.55	0.64	0.61
ENSMUST00000119010.7|ENSMUSG00000033436|Armcx2	128.7	134804363	chrX:134804144-134804530	0.39	0.39	0.44	0.70	0.54	0.53	0.32	0.27	0.43	0.32	0.48	0.56
ENSMUST00000033783.1|ENSMUSG00000031409|Tceal6	105.3	135208793	chrX:135208686-135208944	0.41	0.21	NA	NA	0.63	0.67	0.19	0.24	NA	NA	0.37	0.37
ENSMUST00000096321.2|ENSMUSG00000072969|Armcx5	11.8	135747145	chrX:135746994-135747322	0.38	0.13	NA	NA	NA	0.34	NA	0.26	NA	NA	0.49	0.22
ENSMUST00000113144.7|ENSMUSG00000043384|Gprasp1	123.0	135803270	chrX:135803100-135803474	0.32	0.20	0.36	0.26	0.53	0.70	0.39	0.33	0.19	0.40	0.52	0.58
ENSMUST00000068755.13|ENSMUSG00000072964|Bhlhb9	243.9	135890835	chrX:135890657-135891081	0.39	0.28	0.38	0.29	0.71	0.30	0.50	0.37	0.33	0.32	0.44	0.61
ENSMUST00000173804.7|ENSMUSG00000072966|Gprasp2	23.3	135844522	chrX:135844371-135844730	0.46	0.20	NA	0.18	0.44	0.36	0.51	0.28	0.27	0.27	0.45	0.36
ENSMUST00000058119.8|ENSMUSG00000048040|Arxes2	382.2	135995079	chrX:135994498-135995355	0.51	0.53	0.57	0.47	1.00	0.64	0.55	0.44	0.62	0.55	0.72	0.66
ENSMUST00000057625.2|ENSMUSG00000048355|Arxes1	75.1	136034632	chrX:136034045-136034946	NA	0.75	NA	0.59	0.28	0.67	0.72	0.21	0.54	0.34	0.79	0.42
ENSMUST00000049130.7|ENSMUSG00000042750|Bex2	15615.0	136066664	chrX:136066563-136066815	0.18	0.16	0.17	0.12	0.25	0.28	0.17	0.13	0.20	0.09	0.31	0.29
ENSMUST00000116527.1|ENSMUSG00000047844|Bex4	155.1	136140364	chrX:136140213-136140443	NA	0.15	NA	NA	0.51	0.34	NA	NA	NA	NA	0.16	0.25
ENSMUST00000163584.7|ENSMUSG00000051579|Tceal8	11411.7	136170288	chrX:136168983-136170671	0.04	0.04	0.03	0.03	0.09	0.04	0.03	0.03	0.04	0.03	0.07	0.05
ENSMUST00000066819.10|ENSMUSG00000054034|Tceal5	27.7	136201036	chrX:136200947-136201187	NA	NA	NA	NA	0.34	0.36	0.25	NA	NA	NA	0.21	0.30
ENSMUST00000058125.8|ENSMUSG00000050071|Bex1	1122.2	136214043	chrX:136213971-136214194	0.12	0.08	0.07	0.05	0.57	0.11	0.27	0.07	NA	NA	0.24	0.27
ENSMUST00000048687.10|ENSMUSG00000042712|Tceal9	45796.6	136246847	chrX:136246677-136247139	0.28	0.29	0.25	0.28	0.63	0.39	0.22	0.25	0.31	0.28	0.33	0.30
ENSMUST00000178632.7|ENSMUSG00000046432|Bex3	18223.7	136271813	chrX:136271662-136271978	0.26	0.19	0.17	0.17	0.35	0.25	0.14	0.14	0.14	0.15	0.29	0.25
ENSMUST00000060904.10|ENSMUSG00000044550|Tceal3	620.8	136668287	chrX:136668136-136668378	0.42	0.21	0.24	0.19	0.10	0.37	0.21	0.26	NA	NA	0.31	0.31
ENSMUST00000055104.5|ENSMUSG00000049536|Tceal1	340.6	136709700	chrX:136709304-136711478	0.02	0.01	0.03	0.04	0.07	0.03	0.02	0.04	0.04	0.03	0.04	0.05
ENSMUST00000033797.12|ENSMUSG00000031422|Morf4l2	19819.3	136733245	chrX:136732941-136733613	0.41	0.43	0.35	0.40	0.87	0.48	0.42	0.33	0.42	0.42	0.54	0.54
ENSMUST00000033800.12|ENSMUSG00000031425|Plp1	7782.6	136837527	chrX:136836108-136839733	0.13	0.07	0.07	0.06	0.49	0.10	0.08	0.06	0.07	0.06	0.11	0.10
ENSMUST00000127404.7|ENSMUSG00000072955|Tmsb15l	93.9	136955296	chrX:136954987-136955447	0.14	0.31	0.20	NA	0.01	0.00	0.15	0.23	0.16	0.08	0.15	0.26
ENSMUST00000033804.4|ENSMUSG00000031428|Zcchc18	301.9	136996149	chrX:136995816-136998472	0.02	0.03	0.03	0.02	0.07	0.03	0.03	0.04	0.06	0.03	0.03	0.03
ENSMUST00000047852.7|ENSMUSG00000042595|Fam199x	20.6	137079002	chrX:137075647-137082503	NA	0.13	0.17	0.14	NA	0.17	NA	0.13	0.11	NA	NA	NA
ENSMUST00000113045.8|ENSMUSG00000042515|Pwwp3b	22.2	139236912	chrX:139236757-139238335	NA	NA	1.00	0.89	NA	NA	0.53	0.56	0.72	0.89	NA	NA
ENSMUST00000113026.1|ENSMUSG00000031438|Rnf128	188.1	139672089	chrX:139671865-139673145	0.73	NA	0.38	0.61	1.00	0.74	0.14	0.45	0.51	0.60	0.49	0.22
ENSMUST00000096313.3|ENSMUSG00000042473|Tbc1d8b	21.5	139752735	chrX:139751838-139753405	NA	NA	0.24	0.30	NA	NA	0.14	0.73	0.21	0.43	NA	NA
ENSMUST00000171896.1|ENSMUSG00000031434|Morc4	2.8	139864467	chrX:139858795-139864618	0.03	0.00	0.01	NA	NA	NA	0.00	0.01	0.00	0.00	NA	NA
ENSMUST00000033809.3|ENSMUSG00000031432|Prps1	247.4	140475825	chrX:140475258-140476140	0.54	0.56	0.41	0.46	1.00	0.60	0.66	0.54	0.54	0.71	0.75	0.88
ENSMUST00000055738.11|ENSMUSG00000031431|Tsc22d3	16154.5	140540350	chrX:140539527-140540870	0.79	0.78	0.79	0.67	1.00	0.87	0.78	0.83	0.72	0.70	0.86	0.87
ENSMUST00000112978.1|ENSMUSG00000031429|Psmd10	1004.4	140949081	chrX:140948428-140949304	0.48	0.37	0.53	0.50	0.38	0.57	0.33	0.37	0.54	0.32	0.31	0.42
ENSMUST00000112971.1|ENSMUSG00000079418|Atg4a	160.3	141163854	chrX:141163311-141164270	0.39	0.33	0.39	0.35	0.89	0.45	0.50	0.40	0.53	0.67	0.63	0.78
ENSMUST00000101205.2|ENSMUSG00000031273|Col4a6	280.5	141165749	chrX:141165402-141166720	NA	NA	0.56	0.62	0.69	0.68	0.75	0.69	0.59	0.67	NA	NA
ENSMUST00000112931.7|ENSMUSG00000031274|Col4a5	1119.9	141688864	chrX:141688121-141689234	NA	NA	0.41	0.62	1.00	0.78	0.50	0.62	0.66	0.56	NA	NA
ENSMUST00000112916.8|ENSMUSG00000042271|Nxt2	649.2	142237975	chrX:142237824-142239692	1.00	0.95	0.99	1.00	0.92	0.93	1.00	0.99	1.00	0.93	0.99	1.00
ENSMUST00000134825.2|ENSMUSG00000090122|Kcne1l	95.6	142305097	chrX:142304751-142305596	1.00	0.69	0.66	0.45	0.73	0.45	0.34	0.44	0.30	0.44	0.58	0.73
ENSMUST00000112907.7|ENSMUSG00000031278|Acsl4	103.1	142319406	chrX:142317992-142320679	0.76	0.75	0.63	0.86	1.00	0.63	0.99	0.74	0.73	0.52	1.00	0.59
ENSMUST00000112889.7|ENSMUSG00000047045|Tmem164	281.9	142838147	chrX:142834388-142843494	0.03	0.03	0.01	0.01	0.05	0.01	NA	0.02	0.01	0.01	0.04	0.03
ENSMUST00000041317.2|ENSMUSG00000042225|Ammecr1	29.5	142853681	chrX:142851145-142855535	NA	NA	0.16	0.26	NA	0.13	NA	0.21	0.26	0.25	NA	NA
ENSMUST00000074660.11|ENSMUSG00000031283|Chrdl1	42.0	143299148	chrX:143297173-143299824	0.85	0.83	NA	NA	0.80	0.84	NA	1.00	1.00	1.00	1.00	0.87
ENSMUST00000172330.2|ENSMUSG00000031284|Pak3	24.7	143791636	chrX:143791321-143797796	NA	0.06	0.08	0.09	0.04	0.04	NA	0.01	0.02	NA	0.06	0.04
ENSMUST00000163233.1|ENSMUSG00000041353|Tmem29	163.1	150409065	chrX:150408583-150409366	0.63	0.93	0.65	0.38	0.97	0.52	0.44	0.68	0.71	0.46	0.72	0.65
ENSMUST00000112720.7|ENSMUSG00000025269|Apex2	172.6	150571619	chrX:150568861-150571770	0.24	0.60	0.40	0.35	0.35	0.06	0.04	0.32	0.06	0.12	NA	NA
ENSMUST00000112699.8|ENSMUSG00000025268|Maged2	7282.4	150806467	chrX:150806369-150806719	0.76	0.59	0.68	0.48	0.59	0.78	0.68	0.71	0.38	0.61	NA	NA
ENSMUST00000112685.7|ENSMUSG00000025265|Fgd1	84.2	151089075	chrX:151088905-151089521	0.88	0.82	0.84	0.72	1.00	1.00	0.74	0.60	0.84	0.85	0.65	0.66
ENSMUST00000112683.8|ENSMUSG00000025264|Tsr2	906.0	151089688	chrX:151087093-151090282	0.09	0.23	0.31	0.38	0.23	0.23	0.27	0.26	0.60	0.43	0.46	0.63
ENSMUST00000046950.12|ENSMUSG00000041229|Phf8	62.3	151631579	chrX:151631424-151633859	1.00	NA	0.97	1.00	NA	1.00	0.94	1.00	0.74	0.74	NA	NA
ENSMUST00000145518.7|ENSMUSG00000041133|Smc1a	2179.5	152026770	chrX:152026290-152036212	0.09	0.11	0.13	0.13	0.08	0.08	0.10	0.11	0.12	0.12	0.08	0.10
ENSMUST00000112588.8|ENSMUSG00000025332|Kdm5c	49.6	152273445	chrX:152273071-152274535	0.31	0.22	0.32	0.28	1.00	0.25	0.28	0.25	0.20	0.20	0.45	0.65
ENSMUST00000195280.2|ENSMUSG00000087403|Kantr	25.9	152297320	chrX:152294827-152297868	NA	NA	0.51	0.58	1.00	NA	NA	0.67	0.79	0.67	0.79	1.00
ENSMUST00000178165.1|ENSMUSG00000041096|Tspyl2	1129.9	152339632	chrX:152339300-152340339	0.00	0.00	0.00	0.00	NA	0.00	0.00	0.00	0.00	0.00	0.00	0.00
ENSMUST00000101141.8|ENSMUSG00000045180|Shroom2	175.6	152612379	chrX:152609508-152612530	0.96	1.00	0.70	1.00	1.00	NA	1.00	1.00	NA	NA	1.00	0.84
ENSMUST00000051484.4|ENSMUSG00000047238|Mageh1	758.7	153036421	chrX:153036165-153036684	0.53	0.36	0.34	0.29	1.00	0.65	0.42	0.33	0.51	0.37	0.67	0.62
ENSMUST00000039720.10|ENSMUSG00000041658|Rragb	49.0	153171677	chrX:153171310-153171943	0.32	0.52	0.35	0.65	0.34	0.34	NA	0.38	NA	NA	0.48	0.34
ENSMUST00000060714.9|ENSMUSG00000050148|Ubqln2	255.3	153500518	chrX:153500367-153501570	NA	NA	1.00	1.00	NA	1.00	NA	NA	0.82	NA	NA	1.00
ENSMUST00000039424.13|ENSMUSG00000041633|Kctd12b	27.9	153688378	chrX:153685153-153688815	0.71	0.89	0.54	0.61	1.00	0.45	0.46	0.63	0.50	0.69	0.41	0.63
ENSMUST00000185492.6|ENSMUSG00000086316|Nbdy	2146.6	153725841	chrX:153723903-153741920	0.13	0.08	0.10	0.09	0.07	0.07	0.10	0.08	0.08	0.08	0.06	0.05
ENSMUST00000049999.8|ENSMUSG00000046550|Spin2c	10.5	153834114	chrX:153833963-153834243	NA	0.20	NA	NA	0.23	0.42	NA	NA	NA	NA	0.30	0.40
ENSMUST00000152463.7|ENSMUSG00000025283|Sat1	481333.7	155215068	chrX:155213131-155215219	1.00	1.00	1.00	1.00	1.00	1.00	1.00	1.00	1.00	1.00	1.00	1.00
ENSMUST00000131332.7|ENSMUSG00000025287|Acot9	1490.1	155273429	chrX:155269730-155297646	0.26	0.24	0.25	0.26	0.23	0.23	0.30	0.27	0.23	0.28	NA	NA
ENSMUST00000135713.7|ENSMUSG00000057457|Phex	78.1	157165261	chrX:157162074-157165562	NA	NA	NA	1.00	NA	NA	NA	1.00	0.75	0.94	NA	NA
ENSMUST00000145477.7|ENSMUSG00000071708|Sms	20.3	157454738	chrX:157445695-157454889	0.00	0.00	0.00	0.00	0.01	0.01	0.00	0.00	0.00	0.00	0.00	0.00
ENSMUST00000026750.14|ENSMUSG00000025658|Cnksr2	206.4	157823472	chrX:157821435-157823623	NA	0.87	NA	NA	NA	0.88	NA	NA	NA	NA	1.00	1.00
ENSMUST00000033671.12|ENSMUSG00000031309|Rps6ka3	32.0	159363935	chrX:159363482-159368244	0.07	0.27	0.42	0.54	0.25	0.22	0.65	0.32	NA	0.28	0.21	NA
ENSMUST00000087143.6|ENSMUSG00000067194|Eif1ax	1128.9	159385593	chrX:159385410-159389928	0.14	0.22	0.29	0.30	0.13	0.14	0.21	0.26	0.27	0.23	0.38	0.50
ENSMUST00000033665.8|ENSMUSG00000031303|Map3k15	1402.4	160123147	chrX:160122996-160123351	0.96	0.88	0.85	0.88	1.00	1.00	0.79	0.92	1.00	1.00	1.00	1.00
ENSMUST00000033662.8|ENSMUSG00000031299|Pdha1	1972.5	160122593	chrX:160122208-160123785	0.79	0.86	0.76	0.81	1.00	0.98	0.89	0.85	0.93	0.83	0.96	0.82
ENSMUST00000061514.7|ENSMUSG00000043518|Rai2	24.4	161779290	chrX:161779139-161779496	NA	0.34	0.22	0.23	0.30	NA	0.24	0.22	0.16	NA	0.57	0.36
ENSMUST00000101102.1|ENSMUSG00000040855|Reps2	97.6	162417361	chrX:162411953-162417545	NA	NA	0.72	NA	NA	NA	NA	0.70	0.60	0.95	1.00	0.76
ENSMUST00000033720.11|ENSMUSG00000031353|Rbbp7	23339.2	162778623	chrX:162778413-162779092	0.13	0.13	0.11	0.11	0.22	0.14	0.10	0.10	0.12	0.11	0.19	0.16
ENSMUST00000033723.3|ENSMUSG00000031357|Syap1	356.7	162857735	chrX:162857056-162857886	0.91	1.00	0.95	1.00	1.00	0.96	0.96	0.90	0.94	1.00	0.86	1.00
ENSMUST00000033727.13|ENSMUSG00000031360|Ctps2	513.6	163029984	chrX:163029833-163032508	0.19	0.22	0.22	0.19	0.23	0.23	0.18	0.21	0.18	0.21	0.33	0.39
ENSMUST00000090840.9|ENSMUSG00000031370|Zrsr2	195.9	163952924	chrX:163950385-163953548	0.10	0.13	0.11	0.09	0.11	0.14	0.03	0.13	0.11	0.10	0.11	0.19
ENSMUST00000033739.4|ENSMUSG00000031373|Car5b	47.0	163978890	chrX:163976821-163979193	0.44	0.59	NA	NA	0.18	0.28	NA	NA	NA	NA	0.85	0.49
ENSMUST00000037928.8|ENSMUSG00000040749|Siah1b	19.6	164070944	chrX:164070704-164071236	0.34	0.21	0.17	0.19	0.24	0.35	0.12	0.42	0.27	NA	0.46	0.74
ENSMUST00000112265.8|ENSMUSG00000031377|Bmx	25.1	164193273	chrX:164192841-164193738	0.46	0.97	0.94	NA	0.41	NA	NA	0.83	NA	NA	NA	0.85
ENSMUST00000033749.8|ENSMUSG00000031379|Pir	496.4	164372713	chrX:164372562-164373011	0.19	0.11	0.13	0.10	0.06	0.14	0.08	0.10	0.13	0.04	0.13	0.16
ENSMUST00000112247.8|ENSMUSG00000061778|Mospd2	204.4	164937128	chrX:164936317-164937279	1.00	1.00	0.97	1.00	1.00	NA	0.95	0.59	1.00	0.98	NA	1.00
ENSMUST00000056410.10|ENSMUSG00000040621|Gemin8	25.0	166189701	chrX:166189497-166190512	0.69	0.86	0.66	0.94	0.38	0.84	NA	0.75	0.34	0.39	0.86	0.76
ENSMUST00000112192.7|ENSMUSG00000079317|Trappc2	1282.6	166452771	chrX:166452143-166453138	0.58	0.54	0.58	0.57	0.58	0.57	0.54	0.64	0.51	0.49	0.66	0.63
ENSMUST00000112091.8|ENSMUSG00000079316|Rab9	1122.1	166457493	chrX:166457252-166457710	0.50	0.38	0.35	0.36	0.98	0.46	0.34	0.30	0.42	0.30	0.56	0.41
ENSMUST00000112188.7|ENSMUSG00000051224|Tceanc	20.8	166501008	chrX:166499811-166502320	NA	NA	NA	NA	NA	1.00	NA	0.75	0.84	0.77	NA	NA
ENSMUST00000112172.3|ENSMUSG00000049775|Tmsb4x	15936930.7	167207289	chrX:167207092-167207503	0.44	0.45	0.45	0.43	0.55	0.49	0.43	0.45	0.44	0.45	0.47	0.46
ENSMUST00000112161.7|ENSMUSG00000044583|Tlr7	37.0	167305129	chrX:167304928-167305338	NA	NA	0.33	NA	0.57	1.00	NA	NA	0.52	0.61	NA	NA
ENSMUST00000026839.4|ENSMUSG00000025742|Prps2	90.0	167348651	chrX:167346321-167348908	0.40	0.61	0.61	0.59	0.72	0.85	0.45	0.70	0.67	0.60	0.90	0.65
ENSMUST00000033725.15|ENSMUSG00000031358|Msl3	91.6	168654394	chrX:168654116-168654871	0.60	0.49	0.83	0.54	1.00	0.63	0.93	0.69	0.41	0.75	0.83	0.88
ENSMUST00000154638.8|ENSMUSG00000031352|Hccs	286.9	169311623	chrX:169250192-169315706	0.02	0.02	0.02	0.03	0.02	0.01	0.03	0.03	0.02	0.03	0.01	0.01
ENSMUST00000171433.7|ENSMUSG00000035299|Mid1	2.9	169989375	chrX:169989208-170005736	0.04	0.02	NA	0.03	NA	NA	0.07	NA	NA	0.03	NA	NA
