Gene	fit_value	Predicted_Proximal_APA	Loci	/home/taylor/stroke_APA_work/bedgraph/day1_rep1_PDUI	/home/taylor/stroke_APA_work/bedgraph/day1_rep2_PDUI	/home/taylor/stroke_APA_work/bedgraph/day21_rep1_PDUI	/home/taylor/stroke_APA_work/bedgraph/day21_rep2_PDUI	/home/taylor/stroke_APA_work/bedgraph/day3_rep1_PDUI	/home/taylor/stroke_APA_work/bedgraph/day3_rep2_PDUI	/home/taylor/stroke_APA_work/bedgraph/day60_rep1_PDUI	/home/taylor/stroke_APA_work/bedgraph/day60_rep2_PDUI	/home/taylor/stroke_APA_work/bedgraph/day7_rep1_PDUI	/home/taylor/stroke_APA_work/bedgraph/day7_rep2_PDUI	/home/taylor/stroke_APA_work/bedgraph/sham1_PDUI	/home/taylor/stroke_APA_work/bedgraph/sham2_PDUI
ENSMUST00000154537.7|ENSMUSG00000024831|Ighmbp2	56.2	3274256	chr19:3264817-3274407	0.24	0.21	0.27	NA	NA	NA	0.39	0.27	0.30	0.31	NA	0.33
ENSMUST00000025835.5|ENSMUSG00000024900|Cpt1a	615.3	3385161	chr19:3383838-3385733	0.93	0.81	0.82	0.76	1.00	1.00	1.00	0.81	0.81	0.68	1.00	1.00
ENSMUST00000025846.15|ENSMUSG00000024908|Ppp6r3	540.5	3456851	chr19:3454927-3457002	0.90	1.00	0.90	1.00	1.00	0.98	1.00	1.00	0.89	0.97	1.00	1.00
ENSMUST00000177330.7|ENSMUSG00000024913|Lrp5	12.2	3649403	chr19:3584830-3649559	NA	NA	0.04	NA	NA	NA	NA	0.08	0.06	0.06	NA	NA
ENSMUST00000039048.1|ENSMUSG00000035372|1810055G02Rik	716.2	3717741	chr19:3717590-3717881	0.35	0.22	0.26	0.38	0.45	0.25	0.21	0.26	0.20	0.25	0.58	0.53
ENSMUST00000135070.7|ENSMUSG00000001750|Tcirg1	7827.6	3902343	chr19:3896049-3903680	0.29	0.30	0.29	0.24	0.30	0.25	0.31	0.25	0.25	0.25	0.33	0.20
ENSMUST00000051803.7|ENSMUSG00000024885|Aldh3b1	655.1	3913713	chr19:3913490-3913896	0.28	0.23	0.30	0.23	0.53	0.36	0.32	0.22	0.26	0.26	0.42	0.35
ENSMUST00000165711.2|ENSMUSG00000036908|Unc93b1	148237.8	3947271	chr19:3947120-3949339	1.00	NA	1.00	1.00	1.00	1.00	1.00	1.00	1.00	1.00	NA	NA
ENSMUST00000143380.2|ENSMUSG00000075296|Aldh3b2	59.7	3981407	chr19:3981189-3981646	NA	0.22	NA	NA	NA	NA	0.41	NA	NA	NA	0.31	0.33
ENSMUST00000155405.7|ENSMUSG00000024869|Gm49405	39.8	4002332	chr19:4002020-4005816	0.29	0.62	NA	0.70	0.30	NA	0.47	0.75	NA	0.39	NA	1.00
ENSMUST00000237129.1|ENSMUSG00000037916|Ndufv1	193457.1	4009825	chr19:4007501-4009985	0.40	0.37	0.37	0.37	0.44	0.37	0.43	0.41	0.34	0.36	0.39	0.37
ENSMUST00000174799.1|ENSMUSG00000024856|Cdk2ap2	159241.3	4098159	chr19:4098008-4099010	0.72	0.65	0.72	0.68	0.59	0.59	0.67	0.67	0.67	0.63	0.62	0.55
ENSMUST00000145214.8|ENSMUSG00000024851|Pitpnm1	44684.7	4111189	chr19:4110967-4112217	0.41	0.50	0.47	0.50	0.58	0.46	0.45	0.44	0.41	0.48	0.50	0.46
ENSMUST00000236397.1|ENSMUSG00000024835|Coro1b	180258.1	4150826	chr19:4150529-4154035	0.25	0.23	0.23	0.22	0.24	0.21	0.24	0.23	0.21	0.23	0.22	0.22
ENSMUST00000025749.14|ENSMUSG00000024830|Rps6kb2	31.6	4156861	chr19:4153990-4157012	0.03	0.03	0.17	0.16	0.03	0.01	0.07	0.19	0.00	0.05	0.03	0.04
ENSMUST00000046094.5|ENSMUSG00000040385|Ppp1ca	135098.2	4195240	chr19:4195089-4195420	0.35	0.32	0.27	0.27	0.60	0.35	0.26	0.24	0.34	0.28	0.45	0.46
ENSMUST00000237278.1|ENSMUSG00000024824|Rad9a	393.6	4200271	chr19:4197675-4201041	0.05	0.00	0.02	0.03	0.00	0.00	0.05	0.02	0.00	0.02	0.02	NA
ENSMUST00000236364.1|ENSMUSG00000117873|Gm45928	6126.6	4232943	chr19:4232792-4233263	0.33	0.08	0.14	0.12	0.24	0.01	0.05	0.02	0.04	0.05	0.07	0.01
ENSMUST00000025773.4|ENSMUSG00000024854|Pold4	1344.1	4233405	chr19:4233235-4233634	0.45	0.43	0.38	0.46	0.70	0.47	0.31	0.27	0.34	0.31	0.43	0.47
ENSMUST00000163858.7|ENSMUSG00000005986|Ankrd13d	303.8	4280536	chr19:4270181-4282011	0.33	0.16	0.20	0.23	0.21	0.22	0.16	0.28	0.19	0.11	0.18	0.17
ENSMUST00000025791.11|ENSMUSG00000024858|Grk2	5200.6	4286279	chr19:4286000-4287102	0.80	0.83	0.67	0.71	1.00	0.77	0.72	0.81	0.78	0.71	0.89	0.83
ENSMUST00000235335.1|ENSMUSG00000054611|Kdm2a	273.4	4322386	chr19:4317705-4322544	0.29	0.25	0.36	0.28	0.19	NA	NA	0.24	0.28	0.32	0.39	0.55
ENSMUST00000117462.1|ENSMUSG00000041845|Rhod	24286.2	4425887	chr19:4425666-4426491	0.61	0.65	0.63	0.63	1.00	0.65	0.68	0.66	0.82	0.62	NA	NA
ENSMUST00000059295.9|ENSMUSG00000049303|Syt12	221.5	4447481	chr19:4445907-4447689	0.21	0.27	0.43	0.33	0.86	0.29	0.31	0.33	0.32	0.32	0.41	0.49
ENSMUST00000068004.12|ENSMUSG00000024892|Pcx	469.7	4621500	chr19:4621285-4621752	0.13	0.26	0.41	0.19	0.59	0.34	0.26	0.25	0.42	0.18	0.39	0.40
ENSMUST00000113822.2|ENSMUSG00000045045|Lrfn4	41.4	4611928	chr19:4611784-4612079	0.51	0.39	0.28	0.21	0.64	0.50	0.35	0.43	0.24	0.34	0.55	0.60
ENSMUST00000225476.1|ENSMUSG00000024889|Rce1	12692.7	4623727	chr19:4622590-4623878	1.00	1.00	1.00	1.00	1.00	1.00	1.00	1.00	1.00	1.00	1.00	1.00
ENSMUST00000008991.7|ENSMUSG00000067889|Sptbn2	7320.6	4752124	chr19:4751725-4752360	0.55	0.50	0.40	0.44	0.90	0.80	0.45	0.37	0.38	0.71	0.66	0.67
ENSMUST00000178353.1|ENSMUSG00000096370|Gm21992	667.9	4792397	chr19:4742912-4793992	0.17	NA	0.24	0.21	NA	NA	0.31	0.21	NA	0.21	NA	NA
ENSMUST00000182200.1|ENSMUSG00000033760|Rbm4b	871.6	4758428	chr19:4757713-4764130	1.00	0.96	0.85	0.71	NA	0.60	0.63	0.60	0.77	0.67	0.71	0.70
ENSMUST00000238136.1|ENSMUSG00000034108|Ccs	2816.9	4833277	chr19:4825546-4833428	0.03	0.02	0.02	0.02	0.02	0.02	0.02	0.02	0.02	0.02	0.02	0.02
ENSMUST00000119694.2|ENSMUSG00000083282|Ctsf	6626.7	4860667	chr19:4860462-4860918	0.35	0.38	0.37	0.38	0.60	0.42	0.34	0.36	0.44	0.42	0.60	0.52
ENSMUST00000162720.7|ENSMUSG00000006463|Zdhhc24	1522.6	4880398	chr19:4880156-4885396	0.24	0.24	0.34	0.22	0.29	0.27	0.25	0.33	0.23	0.25	0.20	0.27
ENSMUST00000237362.1|ENSMUSG00000006464|Bbs1	65.3	4902743	chr19:4890662-4902894	NA	0.22	0.29	0.16	NA	NA	NA	0.15	NA	NA	0.26	0.18
ENSMUST00000235781.1|ENSMUSG00000063904|Dpp3	7637.5	4914579	chr19:4907230-4915044	0.11	0.10	0.10	0.13	0.11	0.11	0.12	0.12	0.12	0.10	0.09	0.12
ENSMUST00000025834.14|ENSMUSG00000024901|Peli3	14.8	4932000	chr19:4929716-4932300	NA	0.59	0.73	0.62	NA	NA	NA	0.80	NA	NA	0.58	0.51
ENSMUST00000025836.5|ENSMUSG00000024902|Mrpl11	310.5	4964927	chr19:4964776-4966999	0.10	0.08	0.21	0.11	0.01	0.05	0.00	0.10	0.05	0.11	0.03	0.04
ENSMUST00000025826.6|ENSMUSG00000024891|Slc29a2	24.2	5031564	chr19:5031027-5031969	1.00	0.62	NA	0.46	1.00	0.42	0.63	0.80	NA	NA	NA	NA
ENSMUST00000236560.1|ENSMUSG00000117789|Gm50388	3410.3	5040897	chr19:5040495-5049912	0.14	0.11	0.05	0.05	0.10	0.08	0.06	0.03	0.05	0.04	0.14	0.10
ENSMUST00000116567.3|ENSMUSG00000080268|Brms1	1145.5	5049663	chr19:5049411-5049917	0.46	0.56	0.34	0.37	0.78	0.42	0.37	0.33	0.30	0.37	0.51	0.68
ENSMUST00000225427.1|ENSMUSG00000024883|Rin1	93.9	5055574	chr19:5055235-5057071	1.00	0.97	1.00	1.00	1.00	1.00	1.00	1.00	0.56	1.00	0.98	1.00
ENSMUST00000070630.7|ENSMUSG00000056481|Cd248	3484.7	5070571	chr19:5070420-5070682	0.21	0.16	0.20	0.17	0.25	0.18	0.11	0.27	0.21	0.25	0.30	0.38
ENSMUST00000077066.7|ENSMUSG00000061451|Tmem151a	476.4	5080882	chr19:5079329-5081772	0.02	0.02	0.03	0.03	NA	0.04	0.03	0.02	0.03	NA	0.04	0.04
ENSMUST00000237603.1|ENSMUSG00000024875|Yif1a	47943.3	5091696	chr19:5091409-5092501	0.18	0.17	0.14	0.18	0.25	0.17	0.16	0.16	0.18	0.18	0.19	0.22
ENSMUST00000235638.1|ENSMUSG00000024873|Cnih2	5824879.9	5093671	chr19:5093126-5094321	0.84	0.98	0.99	1.00	1.00	0.97	1.00	1.00	1.00	1.00	0.92	0.98
ENSMUST00000025804.6|ENSMUSG00000024870|Rab1b	10515.2	5099555	chr19:5099204-5100380	0.73	0.70	0.64	0.62	1.00	0.70	0.55	0.60	0.72	0.64	0.80	0.76
ENSMUST00000113728.7|ENSMUSG00000024862|Klc2	33.0	5108062	chr19:5107745-5108607	NA	0.29	0.68	0.24	NA	NA	NA	0.68	0.51	0.11	0.24	0.35
ENSMUST00000025774.10|ENSMUSG00000024853|Sf3b2	2416.4	5274186	chr19:5273931-5274458	0.48	0.48	0.39	0.37	0.64	0.42	0.42	0.40	0.34	0.45	0.57	0.61
ENSMUST00000061169.6|ENSMUSG00000047658|Gal3st3	52.7	5308445	chr19:5307891-5308738	NA	0.19	0.35	0.25	NA	0.38	0.40	0.13	NA	NA	0.26	0.24
ENSMUST00000025762.15|ENSMUSG00000024844|Banf1	20082.7	5364832	chr19:5364637-5365014	0.36	0.36	0.38	0.37	0.59	0.43	0.33	0.33	0.31	0.34	0.51	0.41
ENSMUST00000025759.8|ENSMUSG00000024841|Eif1ad	133.9	5370233	chr19:5370082-5371526	0.72	0.73	0.67	0.56	0.34	0.49	0.62	0.78	0.43	0.52	0.41	0.53
ENSMUST00000054477.7|ENSMUSG00000047423|AI837181	603.0	5426926	chr19:5426339-5427313	0.65	0.75	0.61	0.64	1.00	0.71	0.86	0.60	0.59	0.82	0.70	0.63
ENSMUST00000025850.6|ENSMUSG00000024912|Fosl1	3210.7	5455660	chr19:5455305-5455946	0.54	0.53	NA	NA	0.63	0.85	NA	NA	NA	NA	NA	NA
ENSMUST00000236881.1|ENSMUSG00000095098|Ccdc85b	40448.9	5456697	chr19:5453184-5456987	0.36	0.13	0.02	0.01	0.07	0.04	0.01	0.01	0.01	0.01	0.01	0.02
ENSMUST00000169943.7|ENSMUSG00000024909|Efemp2	76806.9	5476272	chr19:5476105-5478320	0.12	0.09	0.10	0.09	0.08	0.09	0.10	0.11	0.09	0.10	0.08	0.08
ENSMUST00000126471.1|ENSMUSG00000024906|Mus81	1734.0	5486028	chr19:5485487-5487106	0.12	0.00	0.13	0.09	0.73	0.07	0.11	0.13	0.02	0.11	0.00	0.00
ENSMUST00000209469.1|ENSMUSG00000056201|Cfl1	1738436.0	5493829	chr19:5493490-5495201	0.04	0.03	0.03	0.03	0.07	0.04	0.02	0.03	0.03	0.03	0.06	0.05
ENSMUST00000237111.1|ENSMUSG00000056185|Snx32	760.4	5495448	chr19:5495277-5495704	0.34	0.50	0.33	0.44	0.98	0.54	0.65	0.24	0.31	0.20	0.57	0.50
ENSMUST00000025864.10|ENSMUSG00000024925|Rnaseh2c	2737.2	5602998	chr19:5602847-5603439	1.00	1.00	1.00	1.00	1.00	0.83	1.00	1.00	NA	1.00	1.00	1.00
ENSMUST00000236883.1|ENSMUSG00000024926|Kat5	3821.0	5603820	chr19:5603013-5603971	0.66	0.75	0.73	0.85	0.95	0.75	0.68	0.69	0.61	0.60	0.87	0.72
ENSMUST00000237838.1|ENSMUSG00000024927|Rela	14632.1	5641676	chr19:5640330-5647423	0.12	0.11	0.11	0.11	0.10	0.12	0.15	0.13	0.11	0.12	0.10	0.11
ENSMUST00000169854.1|ENSMUSG00000056917|Sipa1	1254.2	5651267	chr19:5651184-5651418	0.14	0.22	0.16	0.17	0.26	0.27	0.22	0.25	0.17	0.14	0.27	0.11
ENSMUST00000113615.8|ENSMUSG00000054874|Pcnx3	127.1	5664894	chr19:5664634-5665055	0.79	0.46	0.46	0.47	1.00	0.48	0.38	0.36	0.49	0.60	0.49	0.65
ENSMUST00000237367.1|ENSMUSG00000024937|Ehbp1l1	2124.4	5710132	chr19:5708325-5710283	0.14	0.12	0.10	0.12	0.14	0.12	0.11	0.12	0.12	0.12	0.12	0.12
ENSMUST00000116558.2|ENSMUSG00000024939|Fam89b	4671.2	5728353	chr19:5728086-5728722	0.52	0.41	0.38	0.48	0.70	0.49	0.39	0.40	0.47	0.46	0.54	0.51
ENSMUST00000160852.7|ENSMUSG00000118125|Gm50387	55348.7	5730220	chr19:5728087-5730371	1.00	1.00	1.00	1.00	1.00	1.00	1.00	1.00	1.00	1.00	1.00	1.00
ENSMUST00000081496.5|ENSMUSG00000024940|Ltbp3	7830.1	5758296	chr19:5758089-5758532	0.52	0.55	0.42	0.39	1.00	0.62	0.39	0.40	0.41	0.41	0.80	0.38
ENSMUST00000025728.12|ENSMUSG00000024816|Frmd8	1049.0	5851492	chr19:5849701-5852623	0.05	0.04	0.03	0.03	0.12	0.06	0.04	0.04	0.04	0.03	0.08	0.05
ENSMUST00000125114.7|ENSMUSG00000024818|Slc25a45	444.4	5884792	chr19:5884641-5885766	NA	NA	NA	1.00	1.00	NA	NA	1.00	1.00	NA	NA	NA
ENSMUST00000055458.5|ENSMUSG00000045664|Cdc42ep2	49.7	5917722	chr19:5915635-5918033	0.02	0.04	0.04	0.03	0.02	0.05	0.01	0.13	0.02	0.01	0.03	0.05
ENSMUST00000025891.9|ENSMUSG00000024942|Capn1	115.9	5989182	chr19:5988544-5989363	0.54	0.47	0.42	0.55	0.73	0.53	0.60	0.54	0.76	0.53	NA	NA
ENSMUST00000138532.7|ENSMUSG00000024807|Syvn1	278.7	6053397	chr19:6052654-6053712	0.68	0.48	0.52	0.54	1.00	0.75	0.77	0.47	0.57	0.61	0.51	0.97
ENSMUST00000007482.7|ENSMUSG00000007338|Mrpl49	931.3	6054141	chr19:6053621-6054838	0.36	0.44	0.38	0.45	0.58	0.37	0.36	0.29	0.43	0.41	0.41	0.45
ENSMUST00000161090.7|ENSMUSG00000024799|Tm7sf2	106.0	6066310	chr19:6062900-6066675	0.17	0.26	0.15	0.18	0.14	0.16	0.16	0.17	0.11	0.16	0.15	0.13
ENSMUST00000160590.1|ENSMUSG00000024797|Vps51	33.2	6076121	chr19:6075902-6076300	0.32	0.18	0.12	0.38	0.74	0.36	0.31	0.42	0.43	0.32	0.70	0.56
ENSMUST00000160448.7|ENSMUSG00000024792|Zfpl1	24592.8	6082398	chr19:6082214-6082640	0.59	0.48	0.51	0.57	0.59	0.52	0.51	0.52	0.49	0.55	0.57	0.58
ENSMUST00000025704.2|ENSMUSG00000024791|Cdca5	49.3	6090958	chr19:6090725-6091777	NA	NA	NA	0.42	1.00	1.00	NA	0.37	0.80	0.71	NA	NA
ENSMUST00000025893.6|ENSMUSG00000024944|Arl2	9371.0	6134518	chr19:6134382-6134669	0.26	0.24	0.24	0.22	0.43	0.34	0.28	0.23	0.26	0.22	0.36	0.42
ENSMUST00000045042.7|ENSMUSG00000039699|Batf2	15.6	6172220	chr19:6171992-6172476	0.45	0.31	0.44	0.41	NA	NA	0.30	0.24	NA	0.11	NA	NA
ENSMUST00000025695.9|ENSMUSG00000024777|Ppp2r5b	2232.5	6228031	chr19:6227764-6228386	0.49	0.50	0.38	0.43	0.85	0.50	0.40	0.41	0.41	0.43	0.55	0.56
ENSMUST00000045351.12|ENSMUSG00000024773|Atg2a	111.0	6262066	chr19:6261834-6262335	0.46	0.66	0.33	0.35	0.66	0.70	0.35	0.29	0.50	0.24	0.33	0.52
ENSMUST00000025684.3|ENSMUSG00000024772|Ehd1	1144.1	6298746	chr19:6298595-6300096	0.38	0.48	0.55	0.52	0.41	0.40	0.48	0.54	0.58	0.59	0.64	0.61
ENSMUST00000113504.9|ENSMUSG00000024947|Men1	711.6	6340576	chr19:6340169-6340891	0.33	0.37	0.50	0.39	0.89	0.45	0.44	0.42	0.52	0.48	0.64	0.76
ENSMUST00000124556.7|ENSMUSG00000024948|Map4k2	793.9	6346809	chr19:6341786-6355301	0.40	NA	0.31	0.24	0.33	NA	NA	0.25	NA	NA	0.20	0.24
ENSMUST00000113485.8|ENSMUSG00000024949|Sf1	11463.8	6374898	chr19:6371634-6377202	0.12	0.21	0.29	0.29	0.24	0.24	0.35	0.28	0.32	0.29	0.26	0.33
ENSMUST00000035269.14|ENSMUSG00000032648|Pygm	330.0	6398342	chr19:6398191-6398459	0.25	0.27	0.27	0.32	0.55	0.37	0.39	0.24	0.15	0.32	0.42	0.33
ENSMUST00000127021.7|ENSMUSG00000032946|Rasgrp2	54.2	6403633	chr19:6403482-6415205	0.14	0.06	0.17	0.16	0.03	0.03	0.09	0.10	NA	0.10	0.07	0.10
ENSMUST00000170516.8|ENSMUSG00000024952|Rps6ka4	13630.3	6829343	chr19:6829084-6829941	0.68	0.68	0.53	0.57	1.00	0.71	0.74	0.60	0.84	0.49	0.86	0.78
ENSMUST00000236028.1|ENSMUSG00000047810|Ccdc88b	20.8	6844803	chr19:6844622-6845066	NA	NA	NA	NA	0.42	NA	0.32	NA	0.53	NA	0.33	NA
ENSMUST00000238095.1|ENSMUSG00000024953|Prdx5	367465.5	6906813	chr19:6906705-6907072	0.66	0.56	0.59	0.64	0.80	0.61	0.54	0.51	0.64	0.61	0.64	0.65
ENSMUST00000174786.1|ENSMUSG00000038812|Trmt112	8373.4	6910885	chr19:6910727-6911028	0.30	0.33	0.38	0.38	0.48	0.59	0.32	0.37	0.32	0.34	0.39	0.53
ENSMUST00000172975.2|ENSMUSG00000024955|Esrra	178.7	6911270	chr19:6910976-6911753	0.64	0.79	0.43	0.49	1.00	0.91	0.58	0.53	0.73	0.51	0.63	0.81
ENSMUST00000236348.1|ENSMUSG00000024958|Gpr137	20524.1	6938755	chr19:6938056-6940481	0.16	0.00	0.00	0.02	0.05	0.02	0.00	0.01	0.04	0.00	0.00	0.00
ENSMUST00000237334.1|ENSMUSG00000024959|Bad	81524.5	6951011	chr19:6950860-6951889	1.00	1.00	1.00	1.00	1.00	1.00	1.00	1.00	1.00	1.00	1.00	NA
ENSMUST00000237808.1|ENSMUSG00000024960|Plcb3	324.6	6953831	chr19:6952324-6954098	0.04	0.06	0.02	0.03	0.08	0.05	0.02	0.03	0.03	0.04	0.05	0.03
ENSMUST00000238181.1|ENSMUSG00000056629|Fkbp2	383078.2	6978389	chr19:6977746-6979452	NA	0.00	NA	0.00	0.00	0.00	0.00	0.00	NA	0.00	0.00	0.00
ENSMUST00000025914.6|ENSMUSG00000024962|Vegfb	15617.1	6985234	chr19:6982472-6985385	0.02	0.00	0.00	0.00	0.00	0.00	0.00	0.00	0.00	0.00	0.00	0.00
ENSMUST00000235481.1|ENSMUSG00000024963|Dnajc4	6014.4	6989659	chr19:6989483-6989810	0.45	0.36	0.46	0.44	0.37	0.31	0.42	0.45	0.45	0.47	0.41	0.44
ENSMUST00000025918.8|ENSMUSG00000024966|Stip1	7254.1	7020918	chr19:7020701-7021101	0.38	0.36	0.38	0.40	0.75	0.51	0.43	0.34	0.42	0.40	0.51	0.49
ENSMUST00000040261.6|ENSMUSG00000036278|Macrod1	392.1	7197854	chr19:7197703-7198057	NA	NA	NA	NA	1.00	NA	1.00	1.00	NA	NA	1.00	1.00
ENSMUST00000025679.10|ENSMUSG00000024767|Otub1	7968.6	7198440	chr19:7198201-7199044	0.71	0.65	0.60	0.55	0.61	0.67	0.60	0.57	0.75	0.63	0.68	0.70
ENSMUST00000066646.11|ENSMUSG00000024968|Rcor2	9.8	7274907	chr19:7274654-7275225	0.65	0.40	0.30	0.27	0.30	NA	NA	0.42	0.39	NA	0.72	0.49
ENSMUST00000025924.3|ENSMUSG00000024970|Spindoc	80.0	7357855	chr19:7356462-7358278	0.02	0.11	0.04	0.08	0.16	0.07	0.03	0.10	0.06	0.05	0.27	0.32
ENSMUST00000159348.2|ENSMUSG00000053080|2700081O15Rik	90.1	7423521	chr19:7423103-7425904	NA	NA	1.00	1.00	NA	NA	NA	1.00	0.75	1.00	1.00	0.88
ENSMUST00000088169.6|ENSMUSG00000024758|Rtn3	2601.6	7427243	chr19:7425900-7427832	0.69	0.76	0.86	0.90	0.58	0.61	0.90	0.85	0.73	0.85	0.90	1.00
ENSMUST00000025925.10|ENSMUSG00000060675|Plaat3	257.5	7585814	chr19:7585663-7588545	0.41	0.47	0.33	0.44	0.07	0.32	0.24	0.47	0.23	0.41	0.45	0.48
ENSMUST00000010251.10|ENSMUSG00000063796|Slc22a8	549.3	8610507	chr19:8610274-8611835	0.17	0.11	0.15	0.17	0.16	0.09	0.13	0.18	0.19	0.14	0.15	0.16
ENSMUST00000010250.3|ENSMUSG00000024650|Slc22a6	53.5	8626403	chr19:8626208-8628299	NA	NA	0.29	0.20	0.16	0.15	0.23	0.26	0.26	0.15	NA	NA
ENSMUST00000163785.1|ENSMUSG00000032773|Chrm1	206.9	8680242	chr19:8679312-8683587	NA	0.06	0.11	0.10	NA	0.06	0.01	0.15	0.04	NA	0.08	0.09
ENSMUST00000170157.7|ENSMUSG00000010095|Slc3a2	31109.0	8707574	chr19:8706881-8707725	0.00	0.00	0.00	0.00	0.00	0.00	0.00	0.00	0.00	0.00	0.00	0.00
ENSMUST00000177322.7|ENSMUSG00000010110|Stx5a	8246.2	8750027	chr19:8743374-8755586	0.01	0.01	0.03	0.02	0.01	0.01	0.05	0.00	0.01	0.01	0.02	0.05
ENSMUST00000184970.8|ENSMUSG00000010097|Nxf1	7147.8	8769183	chr19:8765272-8770907	0.00	NA	0.02	0.00	0.00	0.00	0.00	0.00	0.00	0.01	NA	NA
ENSMUST00000237634.1|ENSMUSG00000118346|Tmem179b	12917.7	8773265	chr19:8772524-8773416	0.50	0.52	0.51	0.44	0.54	0.36	0.51	0.44	0.48	0.41	0.55	0.72
ENSMUST00000096261.4|ENSMUSG00000071662|Polr2g	8435.6	8793242	chr19:8793126-8793393	0.27	0.23	0.21	0.22	0.42	0.35	0.19	0.19	0.25	0.19	0.34	0.26
ENSMUST00000096751.10|ENSMUSG00000071660|Ttc9c	222.5	8811392	chr19:8809074-8811746	0.55	0.29	0.28	0.32	0.43	0.31	0.32	0.40	0.36	0.33	0.25	0.55
ENSMUST00000096259.5|ENSMUSG00000071658|Gng3	3867.7	8837922	chr19:8836932-8838145	0.19	0.10	0.17	0.16	0.23	0.10	0.10	0.15	0.36	0.46	0.08	0.09
ENSMUST00000160897.7|ENSMUSG00000071657|Bscl2	34360.5	8846563	chr19:8846269-8848638	0.35	0.35	0.37	0.40	0.43	0.40	0.40	0.34	0.41	0.40	0.39	0.49
ENSMUST00000096257.2|ENSMUSG00000071656|Lrrn4cl	244.6	8852654	chr19:8852376-8853909	0.79	0.51	0.22	0.24	NA	0.60	0.38	0.48	0.70	0.55	NA	NA
ENSMUST00000238036.1|ENSMUSG00000071655|Ubxn1	1358.5	8875719	chr19:8875568-8875863	0.08	0.06	0.00	0.05	0.08	0.30	0.02	0.05	0.11	0.08	0.04	0.09
ENSMUST00000096253.6|ENSMUSG00000071654|Uqcc3	1911.1	8880318	chr19:8880013-8880469	0.41	0.29	0.28	0.29	0.36	0.33	0.40	0.38	0.26	0.35	0.31	0.40
ENSMUST00000187504.6|ENSMUSG00000096740|Lbhd1	828.4	8890615	chr19:8890438-8892627	0.10	0.12	0.17	0.19	0.05	0.10	0.10	0.23	0.16	0.18	0.14	0.21
ENSMUST00000191089.1|ENSMUSG00000116347|Gm49416	493.0	8894944	chr19:8894793-8895064	1.00	1.00	1.00	1.00	0.56	1.00	NA	1.00	1.00	1.00	0.80	0.73
ENSMUST00000096246.4|ENSMUSG00000071650|Ganab	1078.7	8916367	chr19:8915731-8916672	0.57	0.60	0.44	0.48	1.00	0.58	0.75	0.51	0.53	0.52	0.87	0.87
ENSMUST00000237071.1|ENSMUSG00000071649|B3gat3	62704.8	8926467	chr19:8926316-8926818	0.02	0.00	0.00	0.00	0.01	0.00	0.01	0.02	0.00	0.00	0.00	0.00
ENSMUST00000096242.4|ENSMUSG00000071648|Rom1	163.3	8927520	chr19:8927390-8927671	0.23	0.26	0.37	0.19	0.34	0.39	0.25	0.29	0.59	0.34	0.49	0.33
ENSMUST00000096241.5|ENSMUSG00000071647|Eml3	211.1	8941481	chr19:8941330-8941582	0.61	0.79	0.52	0.56	0.69	0.42	0.72	0.56	0.38	0.43	1.00	0.93
ENSMUST00000096240.2|ENSMUSG00000071646|Mta2	1843.4	8951953	chr19:8951652-8952303	0.58	0.48	0.40	0.39	1.00	0.50	0.54	0.42	0.54	0.46	0.58	0.78
ENSMUST00000052248.7|ENSMUSG00000071644|Eef1g	3523.4	8978250	chr19:8978099-8978479	0.19	0.06	0.13	0.08	0.12	0.17	0.13	0.04	0.08	0.01	0.07	0.10
ENSMUST00000049948.5|ENSMUSG00000024654|Asrgl1	3607.8	9112237	chr19:9109867-9113002	0.19	0.23	0.28	0.23	0.20	0.16	0.21	0.25	0.24	0.17	0.22	0.30
ENSMUST00000238004.1|ENSMUSG00000024660|Incenp	90.6	9872562	chr19:9872341-9872819	0.31	0.87	0.17	0.19	0.54	0.29	0.19	0.12	0.33	0.28	0.68	0.41
ENSMUST00000117346.1|ENSMUSG00000037418|Best1	106.1	9985237	chr19:9985173-9985388	0.41	NA	0.57	0.30	0.55	0.47	0.31	0.26	NA	0.39	0.93	NA
ENSMUST00000144788.7|ENSMUSG00000024663|Rab3il1	5723.8	10035245	chr19:10034536-10038380	0.03	0.04	0.07	0.06	0.05	0.03	0.03	0.07	0.06	0.06	0.09	0.08
ENSMUST00000115995.3|ENSMUSG00000024664|Fads3	185.4	10058084	chr19:10057933-10060110	0.27	0.30	0.37	0.34	0.40	0.29	0.32	0.49	0.33	0.42	0.33	0.78
ENSMUST00000025567.8|ENSMUSG00000024665|Fads2	6438.9	10063137	chr19:10062764-10064265	0.58	0.72	0.63	0.74	0.95	0.88	0.75	0.71	0.86	0.80	1.00	0.87
ENSMUST00000235515.1|ENSMUSG00000010663|Fads1	29482.0	10186883	chr19:10185589-10191500	0.00	0.00	0.00	0.00	NA	0.00	NA	0.00	0.00	0.00	0.00	0.00
ENSMUST00000156291.1|ENSMUSG00000024742|Fen1	166.4	10199395	chr19:10199131-10199938	0.51	0.27	0.41	0.30	0.62	0.58	0.64	0.29	0.37	0.49	0.35	0.46
ENSMUST00000040372.13|ENSMUSG00000036372|Tmem258	2378.2	10207438	chr19:10207287-10207824	0.70	0.00	0.44	0.58	0.31	0.00	0.58	0.17	0.00	0.34	0.09	0.03
ENSMUST00000171400.3|ENSMUSG00000090291|Lrrc10b	1339.9	10456193	chr19:10455370-10456439	0.75	1.00	0.79	0.69	1.00	0.44	0.88	0.80	1.00	0.70	0.79	0.75
ENSMUST00000145210.7|ENSMUSG00000024667|Tmem216	135.9	10550694	chr19:10533864-10551027	0.05	0.03	0.06	0.06	0.09	0.03	0.04	0.03	0.04	0.04	0.13	0.12
ENSMUST00000235990.1|ENSMUSG00000024666|Tmem138	710.1	10574735	chr19:10570479-10574886	0.13	0.09	0.13	0.11	0.15	0.08	0.09	0.13	0.09	0.09	0.10	0.08
ENSMUST00000236747.1|ENSMUSG00000034445|Cyb561a3	4068.8	10587978	chr19:10586824-10588753	0.72	0.17	0.13	0.24	0.28	0.03	0.69	0.42	0.10	0.11	NA	NA
ENSMUST00000236121.1|ENSMUSG00000034371|Tkfc	61.1	10596864	chr19:10592196-10597015	NA	0.26	NA	0.54	NA	0.38	NA	0.56	0.69	0.40	NA	NA
ENSMUST00000025649.9|ENSMUSG00000024740|Ddb1	3136.3	10629558	chr19:10629159-10629819	0.57	0.56	0.39	0.50	0.86	0.51	0.59	0.46	0.52	0.43	0.88	0.77
ENSMUST00000237240.1|ENSMUSG00000048832|Vps37c	8102.5	10711481	chr19:10711330-10714621	1.00	1.00	1.00	1.00	1.00	1.00	1.00	1.00	1.00	1.00	1.00	1.00
ENSMUST00000120524.1|ENSMUSG00000024736|Tmem132a	1339.0	10859364	chr19:10857833-10859515	NA	1.00	1.00	1.00	1.00	NA	NA	NA	NA	NA	NA	NA
ENSMUST00000038128.14|ENSMUSG00000034659|Tmem109	9316.1	10871538	chr19:10870659-10871760	0.63	0.67	0.71	0.68	0.89	0.66	0.75	0.79	0.66	0.72	0.98	0.76
ENSMUST00000179297.2|ENSMUSG00000024735|Prpf19	36.5	10905472	chr19:10905129-10909559	0.01	0.01	0.00	0.01	0.01	0.01	0.09	0.00	0.01	0.01	0.02	0.01
ENSMUST00000025639.6|ENSMUSG00000024732|Ccdc86	254.9	10942969	chr19:10941480-10943172	0.09	0.06	0.06	0.10	0.08	0.06	0.01	0.09	0.04	0.07	0.09	0.10
ENSMUST00000025574.10|ENSMUSG00000024672|Ms4a7	1704.2	11321368	chr19:11321038-11321519	NA	NA	0.13	0.30	0.00	0.03	0.20	0.20	0.17	0.11	NA	NA
ENSMUST00000165310.2|ENSMUSG00000079419|Ms4a6c	222.8	11481548	chr19:11481209-11482192	NA	NA	0.58	0.54	0.74	0.46	NA	0.63	0.39	0.40	NA	NA
ENSMUST00000163078.7|ENSMUSG00000024677|Ms4a6b	95.6	11529955	chr19:11529580-11531256	0.30	NA	0.28	0.10	0.18	0.13	0.09	0.49	0.21	0.22	NA	0.02
ENSMUST00000025581.6|ENSMUSG00000024678|Ms4a4d	34.8	11558165	chr19:11558014-11558467	NA	NA	0.44	0.43	NA	NA	0.29	0.34	NA	NA	NA	NA
ENSMUST00000025582.10|ENSMUSG00000024679|Ms4a6d	2441.4	11586838	chr19:11586603-11587088	0.47	0.40	0.36	0.36	0.67	0.38	0.26	0.23	0.32	0.31	0.39	0.80
ENSMUST00000167199.2|ENSMUSG00000024683|Mrpl16	350.5	11774781	chr19:11774630-11774960	0.46	0.34	0.16	0.25	0.29	0.13	0.19	0.41	0.33	0.49	0.17	0.23
ENSMUST00000025590.10|ENSMUSG00000024687|Osbp	353.0	11992820	chr19:11992039-11994112	0.83	0.65	0.73	0.82	1.00	0.86	1.00	0.91	0.93	0.90	1.00	1.00
ENSMUST00000081035.8|ENSMUSG00000046805|Mpeg1	5576.3	12463519	chr19:12463339-12465283	0.70	0.78	0.76	0.90	0.87	0.85	1.00	0.88	0.79	0.81	0.73	NA
ENSMUST00000045521.8|ENSMUSG00000039982|Dtx4	284.3	12468636	chr19:12466337-12469478	0.66	0.92	0.71	0.92	0.94	0.84	1.00	0.89	0.76	0.94	1.00	1.00
ENSMUST00000144662.7|ENSMUSG00000024691|Fam111a	156.9	12589420	chr19:12588595-12589768	0.51	0.94	NA	NA	1.00	0.78	NA	NA	0.70	0.59	NA	NA
ENSMUST00000038627.8|ENSMUSG00000024695|Zfp91	159.5	12769890	chr19:12767019-12770041	1.00	0.77	NA	1.00	1.00	0.79	0.71	1.00	1.00	1.00	1.00	1.00
ENSMUST00000235690.1|ENSMUSG00000024696|Lpxn	140.5	12833539	chr19:12833351-12833807	0.21	NA	0.19	0.32	0.73	0.38	0.47	0.26	0.44	0.34	NA	0.43
ENSMUST00000052011.14|ENSMUSG00000024642|Tle4	109.3	14449585	chr19:14448149-14449736	0.77	0.90	0.94	1.00	1.00	1.00	1.00	1.00	0.97	0.86	1.00	1.00
ENSMUST00000025542.9|ENSMUSG00000024640|Psat1	7586.2	15905334	chr19:15904677-15906048	0.10	0.08	0.10	0.07	0.28	0.11	0.10	0.06	0.09	0.08	0.17	0.13
ENSMUST00000025541.5|ENSMUSG00000024639|Gnaq	724.4	16385889	chr19:16383391-16387463	0.40	0.18	0.16	0.21	0.31	0.35	NA	0.30	0.21	0.21	0.26	0.35
ENSMUST00000087689.4|ENSMUSG00000039126|Prune2	17.4	17221242	chr19:17220811-17223932	NA	NA	NA	NA	NA	NA	0.15	NA	0.17	NA	0.22	0.25
ENSMUST00000174236.7|ENSMUSG00000038843|Gcnt1	35.9	17328814	chr19:17326140-17329075	NA	0.41	0.60	1.00	0.52	0.74	NA	NA	0.81	0.64	NA	0.54
ENSMUST00000025617.3|ENSMUSG00000024712|Rfk	2218.1	17400333	chr19:17399600-17401349	0.74	0.84	0.80	0.81	0.87	0.72	0.77	0.74	0.81	0.78	0.84	0.88
ENSMUST00000235736.1|ENSMUSG00000024726|Carnmt1	965.5	18693763	chr19:18671203-18704222	NA	NA	NA	0.03	NA	0.00	0.00	0.00	0.02	0.00	0.07	0.00
ENSMUST00000062753.2|ENSMUSG00000047044|D030056L22Rik	304.1	18718098	chr19:18717371-18718428	0.70	0.69	0.61	0.60	0.62	0.88	0.85	0.58	0.71	0.72	0.83	0.92
ENSMUST00000040153.14|ENSMUSG00000036192|Rorb	148.9	18937040	chr19:18930604-18937882	0.45	0.78	0.87	NA	NA	0.71	0.26	0.72	NA	NA	0.57	0.86
ENSMUST00000171423.8|ENSMUSG00000024659|Anxa1	365521.1	20375224	chr19:20373429-20376500	NA	NA	0.00	0.00	0.01	NA	0.00	NA	NA	0.00	NA	NA
ENSMUST00000225337.2|ENSMUSG00000053279|Aldh1a1	1853.8	20643220	chr19:20642963-20643465	0.42	0.44	0.37	0.42	0.51	0.44	0.44	0.28	0.34	0.38	0.53	0.56
ENSMUST00000237651.1|ENSMUSG00000024750|Zfand5	1116.6	21281829	chr19:21280568-21286840	0.01	0.02	0.02	0.02	0.03	0.02	0.02	0.02	0.02	0.02	0.02	0.02
ENSMUST00000087600.9|ENSMUSG00000058624|Gda	35.0	21394335	chr19:21391306-21395190	0.27	0.76	NA	NA	0.31	0.78	NA	NA	0.32	NA	0.76	0.67
ENSMUST00000235332.1|ENSMUSG00000047368|Abhd17b	1216.6	21681159	chr19:21681008-21685409	0.58	0.59	0.48	0.55	0.58	0.68	0.56	0.45	0.69	0.57	0.69	0.57
ENSMUST00000025663.7|ENSMUSG00000024754|Cemip2	84.0	21856753	chr19:21856348-21858360	0.68	0.61	0.49	0.73	1.00	0.61	0.47	0.56	0.45	0.63	NA	NA
ENSMUST00000238159.1|ENSMUSG00000052387|Trpm3	4.4	22904844	chr19:22904693-22988332	NA	0.02	0.02	0.02	0.01	0.01	NA	0.03	NA	NA	0.02	0.02
ENSMUST00000036884.2|ENSMUSG00000033863|Klf9	18229.7	23165138	chr19:23164909-23168134	0.21	0.18	0.14	0.13	0.31	0.19	0.15	0.19	0.13	0.13	0.18	0.22
ENSMUST00000236349.1|ENSMUSG00000033207|Mamdc2	21.2	23359084	chr19:23302744-23359235	NA	NA	0.03	0.02	NA	NA	NA	0.03	0.05	0.02	NA	NA
ENSMUST00000237333.1|ENSMUSG00000074925|Ptar1	18.3	23720832	chr19:23720397-23731668	0.11	0.16	NA	0.30	NA	0.28	NA	0.27	0.14	NA	0.32	1.00
ENSMUST00000025830.8|ENSMUSG00000024897|Apba1	488.7	23945929	chr19:23945778-23949596	NA	NA	1.00	1.00	NA	1.00	NA	NA	NA	NA	1.00	1.00
ENSMUST00000096164.5|ENSMUSG00000071604|Fam189a2	30.9	23973068	chr19:23972749-23973427	0.53	0.37	0.40	0.58	0.94	0.95	0.88	0.60	0.44	NA	0.56	0.57
ENSMUST00000233027.1|ENSMUSG00000024812|Tjp2	516.7	24094817	chr19:24094504-24095427	0.53	0.49	0.65	0.48	1.00	0.39	0.47	0.34	0.45	0.50	0.87	0.55
ENSMUST00000123684.1|ENSMUSG00000059363|Fxn	101.5	24267231	chr19:24261500-24267382	0.00	0.00	0.00	0.00	0.00	0.01	0.00	0.00	0.00	0.00	0.00	0.00
ENSMUST00000057243.5|ENSMUSG00000048572|Tmem252	39403.5	24678105	chr19:24677809-24682233	0.03	0.03	0.06	0.05	0.04	0.04	0.07	0.11	0.04	0.04	0.06	0.02
ENSMUST00000073080.6|ENSMUSG00000058927|Gm10053	156958.5	24876495	chr19:24876067-24876631	1.00	1.00	1.00	1.00	1.00	1.00	1.00	1.00	1.00	0.99	1.00	1.00
ENSMUST00000049400.14|ENSMUSG00000032702|Kank1	98.8	25434050	chr19:25433580-25434496	0.44	0.65	0.56	0.49	0.95	0.85	0.49	0.51	0.69	0.47	0.95	0.57
ENSMUST00000208915.1|ENSMUSG00000024921|Smarca2	571.4	26752062	chr19:26751911-26778273	0.02	0.02	0.02	0.02	0.03	0.01	0.02	0.02	0.02	0.02	0.01	0.01
ENSMUST00000025866.13|ENSMUSG00000024924|Vldlr	232.4	27241460	chr19:27241309-27249763	NA	0.10	0.19	0.11	NA	0.11	0.20	0.12	0.11	0.22	0.16	0.13
ENSMUST00000235859.1|ENSMUSG00000041360|Pum3	1257.9	27419918	chr19:27389976-27420069	0.10	0.08	0.09	0.12	0.10	0.07	0.12	0.11	0.09	0.10	0.10	0.09
ENSMUST00000025875.4|ENSMUSG00000024935|Slc1a1	280.1	28912384	chr19:28911897-28913960	0.37	0.47	0.50	0.52	0.60	0.47	0.41	0.43	0.45	0.57	0.43	0.59
ENSMUST00000045674.3|ENSMUSG00000040105|Plpp6	691.8	28965733	chr19:28964876-28966811	0.68	0.67	0.92	0.76	0.64	0.73	0.97	0.71	0.80	0.59	0.75	0.82
ENSMUST00000050148.4|ENSMUSG00000024780|Cdc37l1	87.2	29017333	chr19:29016101-29020237	0.09	0.09	0.14	0.19	0.36	0.03	0.26	0.17	0.17	0.16	0.19	0.32
ENSMUST00000025696.4|ENSMUSG00000024782|Ak3	3497.6	29022350	chr19:29020832-29022828	0.84	0.97	1.00	1.00	0.85	0.80	1.00	1.00	0.99	1.00	0.81	0.94
ENSMUST00000235900.1|ENSMUSG00000024785|Rcl1	399.2	29143603	chr19:29143186-29143929	0.34	0.31	0.33	0.36	0.55	0.40	0.36	0.32	0.43	0.26	0.41	0.39
ENSMUST00000025705.6|ENSMUSG00000024789|Jak2	280.9	29312133	chr19:29311845-29313080	0.62	0.64	0.59	0.52	1.00	0.61	0.57	0.51	0.62	0.58	0.49	0.60
ENSMUST00000143467.7|ENSMUSG00000016495|Plgrkt	1747.2	29348735	chr19:29348598-29348886	0.27	0.19	0.10	0.15	0.29	0.22	0.08	0.10	0.19	0.10	0.08	0.05
ENSMUST00000016640.7|ENSMUSG00000016496|Cd274	59.3	29386448	chr19:29385409-29388095	0.72	1.00	0.74	0.98	0.97	0.80	NA	0.90	1.00	1.00	NA	NA
ENSMUST00000160452.1|ENSMUSG00000038658|Ric1	26.7	29600118	chr19:29599846-29605185	NA	NA	NA	0.20	0.22	0.21	NA	NA	0.14	0.30	NA	NA
ENSMUST00000054083.12|ENSMUSG00000046324|Ermp1	220.4	29637189	chr19:29610201-29637340	0.21	0.26	0.20	0.21	0.23	0.26	NA	0.22	0.19	0.18	NA	NA
ENSMUST00000099525.4|ENSMUSG00000074909|Ranbp6	43.5	29809409	chr19:29808399-29809635	0.80	0.94	NA	1.00	1.00	0.91	NA	0.71	NA	0.82	0.95	0.76
ENSMUST00000120388.8|ENSMUSG00000024810|Il33	1889.3	29960210	chr19:29959038-29960718	0.93	0.71	0.71	0.60	0.99	0.90	0.71	0.79	0.72	0.69	1.00	0.81
ENSMUST00000025739.13|ENSMUSG00000024817|Uhrf2	187.2	30093352	chr19:30092861-30093722	0.53	0.60	0.41	0.51	1.00	0.59	0.66	0.51	0.48	0.63	0.51	0.88
ENSMUST00000025778.8|ENSMUSG00000024827|Gldc	70.7	30098691	chr19:30098446-30098969	1.00	0.43	0.35	0.31	0.65	0.50	0.46	0.15	NA	0.19	0.48	0.62
ENSMUST00000065067.13|ENSMUSG00000052920|Prkg1	19.7	30568724	chr19:30564488-30569240	NA	0.54	0.26	0.23	NA	0.23	0.46	0.31	0.30	0.34	NA	NA
ENSMUST00000066039.7|ENSMUSG00000053536|Cstf2t	283.6	31086425	chr19:31084961-31087069	0.16	0.09	0.19	0.16	0.46	0.22	0.37	0.13	0.10	0.08	0.27	0.25
ENSMUST00000025827.9|ENSMUSG00000024896|Minpp1	532.3	32515003	chr19:32514366-32515364	0.80	0.54	0.53	0.56	1.00	0.70	0.59	0.56	0.59	0.59	0.98	0.77
ENSMUST00000025833.6|ENSMUSG00000024899|Papss2	97.0	32665780	chr19:32665564-32667187	0.60	0.77	0.52	0.92	0.70	0.59	0.99	0.74	0.70	0.83	0.66	0.66
ENSMUST00000236701.1|ENSMUSG00000013662|Atad1	6231.1	32676694	chr19:32672821-32676845	0.28	0.27	0.28	0.28	0.27	0.26	0.31	0.23	0.28	0.24	0.23	0.19
ENSMUST00000013807.7|ENSMUSG00000013663|Pten	2937.1	32823186	chr19:32820025-32826160	0.17	0.13	0.15	0.13	0.15	0.11	NA	0.15	0.08	0.07	0.12	0.11
ENSMUST00000096114.12|ENSMUSG00000071573|Rnls	9.6	33137973	chr19:33137746-33138124	NA	0.13	NA	0.16	0.19	0.63	NA	0.34	0.41	NA	0.40	NA
ENSMUST00000112508.8|ENSMUSG00000024766|Lipo3	278.5	33555565	chr19:33555159-33556233	0.80	0.84	0.65	0.63	1.00	0.95	1.00	0.68	0.80	0.64	0.66	0.53
ENSMUST00000239240.1|ENSMUSG00000024776|Stambpl1	87.5	34240221	chr19:34240070-34240333	0.18	0.28	0.23	0.08	0.31	0.09	0.11	0.17	0.03	0.08	0.26	0.33
ENSMUST00000039631.9|ENSMUSG00000035783|Acta2	2467.8	34241518	chr19:34241089-34241669	0.13	0.02	0.12	0.08	0.13	0.11	0.02	0.13	0.18	0.14	0.12	0.13
ENSMUST00000235709.1|ENSMUSG00000024778|Fas	809.2	34315356	chr19:34315205-34327772	0.06	0.08	0.07	0.06	0.06	0.08	0.08	0.07	0.08	0.08	0.05	0.04
ENSMUST00000050562.5|ENSMUSG00000050370|Ch25h	6060.0	34474035	chr19:34473777-34474232	0.34	0.38	0.28	0.33	0.56	0.38	0.29	0.27	0.28	0.32	0.71	0.57
ENSMUST00000178114.1|ENSMUSG00000024781|Lipa	6252.2	34493111	chr19:34492317-34493982	0.20	0.21	0.26	0.24	0.53	0.30	0.17	0.18	0.22	0.22	0.19	0.36
ENSMUST00000102826.3|ENSMUSG00000045932|Ifit2	168.4	34574837	chr19:34574471-34576419	0.88	0.76	0.87	0.69	1.00	1.00	0.90	0.82	0.80	0.88	0.56	0.67
ENSMUST00000102825.3|ENSMUSG00000074896|Ifit3	8786.7	34588497	chr19:34588264-34588731	0.62	0.53	0.49	0.47	0.66	0.49	0.45	0.50	0.53	0.48	0.58	0.60
ENSMUST00000076249.5|ENSMUSG00000062488|Ifit3b	889.4	34613001	chr19:34612634-34613401	0.39	0.43	0.47	0.35	1.00	0.57	0.40	0.45	0.36	0.31	0.80	0.57
ENSMUST00000102824.3|ENSMUSG00000034459|Ifit1	4728.3	34649226	chr19:34648854-34650009	0.26	0.21	0.15	0.16	0.31	0.20	0.20	0.14	0.20	0.16	0.21	0.40
ENSMUST00000009522.3|ENSMUSG00000009378|Slc16a12	205.7	34670261	chr19:34668402-34670633	0.90	1.00	1.00	0.98	0.99	1.00	0.95	0.95	1.00	0.89	NA	NA
ENSMUST00000036584.12|ENSMUSG00000033610|Pank1	56.2	34811147	chr19:34806939-34812330	0.05	0.09	0.09	0.05	0.02	0.06	0.11	0.04	0.07	0.07	0.18	0.21
ENSMUST00000025714.8|ENSMUSG00000024800|Rpp30	428.4	36104593	chr19:36104442-36104777	0.30	0.22	0.22	0.20	0.58	0.37	0.10	0.35	0.12	0.10	0.36	0.40
ENSMUST00000225920.1|ENSMUSG00000024805|Pcgf5	55.0	36455996	chr19:36455665-36460970	0.05	0.06	0.08	0.06	0.05	0.04	0.02	0.07	0.06	0.04	0.08	0.11
ENSMUST00000139215.7|ENSMUSG00000041180|Hectd2	2.7	36585054	chr19:36584903-36621132	NA	0.04	NA	NA	NA	0.03	0.04	NA	NA	NA	0.03	NA
ENSMUST00000087321.3|ENSMUSG00000067279|Ppp1r3c	732.7	36733266	chr19:36731730-36733417	1.00	1.00	0.99	1.00	1.00	1.00	1.00	1.00	0.84	0.81	1.00	1.00
ENSMUST00000025729.11|ENSMUSG00000024811|Tnks2	643.7	36892681	chr19:36890800-36893477	0.30	0.42	0.30	0.24	1.00	0.54	0.36	0.25	0.25	0.29	1.00	0.83
ENSMUST00000238948.1|ENSMUSG00000047632|Fgfbp3	72.0	36918111	chr19:36917549-36918466	0.42	0.46	0.39	0.55	0.74	0.57	0.42	0.49	0.68	0.41	0.60	0.59
ENSMUST00000099494.3|ENSMUSG00000040565|Btaf1	15.8	37011622	chr19:37011401-37012752	1.00	0.50	NA	0.81	NA	NA	NA	1.00	NA	0.86	NA	NA
ENSMUST00000079754.10|ENSMUSG00000039652|Cpeb3	48.2	37023060	chr19:37021290-37024862	NA	NA	0.27	NA	NA	0.46	NA	0.50	NA	NA	0.76	0.53
ENSMUST00000024078.14|ENSMUSG00000023307|Marchf5	2524.2	37221755	chr19:37221503-37222151	0.45	0.40	0.36	0.40	0.59	0.45	0.35	0.30	0.32	0.32	0.63	0.48
ENSMUST00000131070.1|ENSMUSG00000056999|Ide	105.5	37270591	chr19:37268742-37270744	0.54	0.64	0.56	0.51	0.62	0.43	0.35	0.60	0.61	0.64	0.58	0.36
ENSMUST00000025944.8|ENSMUSG00000024986|Hhex	286.8	37440413	chr19:37439802-37440731	0.54	0.50	0.30	0.34	0.57	0.48	0.30	0.43	0.50	0.73	0.59	0.55
ENSMUST00000238954.1|ENSMUSG00000053799|Exoc6	50.5	37683132	chr19:37682975-37684059	0.38	0.72	0.81	0.89	0.37	0.53	1.00	0.84	0.59	0.51	0.81	0.98
ENSMUST00000224560.1|ENSMUSG00000048612|Myof	528.0	37901153	chr19:37899227-37901304	0.31	0.09	0.17	0.14	0.23	0.18	0.17	0.14	0.16	0.20	NA	NA
ENSMUST00000025951.13|ENSMUSG00000024990|Rbp4	192.1	38116723	chr19:38116628-38116874	0.16	0.19	NA	NA	NA	0.24	0.33	NA	NA	NA	0.21	0.18
ENSMUST00000067167.5|ENSMUSG00000054237|Fra10ac1	97.4	38188609	chr19:38188480-38188760	0.32	0.23	0.02	0.21	0.28	0.27	0.18	0.31	0.27	0.27	0.31	0.15
ENSMUST00000054098.3|ENSMUSG00000044026|Slc35g1	90.4	38404185	chr19:38403375-38405610	0.76	NA	0.92	0.88	1.00	1.00	1.00	0.82	0.78	0.90	NA	NA
ENSMUST00000025963.7|ENSMUSG00000024999|Noc3l	29.4	38789310	chr19:38788127-38789547	0.14	0.20	0.39	0.69	0.38	0.19	0.41	0.42	0.30	0.30	NA	NA
ENSMUST00000037302.5|ENSMUSG00000048720|Tbc1d12	61.9	38919354	chr19:38917936-38919923	0.45	0.49	0.55	0.38	NA	0.55	NA	0.67	0.47	0.29	NA	1.00
ENSMUST00000068439.12|ENSMUSG00000055044|Pdlim1	960.1	40222386	chr19:40221172-40222587	0.04	0.04	0.05	0.05	0.06	0.04	0.01	0.14	0.03	0.03	0.07	0.01
ENSMUST00000239304.1|ENSMUSG00000025006|Sorbs1	1137.6	40294900	chr19:40294752-40295051	0.37	0.34	0.39	0.26	0.49	0.33	0.29	0.47	0.34	0.33	0.41	0.47
ENSMUST00000176939.7|ENSMUSG00000025007|Aldh18a1	463.2	40550651	chr19:40550256-40551150	0.66	0.76	0.57	0.63	1.00	0.54	0.64	0.74	0.59	0.53	1.00	0.94
ENSMUST00000025981.14|ENSMUSG00000025008|Tctn3	59.1	40597127	chr19:40596445-40597314	0.72	0.97	1.00	0.82	0.64	0.61	1.00	0.88	0.79	0.85	NA	NA
ENSMUST00000156598.1|ENSMUSG00000048120|Entpd1	694.2	40727614	chr19:40727463-40739083	0.02	0.02	0.02	0.02	0.03	0.02	0.07	0.03	0.02	0.02	0.06	0.04
ENSMUST00000117695.7|ENSMUSG00000061132|Blnk	307.1	40929024	chr19:40928926-40929175	NA	NA	0.22	0.13	0.22	0.28	0.07	0.05	0.10	0.11	0.34	0.25
ENSMUST00000087176.7|ENSMUSG00000050121|Opalin	16.0	41063541	chr19:41062472-41063805	NA	0.10	NA	NA	NA	0.08	0.03	0.15	0.01	NA	0.11	0.05
ENSMUST00000059672.8|ENSMUSG00000025017|Pik3ap1	292.5	41273071	chr19:41272376-41274298	0.48	0.20	0.27	0.17	0.60	0.46	0.57	0.30	0.33	0.34	NA	0.32
ENSMUST00000026150.14|ENSMUSG00000025154|Arhgap19	64.8	41770037	chr19:41766587-41770188	0.47	NA	1.00	0.82	1.00	0.79	NA	NA	1.00	1.00	NA	NA
ENSMUST00000059231.3|ENSMUSG00000047604|Frat2	29.8	41846972	chr19:41845971-41847218	1.00	0.66	0.91	0.43	0.41	0.95	NA	NA	0.59	0.71	0.92	0.77
ENSMUST00000011896.7|ENSMUSG00000011752|Pgam1	37571.5	41918307	chr19:41917772-41918660	0.60	0.61	0.53	0.50	1.00	0.73	0.56	0.49	0.54	0.51	0.78	0.75
ENSMUST00000112123.3|ENSMUSG00000034321|Exosc1	461.7	41923763	chr19:41922291-41923984	0.12	0.15	0.10	0.09	0.19	0.16	0.03	0.10	0.10	0.13	0.12	0.15
ENSMUST00000225968.1|ENSMUSG00000025157|Zdhhc16	3428.4	41942006	chr19:41938753-41944095	0.20	0.09	0.07	0.06	0.12	0.01	0.04	0.10	0.03	0.04	0.04	0.03
ENSMUST00000163398.7|ENSMUSG00000025159|Mms19	439.6	41962799	chr19:41944210-41964394	0.56	0.62	0.45	0.60	0.44	0.71	NA	0.69	0.54	0.62	0.64	0.72
ENSMUST00000026170.2|ENSMUSG00000025171|Ubtd1	1502.6	42034334	chr19:42033971-42034643	0.50	0.48	0.33	0.41	1.00	0.67	0.48	0.39	0.48	0.47	0.65	0.54
ENSMUST00000051772.9|ENSMUSG00000049670|Morn4	725.0	42075271	chr19:42074941-42076109	0.66	0.72	0.63	0.63	1.00	1.00	0.81	0.67	0.65	0.67	0.82	0.81
ENSMUST00000018965.3|ENSMUSG00000018821|Avpi1	895.4	42123540	chr19:42123272-42123691	0.20	0.23	0.18	0.12	0.27	0.26	0.11	0.21	0.19	0.14	0.29	0.31
ENSMUST00000061111.9|ENSMUSG00000044345|Marveld1	2683.3	42149559	chr19:42148167-42151703	0.19	0.14	0.16	0.12	0.18	0.12	0.20	0.15	0.12	0.14	0.17	0.17
ENSMUST00000169536.7|ENSMUSG00000018820|Zfyve27	119.0	42191470	chr19:42190444-42194590	0.05	0.07	0.09	0.08	0.09	0.07	0.10	0.07	0.09	0.08	0.10	0.09
ENSMUST00000122375.7|ENSMUSG00000042532|Golga7b	1839.2	42269030	chr19:42268459-42270348	0.63	0.57	0.53	0.56	0.50	0.78	0.60	0.68	0.52	0.47	0.74	0.72
ENSMUST00000026188.9|ENSMUSG00000025184|R3hcc1l	66.8	42591172	chr19:42590669-42592343	0.14	0.06	0.12	0.12	0.10	0.14	0.06	0.03	0.10	0.21	0.17	0.03
ENSMUST00000165311.2|ENSMUSG00000025189|Cnnm1	57.2	43495538	chr19:43495035-43497210	NA	0.21	0.33	0.27	NA	0.22	0.49	0.20	NA	NA	0.26	0.23
ENSMUST00000133325.7|ENSMUSG00000025190|Got1	2716.8	43504518	chr19:43500020-43504669	0.05	0.04	0.05	0.04	0.04	0.04	0.05	0.05	0.04	0.05	0.04	0.04
ENSMUST00000045562.5|ENSMUSG00000040018|Cox15	176.4	43735419	chr19:43733253-43736723	0.10	0.03	0.03	0.03	0.19	0.05	0.07	0.04	0.06	0.05	0.06	0.08
ENSMUST00000112047.9|ENSMUSG00000025193|Cutc	113.1	43768437	chr19:43768286-43768638	0.26	0.38	0.28	0.24	0.66	0.13	0.30	0.34	0.23	0.29	0.40	0.48
ENSMUST00000212396.1|ENSMUSG00000025195|Dnmbp	26.1	43847934	chr19:43846820-43848095	1.00	1.00	NA	0.77	NA	1.00	1.00	0.70	0.85	1.00	NA	NA
ENSMUST00000170801.7|ENSMUSG00000025198|Erlin1	155.8	44036736	chr19:44034943-44036929	1.00	1.00	0.85	0.98	0.97	1.00	1.00	0.91	0.72	0.84	1.00	0.98
ENSMUST00000119591.1|ENSMUSG00000025199|Chuk	934.8	44075313	chr19:44073335-44075464	1.00	1.00	1.00	1.00	1.00	1.00	1.00	1.00	1.00	1.00	NA	NA
ENSMUST00000237415.1|ENSMUSG00000025200|Cwf19l1	51.1	44129195	chr19:44123157-44129346	0.05	0.05	0.05	0.04	0.06	0.05	0.04	0.05	0.04	0.06	0.10	0.04
ENSMUST00000237630.1|ENSMUSG00000057506|Bloc1s2	1905.7	44139476	chr19:44139245-44139684	0.40	0.45	0.34	0.41	0.59	0.42	0.40	0.40	0.42	0.41	0.51	0.51
ENSMUST00000026220.6|ENSMUSG00000025202|Scd3	69.1	44242174	chr19:44241856-44244016	NA	0.15	NA	NA	NA	0.17	0.31	NA	NA	NA	0.11	0.13
ENSMUST00000041331.3|ENSMUSG00000037071|Scd1	2490.9	44397770	chr19:44394454-44397921	1.00	1.00	1.00	1.00	0.92	1.00	1.00	1.00	1.00	1.00	1.00	1.00
ENSMUST00000168083.1|ENSMUSG00000025204|Ndufb8	412495.0	44552697	chr19:44550252-44553685	0.02	0.00	0.01	0.00	0.01	0.00	0.00	0.00	0.00	0.00	0.00	0.00
ENSMUST00000040455.4|ENSMUSG00000036450|Hif1an	57.7	44572378	chr19:44571155-44576274	0.37	0.65	0.88	0.95	0.56	0.42	0.73	0.92	0.83	0.61	1.00	1.00
ENSMUST00000097715.3|ENSMUSG00000025208|Mrpl43	3039.1	45005504	chr19:45004828-45005701	0.24	0.22	0.24	0.14	0.32	0.23	0.15	0.22	0.18	0.14	0.27	0.26
ENSMUST00000236685.1|ENSMUSG00000025209|Twnk	26.2	45012404	chr19:45011901-45012762	0.58	0.51	0.52	0.71	NA	1.00	0.58	0.46	0.87	0.55	NA	0.86
ENSMUST00000179108.8|ENSMUSG00000035342|Lzts2	5532.5	45026784	chr19:45026482-45027111	0.37	0.46	0.35	0.38	0.85	0.53	0.31	0.31	0.45	0.36	0.60	0.47
ENSMUST00000111954.10|ENSMUSG00000025212|Sfxn3	883.5	45055426	chr19:45054698-45056383	0.26	0.27	0.27	0.26	0.62	0.31	0.34	0.27	0.26	0.20	0.33	0.31
ENSMUST00000111948.7|ENSMUSG00000025213|Kazald1	768.1	45079115	chr19:45078964-45079289	0.47	0.34	0.25	0.19	0.31	0.36	0.26	0.25	0.21	0.30	0.44	0.44
ENSMUST00000065601.12|ENSMUSG00000025217|Btrc	910.1	45527573	chr19:45527422-45530013	0.34	0.37	0.38	0.39	0.49	0.41	0.25	0.43	0.38	0.43	0.55	0.68
ENSMUST00000026239.6|ENSMUSG00000025218|Poll	38.2	45552559	chr19:45552274-45552808	NA	0.55	0.37	0.43	0.51	0.36	0.24	0.36	0.50	0.46	0.46	0.84
ENSMUST00000160718.8|ENSMUSG00000040913|Fbxw4	155.2	45578559	chr19:45578253-45578808	0.69	0.56	0.40	0.39	0.73	0.48	0.47	0.48	0.36	0.45	0.80	0.74
ENSMUST00000026243.4|ENSMUSG00000025220|Oga	389.9	45751995	chr19:45750258-45752146	0.98	0.81	0.75	0.88	1.00	1.00	1.00	1.00	0.87	0.76	1.00	0.83
ENSMUST00000239049.1|ENSMUSG00000025221|Kcnip2	842.6	45792802	chr19:45792345-45793672	NA	0.80	0.78	0.61	1.00	1.00	0.86	0.83	0.74	0.38	0.83	0.75
ENSMUST00000045396.8|ENSMUSG00000039901|Armh3	28.2	45818329	chr19:45817363-45818888	0.42	0.72	0.42	0.58	NA	0.50	NA	0.46	0.54	0.56	0.80	0.46
ENSMUST00000156585.8|ENSMUSG00000025223|Ldb1	1124.8	46032777	chr19:46031569-46033113	0.04	0.06	0.05	0.08	0.09	0.07	0.08	0.08	0.05	0.05	0.17	0.15
ENSMUST00000099392.9|ENSMUSG00000055491|Pprc1	34.0	46072732	chr19:46072581-46072915	0.22	0.13	NA	NA	0.26	0.25	0.17	NA	0.23	0.16	0.11	0.13
ENSMUST00000237330.1|ENSMUSG00000025225|Nfkb2	286691.9	46311899	chr19:46311748-46312385	0.53	1.00	1.00	1.00	1.00	1.00	1.00	1.00	0.94	0.66	1.00	1.00
ENSMUST00000224556.1|ENSMUSG00000037126|Psd	331664.0	46312410	chr19:46312086-46312701	0.44	0.40	0.40	0.37	1.00	0.41	0.45	0.38	0.33	0.37	0.47	0.44
ENSMUST00000235485.1|ENSMUSG00000036748|Cuedc2	6011.6	46330101	chr19:46329811-46330690	0.05	0.08	0.13	0.10	0.00	0.00	0.03	0.03	0.03	0.00	0.00	0.08
ENSMUST00000142994.7|ENSMUSG00000025227|Mfsd13a	197.5	46372375	chr19:46372216-46375252	0.08	0.07	0.07	0.11	0.08	0.09	0.06	0.07	0.10	0.10	0.07	0.09
ENSMUST00000189008.2|ENSMUSG00000099655|2310034G01Rik	17.9	46348510	chr19:46348200-46348797	NA	0.64	0.25	NA	NA	0.71	0.34	NA	NA	NA	0.58	0.90
ENSMUST00000039922.12|ENSMUSG00000025231|Sufu	156.3	46486281	chr19:46485941-46488804	0.84	1.00	1.00	1.00	1.00	0.90	1.00	1.00	0.83	0.87	1.00	1.00
ENSMUST00000026008.8|ENSMUSG00000025034|Trim8	5117.0	46516193	chr19:46515663-46516848	0.08	0.09	0.07	0.08	0.18	0.12	0.09	0.06	0.06	0.08	0.14	0.11
ENSMUST00000236845.1|ENSMUSG00000025036|Sfxn2	526.0	46590550	chr19:46590182-46598066	NA	NA	0.39	0.41	NA	NA	0.77	0.44	NA	0.38	NA	NA
ENSMUST00000074912.7|ENSMUSG00000062376|Borcs7	171.5	46701714	chr19:46701563-46703382	0.16	0.15	0.25	0.22	0.06	0.16	0.09	0.31	0.25	0.25	0.08	0.12
ENSMUST00000236063.1|ENSMUSG00000003559|As3mt	2519.2	46725039	chr19:46712285-46741038	0.01	NA	0.01	NA	NA	NA	0.00	0.01	NA	NA	NA	NA
ENSMUST00000099373.11|ENSMUSG00000064105|Cnnm2	171.8	46878304	chr19:46878039-46880192	0.06	0.05	0.06	0.05	0.06	0.11	0.04	0.06	0.05	0.06	0.14	0.11
ENSMUST00000235596.1|ENSMUSG00000025041|Nt5c2	3142.7	46909386	chr19:46887827-46909537	NA	1.00	NA	1.00	NA	NA	1.00	1.00	NA	NA	0.54	0.55
ENSMUST00000037636.3|ENSMUSG00000034336|Ina	1285.8	47024225	chr19:47023647-47025327	0.53	0.31	0.29	0.28	0.62	0.38	0.25	0.30	0.24	0.14	0.39	0.39
ENSMUST00000026027.6|ENSMUSG00000025049|Taf5	14.2	47082919	chr19:47082641-47083479	0.62	1.00	0.29	NA	NA	0.40	NA	NA	NA	0.83	NA	0.43
ENSMUST00000235771.1|ENSMUSG00000071528|Atp5md	7531.4	47085809	chr19:47083463-47085960	0.21	0.02	0.07	0.09	0.04	0.01	0.01	0.01	NA	NA	0.01	0.01
ENSMUST00000072141.3|ENSMUSG00000025047|Pdcd11	20.3	47131018	chr19:47130807-47131865	0.41	0.56	0.46	0.23	0.24	0.36	0.08	0.18	0.44	0.23	NA	0.11
ENSMUST00000049369.15|ENSMUSG00000042694|Stn1	202.5	47501306	chr19:47501032-47501562	0.56	0.32	0.37	0.40	0.67	0.56	0.35	0.38	0.43	0.41	0.58	0.66
ENSMUST00000026043.11|ENSMUSG00000025060|Slk	59.9	47642252	chr19:47642090-47645246	0.65	0.61	1.00	0.85	0.55	0.76	1.00	1.00	0.74	0.95	NA	1.00
ENSMUST00000099353.5|ENSMUSG00000025066|Sfr1	7400.3	47735304	chr19:47735015-47735588	0.32	0.34	0.21	0.22	0.74	0.36	0.17	0.24	0.20	0.25	0.40	0.43
ENSMUST00000237472.1|ENSMUSG00000025068|Gsto1	42529.5	47863537	chr19:47863386-47864789	0.29	0.25	0.24	0.30	0.24	0.31	0.28	0.27	0.30	0.28	0.27	0.28
ENSMUST00000095998.6|ENSMUSG00000117975|Itprip	91.6	47896262	chr19:47894601-47896509	1.00	0.92	0.83	1.00	1.00	1.00	NA	1.00	1.00	1.00	NA	0.98
ENSMUST00000236456.1|ENSMUSG00000025027|Xpnpep1	3881.4	52991218	chr19:52931925-53014654	0.01	0.01	0.02	0.02	0.02	0.01	0.06	0.01	0.01	0.01	0.06	0.14
ENSMUST00000111741.9|ENSMUSG00000025026|Add3	1804.4	53246807	chr19:53245287-53247399	0.48	0.42	0.38	0.30	0.93	0.53	0.84	0.38	0.44	0.43	0.84	0.53
ENSMUST00000025998.14|ENSMUSG00000025025|Mxi1	2386.5	53373080	chr19:53371733-53375810	0.03	0.02	0.02	0.02	0.07	0.02	0.02	0.02	0.02	0.02	0.03	0.03
ENSMUST00000235830.1|ENSMUSG00000025024|Smndc1	1210.2	53383556	chr19:53379389-53384465	0.45	0.59	0.70	0.68	0.32	0.70	NA	0.59	NA	0.61	NA	0.64
ENSMUST00000038287.6|ENSMUSG00000034765|Dusp5	244.7	53541992	chr19:53541319-53542431	0.80	0.82	0.60	0.41	1.00	0.86	1.00	0.52	0.58	0.54	NA	0.50
ENSMUST00000095978.4|ENSMUSG00000071497|Nutf2-ps1	23211.1	53588371	chr19:53588167-53588607	0.30	0.29	0.27	0.29	0.71	0.35	0.22	0.26	0.26	0.26	0.39	0.41
ENSMUST00000025930.9|ENSMUSG00000024974|Smc3	56.9	53645019	chr19:53644775-53645833	0.05	0.08	0.02	0.15	0.06	0.08	0.11	0.17	0.19	0.12	0.07	0.26
ENSMUST00000237060.1|ENSMUSG00000024975|Pdcd4	20.8	53927349	chr19:53927198-53929435	0.02	0.00	0.02	0.04	0.00	0.00	0.09	0.00	0.00	0.01	0.00	0.00
ENSMUST00000135402.3|ENSMUSG00000084957|Bbip1	1319.0	53931146	chr19:53929860-53931347	0.28	0.23	0.21	0.15	0.13	0.15	0.12	0.21	0.13	0.15	0.20	0.25
ENSMUST00000237801.1|ENSMUSG00000024976|Shoc2	446.5	54026538	chr19:54026378-54029981	0.07	0.05	0.05	0.05	0.05	0.05	0.05	0.06	0.04	0.05	0.05	0.04
ENSMUST00000036700.6|ENSMUSG00000033717|Adra2a	197.3	54047806	chr19:54047609-54048982	0.34	0.67	0.48	0.52	0.85	0.56	0.41	0.56	0.46	0.60	0.91	0.61
ENSMUST00000236859.1|ENSMUSG00000024978|Gpam	296.9	55075461	chr19:55067267-55075612	0.40	0.69	0.49	0.65	0.38	1.00	NA	0.59	0.73	0.77	1.00	0.50
ENSMUST00000043150.5|ENSMUSG00000024981|Acsl5	1351.8	55296588	chr19:55295510-55297720	0.03	0.00	0.05	0.04	0.03	0.06	0.01	0.08	0.13	0.10	0.02	0.01
ENSMUST00000226103.1|ENSMUSG00000024982|Zdhhc6	3952.9	55298513	chr19:55279573-55298787	0.17	0.11	0.14	0.14	0.07	0.07	0.08	0.11	0.08	0.08	0.12	0.17
ENSMUST00000223690.1|ENSMUSG00000024983|Vti1a	159.1	55625270	chr19:55623907-55627309	0.48	0.70	0.57	0.76	0.86	0.55	0.78	0.73	0.69	0.68	0.69	0.72
ENSMUST00000026062.9|ENSMUSG00000025076|Casp7	145.1	56441307	chr19:56441092-56442344	1.00	1.00	1.00	1.00	0.61	0.98	1.00	0.88	0.97	1.00	NA	1.00
ENSMUST00000183143.7|ENSMUSG00000025077|Dclre1a	15.3	56544014	chr19:56529166-56544479	NA	0.10	NA	0.09	NA	0.10	NA	NA	0.07	NA	NA	NA
ENSMUST00000071423.6|ENSMUSG00000025078|Nhlrc2	34.2	56598601	chr19:56597509-56603503	0.16	0.18	0.20	0.12	0.12	0.06	0.33	0.19	0.15	0.16	0.21	0.17
ENSMUST00000118592.7|ENSMUSG00000035173|Ccdc186	19.0	56790786	chr19:56787480-56790965	0.99	NA	0.84	1.00	NA	NA	NA	NA	0.85	NA	NA	1.00
ENSMUST00000118800.7|ENSMUSG00000025083|Afap1l2	252.3	56913113	chr19:56912360-56913384	1.00	0.77	0.71	0.77	1.00	0.93	0.79	0.89	0.74	0.72	0.59	1.00
ENSMUST00000079360.11|ENSMUSG00000025085|Ablim1	710.0	57035247	chr19:57032732-57037226	0.54	0.52	0.45	0.42	1.00	0.66	0.60	0.48	0.37	0.46	0.74	0.54
ENSMUST00000237170.1|ENSMUSG00000033478|Fam160b1	354.5	57380768	chr19:57380617-57389586	0.35	0.41	0.31	0.36	0.30	0.39	0.62	0.40	0.31	0.31	0.51	0.39
ENSMUST00000026073.13|ENSMUSG00000025086|Trub1	28.0	57488717	chr19:57488265-57491005	0.04	0.03	0.12	0.04	0.04	0.05	0.03	0.16	0.07	0.07	0.11	0.04
ENSMUST00000077282.6|ENSMUSG00000054843|Atrnl1	45.7	58131365	chr19:58131211-58133343	1.00	1.00	1.00	0.76	NA	NA	NA	1.00	0.63	1.00	0.83	1.00
ENSMUST00000066285.5|ENSMUSG00000025092|Hspa12a	129.4	58797598	chr19:58795749-58799363	NA	0.93	0.85	0.67	NA	0.57	NA	0.75	0.60	0.78	1.00	0.76
ENSMUST00000163821.2|ENSMUSG00000041362|Shtn1	17.9	58974084	chr19:58973355-58975199	NA	0.64	0.26	0.57	NA	1.00	0.89	0.90	0.81	0.39	NA	0.54
ENSMUST00000099274.3|ENSMUSG00000074746|Pdzd8	43.0	59298739	chr19:59297177-59299525	0.66	0.58	0.85	0.72	0.61	0.69	NA	0.45	0.50	0.50	0.80	0.79
ENSMUST00000174353.1|ENSMUSG00000043969|Emx2	152.5	59464136	chr19:59463980-59465353	0.50	0.88	1.00	NA	NA	0.68	NA	0.83	NA	NA	0.54	0.67
ENSMUST00000235293.1|ENSMUSG00000057858|Fam204a	201.1	60220039	chr19:60198914-60220354	0.02	0.02	0.02	0.02	0.01	0.01	0.02	0.02	0.02	0.02	0.01	0.01
ENSMUST00000081790.14|ENSMUSG00000033417|Cacul1	78.1	60527902	chr19:60524695-60529049	0.34	0.35	0.48	0.47	0.21	0.28	0.63	0.35	0.32	0.44	0.29	0.40
ENSMUST00000088237.5|ENSMUSG00000072437|Nanos1	374.0	60759100	chr19:60757066-60759914	0.11	0.35	0.34	0.31	0.42	0.28	0.62	0.25	0.56	0.35	0.42	0.35
ENSMUST00000025955.7|ENSMUSG00000024991|Eif3a	547.9	60761932	chr19:60761116-60762083	1.00	0.86	0.91	0.97	0.69	1.00	0.79	1.00	0.59	0.94	1.00	0.76
ENSMUST00000119633.7|ENSMUSG00000024993|Fam45a	307.3	60835854	chr19:60834999-60836227	0.79	0.71	0.69	0.65	0.98	0.76	1.00	0.63	0.81	0.78	0.99	0.72
ENSMUST00000025961.6|ENSMUSG00000024997|Prdx3	6180.7	60864345	chr19:60864050-60864668	0.40	0.41	0.31	0.34	0.62	0.51	0.33	0.33	0.35	0.36	0.45	0.41
ENSMUST00000003313.9|ENSMUSG00000003228|Grk5	24.1	61092388	chr19:61091989-61095968	0.11	0.05	0.27	0.19	0.08	0.18	0.13	0.46	NA	0.16	0.23	0.48
ENSMUST00000143264.7|ENSMUSG00000074733|Zfp950	23.2	61126323	chr19:61122455-61127005	0.94	NA	NA	NA	0.95	NA	0.13	0.31	NA	NA	NA	NA
ENSMUST00000076046.6|ENSMUSG00000059326|Csf2ra	1105.7	61224680	chr19:61224401-61225006	0.23	0.30	0.30	0.21	0.74	0.39	0.21	0.38	0.36	0.33	0.34	0.43
