ENSMUST00000208839.1|ENSMUSG00000005534|Insr	16.7	3151020	chr8:3122060-3153648	0.02	NA	NA	0.01	0.01	NA	0.01	NA	NA	NA	NA	NA
ENSMUST00000004686.12|ENSMUSG00000069633|Pex11g	40.2	3459024	chr8:3457104-3459202	NA	NA	0.18	0.18	0.09	0.09	0.04	0.31	0.16	0.13	0.26	0.19
ENSMUST00000161842.1|ENSMUSG00000004567|Mcoln1	1761.7	3515114	chr8:3514941-3515224	0.48	0.49	0.39	0.36	1.00	0.46	0.47	0.53	0.45	0.41	0.84	0.83
ENSMUST00000004681.13|ENSMUSG00000004565|Pnpla6	101.0	3544176	chr8:3544025-3544267	0.30	0.20	0.43	0.20	0.41	0.11	0.42	0.24	0.21	0.10	0.24	0.24
ENSMUST00000207428.1|ENSMUSG00000087687|Pet100	119.7	3624008	chr8:3623304-3625848	0.03	0.05	0.04	0.02	0.03	0.03	0.02	0.04	0.02	0.03	0.05	0.04
ENSMUST00000044857.3|ENSMUSG00000040236|Trappc5	207.2	3680653	chr8:3679587-3681255	0.26	0.29	0.27	0.27	0.52	0.34	0.22	0.29	0.23	0.24	0.41	0.31
ENSMUST00000012847.2|ENSMUSG00000031494|Cd209a	21.8	3743874	chr8:3743396-3744086	NA	NA	0.49	0.65	0.35	0.76	NA	NA	0.23	NA	NA	NA
ENSMUST00000062686.10|ENSMUSG00000002948|Map2k7	253.0	4246231	chr8:4245826-4247897	1.00	0.97	0.68	0.67	1.00	1.00	1.00	0.75	0.61	0.64	1.00	0.75
ENSMUST00000011981.4|ENSMUSG00000011837|Snapc2	1030.5	4255994	chr8:4255803-4256220	0.37	0.35	0.26	0.35	0.60	0.47	0.30	0.23	0.37	0.35	0.46	0.39
ENSMUST00000053252.8|ENSMUSG00000048644|Ctxn1	62146.9	4257922	chr8:4257659-4258383	0.50	0.47	0.37	0.37	0.71	0.54	0.39	0.39	0.40	0.36	0.56	0.58
ENSMUST00000003029.13|ENSMUSG00000002949|Timm44	239.9	4259946	chr8:4259730-4260138	0.54	0.38	0.24	0.31	0.75	0.35	0.32	0.41	0.47	0.40	0.53	0.80
ENSMUST00000098950.5|ENSMUSG00000040028|Elavl1	2889.9	4288534	chr8:4285381-4289602	0.03	0.05	0.04	0.04	0.06	0.03	0.05	0.04	0.03	0.04	0.23	0.30
ENSMUST00000155797.7|ENSMUSG00000023235|Ccl25	126.1	4354203	chr8:4353889-4359998	0.03	0.04	0.04	0.05	0.30	0.03	0.05	NA	0.05	NA	0.04	0.04
ENSMUST00000008350.15|ENSMUSG00000008206|Cers4	113.9	4524564	chr8:4523777-4531680	0.08	0.05	0.05	0.04	0.13	0.05	0.07	0.05	0.05	0.02	0.14	0.08
ENSMUST00000001319.14|ENSMUSG00000001300|Efnb2	79.5	8619435	chr8:8617433-8620590	0.84	0.61	0.64	0.65	1.00	1.00	NA	0.75	0.48	0.52	NA	0.63
ENSMUST00000207817.1|ENSMUSG00000040459|Arglu1	96.0	8681383	chr8:8667199-8681864	0.00	NA	NA	0.00	0.00	0.00	0.01	0.00	NA	NA	NA	NA
ENSMUST00000139793.7|ENSMUSG00000040396|Abhd13	109.5	9989801	chr8:9988415-9992155	0.25	0.30	0.32	0.42	0.37	0.37	0.20	0.24	0.40	0.40	0.41	0.48
ENSMUST00000040514.7|ENSMUSG00000038894|Irs2	114.8	10986740	chr8:10984680-10987012	0.91	NA	1.00	0.70	NA	0.57	1.00	0.87	1.00	1.00	1.00	NA
ENSMUST00000209735.1|ENSMUSG00000031502|Col4a1	531893.4	11202828	chr8:11198430-11202979	0.28	0.26	0.23	0.22	0.37	0.26	0.32	0.24	0.24	0.23	0.27	0.25
ENSMUST00000033899.13|ENSMUSG00000031503|Col4a2	13870.6	11448994	chr8:11448313-11449287	0.71	0.70	0.52	0.60	1.00	0.86	0.78	0.64	0.68	0.57	0.95	1.00
ENSMUST00000033900.6|ENSMUSG00000031504|Rab20	377.4	11453760	chr8:11453517-11453999	0.42	0.50	0.34	0.43	0.64	0.53	0.59	0.51	0.46	0.49	NA	NA
ENSMUST00000054399.5|ENSMUSG00000045969|Ing1	652.4	11562282	chr8:11562118-11563251	0.55	0.50	0.57	0.34	1.00	0.54	0.45	0.48	0.50	0.44	0.49	0.59
ENSMUST00000211174.1|ENSMUSG00000031508|Ankrd10	506.4	11619061	chr8:11611583-11623788	0.53	NA	0.81	0.82	NA	NA	1.00	0.65	1.00	1.00	NA	1.00
ENSMUST00000180353.1|ENSMUSG00000096014|Sox1	14.9	12397979	chr8:12397533-12400126	NA	0.43	0.28	0.38	NA	NA	NA	NA	NA	NA	0.54	0.77
ENSMUST00000164774.7|ENSMUSG00000000759|Tubgcp3	100.4	12648573	chr8:12614276-12648724	0.07	0.08	0.07	0.07	0.08	0.05	0.05	0.06	0.07	0.09	0.17	0.10
ENSMUST00000033820.3|ENSMUSG00000031443|F7	18.4	13035554	chr8:13035313-13035809	NA	NA	NA	0.42	0.55	0.30	0.32	0.65	0.62	0.56	NA	NA
ENSMUST00000168164.7|ENSMUSG00000038542|Pcid2	439.8	13094016	chr8:13077188-13094167	0.27	0.21	0.33	0.31	0.24	0.25	0.35	0.27	0.29	0.26	0.22	0.26
ENSMUST00000033824.7|ENSMUSG00000031447|Lamp1	213679.2	13175060	chr8:13174555-13175338	0.50	0.53	0.49	0.54	0.71	0.51	0.52	0.45	0.56	0.53	0.63	0.63
ENSMUST00000209895.1|ENSMUSG00000038515|Grtp1	1334514.6	13179597	chr8:13172021-13179748	1.00	1.00	1.00	NA	NA	1.00	1.00	NA	NA	NA	1.00	1.00
ENSMUST00000203467.2|ENSMUSG00000038506|Dcun1d2	57.4	13278485	chr8:13255963-13278636	0.02	0.02	0.02	0.03	0.02	0.02	0.04	0.02	0.02	0.02	0.02	0.02
ENSMUST00000045229.6|ENSMUSG00000038497|Tmco3	584.7	13321186	chr8:13320871-13322924	0.05	0.04	0.02	0.03	0.11	0.06	0.03	0.03	0.03	0.02	0.06	0.05
ENSMUST00000210501.1|ENSMUSG00000038482|Tfdp1	6013.0	13373102	chr8:13370178-13378448	0.09	NA	0.08	0.08	NA	0.10	0.10	0.11	0.09	0.10	0.07	0.07
ENSMUST00000033828.6|ENSMUSG00000031451|Gas6	11477.8	13465597	chr8:13465373-13465748	0.42	0.29	0.32	0.36	0.59	0.46	0.31	0.27	0.35	0.32	0.56	0.43
ENSMUST00000043962.8|ENSMUSG00000038416|Cdc16	1377.8	13781779	chr8:13781628-13781938	0.31	0.26	0.26	0.23	0.44	0.32	0.26	0.21	0.24	0.27	0.31	0.22
ENSMUST00000043767.8|ENSMUSG00000038398|Upf3a	303.2	13798622	chr8:13798471-13799193	0.13	0.07	0.09	0.20	0.05	0.12	0.05	0.08	0.12	0.17	0.13	0.11
ENSMUST00000051870.7|ENSMUSG00000047710|Champ1	60.8	13880407	chr8:13880249-13881639	0.65	0.56	0.47	0.46	1.00	0.65	0.67	0.81	0.50	0.46	0.49	0.75
ENSMUST00000033839.8|ENSMUSG00000031458|Coprs	1276.2	13884883	chr8:13884793-13885034	0.52	0.24	0.41	0.28	0.53	0.30	0.27	0.34	0.20	0.27	0.35	0.33
ENSMUST00000043520.4|ENSMUSG00000038365|Fbxo25	117.6	13940236	chr8:13939649-13940522	0.65	0.54	0.80	0.82	0.60	0.73	0.87	0.44	0.63	0.63	0.66	1.00
ENSMUST00000062613.11|ENSMUSG00000050052|Tdrp	217.8	13952513	chr8:13952007-13953789	0.74	0.76	0.52	0.61	0.68	1.00	1.00	0.80	0.63	0.40	1.00	0.88
ENSMUST00000110813.4|ENSMUSG00000051978|Erich1	15.5	14027931	chr8:14027560-14028082	0.56	0.26	0.14	NA	0.55	NA	NA	0.28	NA	NA	NA	NA
ENSMUST00000133298.7|ENSMUSG00000047495|Dlgap2	289.1	14847108	chr8:14846705-14847680	NA	0.31	0.24	0.31	0.60	0.34	0.25	0.16	0.33	NA	0.34	0.34
ENSMUST00000027554.7|ENSMUSG00000026317|Cln8	175.5	14897756	chr8:14896851-14901720	0.03	0.06	0.10	0.10	0.08	0.04	0.11	0.13	0.10	0.11	0.15	0.19
ENSMUST00000084207.11|ENSMUSG00000071176|Arhgef10	42.9	15000228	chr8:14999827-15001085	0.30	0.80	0.74	0.48	1.00	1.00	0.66	0.72	0.70	0.42	1.00	1.00
ENSMUST00000033846.6|ENSMUSG00000031465|Angpt2	7940.0	18691534	chr8:18690262-18692050	0.09	0.09	0.06	0.07	0.12	0.08	0.10	0.07	0.08	0.07	NA	0.04
ENSMUST00000149565.7|ENSMUSG00000031467|Agpat5	124.7	18883220	chr8:18881960-18891361	0.02	0.02	0.03	0.03	0.02	0.02	0.02	0.02	0.02	0.01	0.03	0.03
ENSMUST00000033865.15|ENSMUSG00000031478|Nek3	7.8	22128529	chr8:22128282-22128687	0.55	0.59	0.20	0.23	1.00	NA	NA	0.40	NA	NA	NA	0.25
ENSMUST00000033866.8|ENSMUSG00000031479|Vps36	71.2	22218640	chr8:22218489-22220843	0.83	0.99	1.00	1.00	0.37	0.57	1.00	0.90	0.77	0.84	0.61	0.72
ENSMUST00000069828.9|ENSMUSG00000031480|Thsd1	114.0	22260171	chr8:22259667-22261334	0.30	0.26	0.26	0.34	0.46	0.28	0.26	0.42	0.20	0.25	0.38	0.47
ENSMUST00000033871.7|ENSMUSG00000031482|Slc25a15	99.2	22377582	chr8:22375550-22377859	0.69	0.98	1.00	0.85	1.00	0.81	NA	0.89	1.00	1.00	1.00	1.00
ENSMUST00000163774.2|ENSMUSG00000031534|Smim19	664.7	22463000	chr8:22462613-22463313	0.56	0.71	0.65	0.43	0.48	0.55	0.44	0.39	0.45	0.53	0.67	0.55
ENSMUST00000067786.8|ENSMUSG00000037656|Slc20a2	286.1	22569248	chr8:22568417-22569612	0.63	0.87	0.64	0.86	1.00	0.61	1.00	0.65	0.99	0.65	0.87	0.64
ENSMUST00000179233.1|ENSMUSG00000008892|Vdac3	24557.1	22577315	chr8:22577074-22577513	0.34	0.33	0.31	0.31	0.50	0.37	0.30	0.26	0.36	0.32	0.40	0.45
ENSMUST00000210950.1|ENSMUSG00000031536|Polb	3320.6	22639933	chr8:22637211-22642343	0.16	0.00	0.15	0.14	0.25	0.01	0.17	0.30	0.03	0.06	0.00	0.05
ENSMUST00000135326.7|ENSMUSG00000031537|Ikbkb	1231.7	22668683	chr8:22659212-22669639	0.33	0.38	0.35	0.33	0.34	0.45	0.35	0.32	0.31	0.33	NA	0.33
ENSMUST00000033941.6|ENSMUSG00000031538|Plat	42701.1	22782500	chr8:22782103-22782844	0.47	0.54	0.48	0.50	0.81	0.62	0.49	0.51	0.56	0.52	0.58	0.73
ENSMUST00000163739.2|ENSMUSG00000031539|Ap3m2	187.7	22788346	chr8:22787353-22789355	0.84	0.69	0.83	0.72	0.93	0.75	0.53	0.62	0.67	0.69	0.91	0.74
ENSMUST00000167004.2|ENSMUSG00000031545|Gpat4	1032.0	23173957	chr8:23171264-23174554	0.04	0.05	0.05	0.05	0.07	0.05	0.04	0.05	0.05	0.05	0.10	0.10
ENSMUST00000033950.6|ENSMUSG00000031546|Gins4	660.0	23226930	chr8:23226615-23227081	0.24	0.25	0.30	0.37	0.33	0.28	0.33	0.34	0.21	0.16	0.28	0.24
ENSMUST00000051094.8|ENSMUSG00000015341|Golga7	134485.0	23244597	chr8:23241345-23244748	1.00	1.00	1.00	1.00	1.00	1.00	1.00	1.00	1.00	1.00	1.00	1.00
ENSMUST00000033952.7|ENSMUSG00000031548|Sfrp1	256.7	23447728	chr8:23446485-23449632	NA	NA	0.73	0.85	0.63	0.72	1.00	0.83	0.58	0.65	NA	NA
ENSMUST00000052622.5|ENSMUSG00000056313|Tcim	3563.7	24437941	chr8:24437179-24438578	0.43	0.38	0.37	0.36	0.47	0.67	0.47	0.40	0.42	0.40	0.38	1.00
ENSMUST00000211319.1|ENSMUSG00000031555|Adam9	6551.0	24992073	chr8:24990271-24993108	0.29	0.30	0.28	0.28	0.34	0.28	0.27	0.28	0.29	0.30	0.31	0.28
ENSMUST00000084031.5|ENSMUSG00000037406|Htra4	11575.6	25025213	chr8:25024928-25025571	NA	NA	0.41	0.41	0.47	0.42	0.43	0.42	0.47	0.44	NA	NA
ENSMUST00000064883.13|ENSMUSG00000031557|Plekha2	562.6	25041099	chr8:25039143-25042678	0.09	0.09	0.15	0.16	0.24	0.16	0.28	0.19	0.17	0.14	0.23	0.22
ENSMUST00000210767.1|ENSMUSG00000065954|Tacc1	591.2	25200046	chr8:25171281-25200197	0.21	0.19	0.19	0.13	0.08	0.13	0.14	0.14	0.20	0.16	0.14	0.09
ENSMUST00000138104.8|ENSMUSG00000031565|Fgfr1	15655.9	25564501	chr8:25564350-25572441	0.19	0.13	0.13	0.15	0.16	0.18	0.23	0.15	0.15	0.14	0.24	0.14
ENSMUST00000124764.7|ENSMUSG00000031570|Plpp5	2900.3	25722600	chr8:25720582-25724887	0.16	0.19	0.28	0.25	0.24	0.20	0.10	0.24	0.24	0.25	0.15	0.10
ENSMUST00000211009.1|ENSMUSG00000061313|Ddhd2	35.4	25739417	chr8:25734272-25739568	0.17	NA	0.12	0.18	0.14	0.08	NA	0.16	0.12	0.09	0.16	0.09
ENSMUST00000038498.9|ENSMUSG00000037316|Bag4	73.5	25767462	chr8:25764537-25767926	0.25	0.50	0.33	0.32	0.38	0.33	0.27	0.39	0.27	0.21	0.59	0.56
ENSMUST00000139946.7|ENSMUSG00000031575|Ash2l	2405.2	25822694	chr8:25816524-25827191	0.23	0.28	0.25	0.22	0.35	0.29	0.31	0.23	0.20	0.18	0.24	0.30
ENSMUST00000037609.7|ENSMUSG00000037260|Hgsnat	2370.2	25944860	chr8:25944452-25945136	0.25	0.28	0.36	0.27	0.52	0.25	0.25	0.28	0.33	0.31	0.51	0.40
ENSMUST00000061850.4|ENSMUSG00000037251|Pomk	248.3	25981667	chr8:25980603-25982876	0.09	0.19	0.09	0.08	0.18	0.12	0.08	0.04	0.11	0.09	0.14	0.09
ENSMUST00000016138.10|ENSMUSG00000015994|Fnta	6103.7	25999194	chr8:25998721-25999450	0.16	0.16	0.15	0.13	0.28	0.20	0.12	0.12	0.12	0.15	0.22	0.23
ENSMUST00000037182.13|ENSMUSG00000037234|Hook3	54.3	26029093	chr8:26021420-26031892	0.21	0.09	0.15	0.14	0.48	0.14	0.17	0.15	0.13	0.16	0.24	0.17
ENSMUST00000036807.12|ENSMUSG00000037214|Thap1	38.8	26162978	chr8:26162796-26164151	0.97	1.00	NA	1.00	0.43	0.78	0.82	NA	0.64	1.00	0.67	0.80
ENSMUST00000154256.2|ENSMUSG00000085795|Zfp703	68.1	26980242	chr8:26980091-26981461	NA	1.00	0.92	NA	1.00	NA	NA	1.00	1.00	NA	NA	1.00
ENSMUST00000033873.8|ENSMUSG00000031483|Erlin2	615.3	27039141	chr8:27036633-27040328	0.18	0.15	0.13	0.13	0.41	0.13	0.29	0.20	0.14	0.15	0.22	0.24
ENSMUST00000179207.2|ENSMUSG00000031486|Adgra2	274.9	27117524	chr8:27117373-27122989	NA	0.29	0.45	0.33	0.26	0.26	0.50	0.54	0.42	0.46	NA	NA
ENSMUST00000054212.6|ENSMUSG00000031488|Rab11fip1	33.2	27140992	chr8:27138772-27143178	0.44	NA	NA	0.58	0.43	NA	NA	0.31	NA	NA	NA	NA
ENSMUST00000033880.6|ENSMUSG00000031490|Eif4ebp1	3935.6	27275366	chr8:27275108-27276674	0.04	0.05	0.05	0.04	0.06	0.04	0.02	0.03	0.05	0.03	0.06	0.07
ENSMUST00000036631.13|ENSMUSG00000039661|Dusp26	2980.4	31096682	chr8:31096385-31097047	0.59	0.50	0.41	0.57	0.55	0.52	0.48	0.42	0.48	0.60	0.67	0.60
ENSMUST00000046941.7|ENSMUSG00000039328|Rnf122	60.1	31129404	chr8:31128690-31131482	0.03	0.03	0.03	0.04	0.10	0.05	0.03	0.06	0.03	0.03	0.06	0.15
ENSMUST00000098842.2|ENSMUSG00000031577|Tti2	1403.0	31160577	chr8:31159992-31164702	0.09	0.09	0.11	0.11	0.11	0.10	0.09	0.10	0.09	0.11	0.11	0.11
ENSMUST00000033983.5|ENSMUSG00000031578|Mak16	256.1	31159815	chr8:31159462-31160391	0.63	0.57	0.68	0.56	0.83	0.50	0.37	0.36	0.59	0.63	0.60	0.68
ENSMUST00000161502.1|ENSMUSG00000046152|Fut10	72.3	31261220	chr8:31260130-31261738	0.47	0.43	0.24	0.56	0.60	0.57	0.41	0.44	0.45	0.56	0.69	0.80
ENSMUST00000033991.12|ENSMUSG00000031583|Wrn	28.5	33235696	chr8:33234383-33236339	0.44	NA	NA	0.81	NA	NA	1.00	0.89	0.46	NA	NA	NA
ENSMUST00000078058.4|ENSMUSG00000049184|Purg	49.0	33416809	chr8:33416658-33417467	NA	NA	0.52	0.84	NA	1.00	1.00	NA	NA	0.70	1.00	1.00
ENSMUST00000009774.10|ENSMUSG00000009630|Ppp2cb	2094.9	33619342	chr8:33619191-33619441	1.00	1.00	0.95	1.00	1.00	1.00	1.00	1.00	1.00	1.00	1.00	1.00
ENSMUST00000095349.5|ENSMUSG00000052906|Ubxn8	179.8	33621057	chr8:33619585-33621532	0.20	0.16	0.15	0.18	0.19	0.18	0.04	0.15	0.16	0.17	0.18	0.28
ENSMUST00000033992.8|ENSMUSG00000031584|Gsr	2253.4	33697835	chr8:33697292-33698163	0.65	0.63	0.49	0.64	1.00	0.70	0.78	0.54	0.65	0.52	0.82	0.73
ENSMUST00000171010.7|ENSMUSG00000031585|Gtf2e2	1108.7	33776798	chr8:33776566-33777173	0.33	0.27	0.15	0.25	0.54	0.27	0.20	0.28	0.25	0.24	0.69	0.34
ENSMUST00000080152.4|ENSMUSG00000063412|Gm10131	31246.9	34111095	chr8:34111001-34111390	0.80	0.72	0.82	0.68	1.00	0.75	0.89	0.82	0.54	0.67	0.89	0.91
ENSMUST00000033910.8|ENSMUSG00000031513|Leprotl1	865.2	34137528	chr8:34135571-34137724	0.42	0.40	0.49	0.42	0.51	0.47	0.31	0.46	0.42	0.44	0.69	0.71
ENSMUST00000239436.1|ENSMUSG00000031532|Saraf	38677.8	34170536	chr8:34170118-34170845	0.53	0.50	0.42	0.45	0.68	0.48	0.42	0.39	0.47	0.46	0.67	0.59
ENSMUST00000033930.4|ENSMUSG00000031530|Dusp4	13.3	34818931	chr8:34818780-34819894	NA	NA	NA	NA	1.00	NA	0.49	0.78	NA	0.64	0.50	0.96
ENSMUST00000033929.5|ENSMUSG00000031529|Tnks	32.0	34831486	chr8:34826459-34831637	NA	0.91	NA	1.00	NA	NA	NA	1.00	0.81	1.00	NA	NA
ENSMUST00000070481.7|ENSMUSG00000046794|Ppp1r3b	63.7	35385748	chr8:35384860-35388139	NA	NA	0.65	0.77	1.00	1.00	NA	0.91	0.79	0.74	NA	NA
ENSMUST00000033927.7|ENSMUSG00000031527|Eri1	189.0	35467498	chr8:35465252-35469130	0.26	0.17	0.26	0.18	0.32	0.22	1.00	0.22	0.22	0.26	0.30	0.22
ENSMUST00000037666.5|ENSMUSG00000070056|Mfhas1	67.0	35676911	chr8:35676760-35679449	0.45	0.26	0.23	0.24	0.28	0.28	0.16	0.30	0.17	0.29	0.17	0.17
ENSMUST00000110492.1|ENSMUSG00000050271|Prag1	27.3	36147565	chr8:36147414-36147787	NA	0.25	NA	0.41	0.37	0.38	NA	0.44	0.35	0.22	0.47	0.31
ENSMUST00000239119.1|ENSMUSG00000039633|Lonrf1	28.6	36217288	chr8:36216063-36217445	0.55	0.60	0.52	0.59	NA	0.48	0.72	NA	NA	0.33	0.33	0.73
ENSMUST00000098825.4|ENSMUSG00000074384|AI429214	18.4	36994729	chr8:36994578-36995533	0.42	NA	0.49	NA	NA	NA	NA	0.71	NA	0.18	NA	NA
ENSMUST00000211241.1|ENSMUSG00000039530|Tusc3	1644.8	39067779	chr8:39067628-39165114	0.01	0.01	0.01	0.01	0.01	0.01	0.01	0.01	0.01	0.01	0.01	0.01
ENSMUST00000170091.2|ENSMUSG00000025044|Msr1	544.2	39604909	chr8:39603453-39605974	0.29	0.33	0.54	0.50	0.39	0.36	NA	1.00	0.46	0.46	NA	NA
ENSMUST00000128166.7|ENSMUSG00000039470|Zdhhc2	2864.4	40494115	chr8:40474772-40510266	NA	0.60	0.58	0.59	NA	0.39	0.51	0.62	NA	NA	0.30	0.36
ENSMUST00000034012.9|ENSMUSG00000031601|Cnot7	1293.4	40493288	chr8:40492539-40493989	0.77	0.90	0.77	0.86	1.00	0.87	0.74	0.62	0.92	0.80	1.00	0.91
ENSMUST00000057784.14|ENSMUSG00000031596|Slc7a2	541.2	40917759	chr8:40916531-40922308	0.22	0.34	0.48	0.49	1.00	0.37	0.98	0.55	0.58	0.53	1.00	NA
ENSMUST00000034004.9|ENSMUSG00000031595|Pdgfrl	8247.4	40990651	chr8:40990500-40990785	NA	0.51	0.18	0.19	0.63	0.32	0.24	0.22	0.19	0.24	NA	NA
ENSMUST00000059115.12|ENSMUSG00000045636|Mtus1	607.6	40993021	chr8:40990913-40993422	0.53	0.67	0.56	0.66	0.56	0.57	0.75	0.79	0.63	0.56	0.57	0.70
ENSMUST00000045218.8|ENSMUSG00000031592|Pcm1	24.1	41332156	chr8:41332005-41332344	0.60	0.66	NA	0.81	0.29	0.39	0.74	0.28	NA	0.77	0.99	0.47
ENSMUST00000110417.7|ENSMUSG00000031591|Asah1	14877.1	41354763	chr8:41346179-41354914	0.14	0.14	0.14	0.15	0.09	0.13	0.14	0.17	0.14	0.15	0.12	0.08
ENSMUST00000116473.4|ENSMUSG00000031640|Gm45753	77.8	45306025	chr8:45269670-45306938	0.00	0.00	0.00	0.00	0.00	0.00	0.00	0.00	0.00	0.00	0.00	0.00
ENSMUST00000095328.5|ENSMUSG00000079057|Cyp4v3	1268.7	45306039	chr8:45304943-45306938	0.10	0.16	0.08	0.08	0.12	0.08	0.11	0.07	0.08	0.09	0.15	0.11
ENSMUST00000135912.7|ENSMUSG00000070044|Fam149a	129.4	45339144	chr8:45336716-45339301	0.07	0.27	0.19	0.34	0.14	0.18	0.16	0.42	0.42	0.49	0.25	0.29
ENSMUST00000130412.7|ENSMUSG00000031634|Ufsp2	1307.4	45985468	chr8:45980493-45996857	0.31	0.44	0.33	0.29	0.25	0.33	0.32	0.39	0.38	0.31	0.30	0.34
ENSMUST00000153674.7|ENSMUSG00000050914|Ankrd37	1013.8	45999247	chr8:45996910-45999398	0.30	0.18	NA	NA	0.36	0.26	NA	NA	NA	NA	0.24	0.23
ENSMUST00000110377.8|ENSMUSG00000038291|Snx25	13.2	46068017	chr8:46056075-46068168	0.02	0.01	0.01	0.01	NA	0.01	NA	0.01	0.01	0.01	0.01	0.01
ENSMUST00000034048.12|ENSMUSG00000031631|Cfap97	40.9	46193293	chr8:46192709-46195590	0.70	NA	NA	0.97	1.00	0.68	NA	1.00	1.00	1.00	NA	NA
ENSMUST00000034049.4|ENSMUSG00000031633|Slc25a4	75150.6	46207302	chr8:46206796-46207465	0.08	0.07	0.07	0.08	0.12	0.07	0.05	0.07	0.06	0.07	0.10	0.09
ENSMUST00000034046.12|ENSMUSG00000018796|Acsl1	63.7	46535000	chr8:46534477-46536051	0.78	0.71	0.78	0.59	0.85	0.92	0.87	0.57	0.56	0.66	0.82	1.00
ENSMUST00000211115.1|ENSMUSG00000031628|Casp3	247.7	46638991	chr8:46638145-46639689	0.65	0.84	0.93	0.86	0.84	0.51	0.99	0.75	0.81	0.71	0.82	0.92
ENSMUST00000210284.1|ENSMUSG00000031627|Irf2	67.3	46837838	chr8:46837676-46847446	0.01	0.01	0.01	0.01	0.01	0.01	0.02	0.01	0.01	0.01	0.01	0.00
ENSMUST00000175692.7|ENSMUSG00000031568|Rwdd4a	446.0	47543029	chr8:47542722-47551279	0.04	0.03	0.04	0.04	0.04	0.03	0.02	0.03	0.03	0.03	0.02	0.04
ENSMUST00000080353.2|ENSMUSG00000063049|Ing2	43.2	47668517	chr8:47667177-47668668	0.42	0.44	0.33	0.48	0.03	0.72	0.10	0.61	NA	0.44	0.61	0.45
ENSMUST00000038738.6|ENSMUSG00000038069|Cdkn2aip	232.7	47710746	chr8:47709343-47712288	0.33	0.32	0.30	0.37	0.69	0.53	0.27	0.28	0.31	0.30	0.24	0.46
ENSMUST00000057561.8|ENSMUSG00000031563|Wwc2	169.1	47827786	chr8:47823958-47828720	0.29	0.22	0.21	0.20	0.44	0.34	0.18	0.19	0.19	0.16	0.22	0.24
ENSMUST00000033965.13|ENSMUSG00000031561|Tenm3	20.8	48228163	chr8:48227681-48228448	NA	NA	0.40	0.77	NA	0.54	0.82	0.58	1.00	0.62	0.57	0.64
ENSMUST00000033919.5|ENSMUSG00000031520|Vegfc	88.4	54186282	chr8:54186065-54187096	0.07	0.10	0.03	0.03	0.09	0.03	0.04	0.04	0.12	0.07	0.10	0.12
ENSMUST00000067476.8|ENSMUSG00000054408|Spcs3	1189.5	54523114	chr8:54520432-54523265	1.00	1.00	1.00	1.00	0.91	1.00	1.00	1.00	1.00	1.00	1.00	1.00
ENSMUST00000033915.8|ENSMUSG00000031517|Gpm6a	12002.0	55060236	chr8:55058926-55060871	0.81	0.81	0.62	0.62	0.70	0.65	0.81	0.56	0.67	0.68	0.56	0.55
ENSMUST00000034026.9|ENSMUSG00000031613|Hpgd	143.1	56320581	chr8:56320202-56321043	0.86	0.62	0.65	0.49	0.66	0.60	0.56	0.57	0.64	0.64	0.65	0.56
ENSMUST00000040218.12|ENSMUSG00000038206|Fbxo8	237.6	56592076	chr8:56591620-56593939	0.05	0.04	0.05	0.05	0.06	0.06	0.03	0.04	0.05	0.04	0.06	0.05
ENSMUST00000034022.3|ENSMUSG00000031609|Sap30	492.0	57482779	chr8:57482706-57482930	0.04	0.27	0.06	0.06	0.33	0.11	0.12	0.11	0.04	0.00	0.27	0.25
ENSMUST00000067925.7|ENSMUSG00000054717|Hmgb2	3992.7	57514353	chr8:57514124-57515999	0.02	0.02	0.02	0.02	0.03	0.02	0.01	0.01	0.02	0.02	0.03	0.02
ENSMUST00000034021.11|ENSMUSG00000031608|Galnt7	78.4	57524868	chr8:57523827-57526116	0.57	0.55	0.65	0.59	1.00	0.83	0.28	0.30	0.33	0.37	NA	0.28
ENSMUST00000160719.7|ENSMUSG00000031647|Mfap3l	54.4	60672433	chr8:60671952-60676729	0.41	0.66	0.84	0.35	0.62	0.65	0.32	0.52	NA	0.55	0.64	0.58
ENSMUST00000149267.7|ENSMUSG00000038005|Hpf1	10229.2	60896947	chr8:60896796-60907573	0.16	0.14	0.14	0.17	0.12	0.11	0.16	0.15	0.13	0.12	0.13	0.13
ENSMUST00000056508.11|ENSMUSG00000004319|Clcn3	80.9	60912074	chr8:60910388-60913087	0.77	0.73	0.60	NA	1.00	1.00	1.00	0.69	NA	NA	1.00	1.00
ENSMUST00000034065.13|ENSMUSG00000031644|Nek1	19.4	61130488	chr8:61130154-61131346	0.82	NA	0.52	0.95	0.53	NA	0.76	1.00	NA	NA	NA	NA
ENSMUST00000034060.6|ENSMUSG00000031642|Sh3rf1	27.2	61394077	chr8:61393834-61396071	NA	NA	1.00	0.75	NA	0.41	NA	NA	0.57	NA	1.00	0.70
ENSMUST00000034058.13|ENSMUSG00000031641|Cbr4	12.0	61503372	chr8:61503208-61506694	0.05	0.07	0.09	0.03	0.02	0.03	0.01	0.10	0.02	0.07	0.08	0.13
ENSMUST00000121200.8|ENSMUSG00000058056|Palld	577.1	61513203	chr8:61511432-61513354	NA	1.00	1.00	1.00	0.71	1.00	1.00	1.00	1.00	1.00	1.00	0.79
ENSMUST00000119068.7|ENSMUSG00000054162|Spock3	58.8	63355613	chr8:63355378-63357103	NA	NA	NA	1.00	0.38	NA	NA	1.00	NA	0.67	1.00	1.00
ENSMUST00000066166.5|ENSMUSG00000053626|Tll1	116.2	64015595	chr8:64014930-64016048	NA	NA	0.79	0.74	NA	NA	NA	0.73	1.00	0.95	NA	NA
ENSMUST00000048967.8|ENSMUSG00000037852|Cpe	1978886.5	64592797	chr8:64592541-64593125	0.45	0.45	0.39	0.41	0.67	0.40	0.44	0.37	0.43	0.41	0.58	0.56
ENSMUST00000034015.10|ENSMUSG00000031604|Msmo1	1581.2	64718439	chr8:64718138-64718988	0.52	0.51	0.51	0.40	0.93	0.48	0.60	0.50	0.54	0.46	0.56	0.62
ENSMUST00000209923.1|ENSMUSG00000025521|Tmem192	1653.6	64959609	chr8:64959438-64968903	0.04	0.03	0.03	0.04	0.04	0.03	0.03	0.04	0.03	0.03	0.03	0.03
ENSMUST00000110255.7|ENSMUSG00000036469|Marchf1	44.3	66470218	chr8:66468527-66471637	0.21	NA	0.20	0.32	0.12	0.19	0.07	0.39	0.44	0.29	0.56	0.29
ENSMUST00000143972.1|ENSMUSG00000025591|Tma16	401.4	66480339	chr8:66474329-66482541	0.60	0.46	0.74	0.59	0.51	0.56	0.27	0.58	NA	NA	0.40	NA
ENSMUST00000039303.6|ENSMUSG00000036437|Npy1r	708.2	66705937	chr8:66705185-66706792	0.77	0.74	0.66	0.67	0.70	0.50	0.66	0.56	0.61	0.70	0.81	NA
ENSMUST00000212916.1|ENSMUSG00000014907|Naf1	3.9	66879756	chr8:66879605-66883597	0.05	0.00	NA	NA	NA	NA	0.06	0.00	NA	NA	NA	NA
ENSMUST00000026677.3|ENSMUSG00000025588|Nat1	19.0	67491994	chr8:67491843-67492104	NA	NA	NA	0.13	NA	0.76	NA	0.00	NA	NA	0.80	1.00
ENSMUST00000093470.6|ENSMUSG00000051147|Nat2	16.1	67502353	chr8:67502109-67502584	NA	NA	NA	0.25	NA	0.43	0.52	0.27	NA	NA	0.40	NA
ENSMUST00000098696.9|ENSMUSG00000030465|Psd3	1142.0	67696823	chr8:67689081-67696974	NA	1.00	1.00	1.00	NA	NA	NA	1.00	NA	NA	1.00	1.00
ENSMUST00000078350.12|ENSMUSG00000036356|Csgalnact1	51.3	68358197	chr8:68356780-68358426	0.37	0.42	0.35	0.24	0.65	0.28	0.30	0.33	0.37	0.26	0.40	0.27
ENSMUST00000034328.12|ENSMUSG00000031864|Ints10	33.0	68827581	chr8:68827430-68829410	0.23	0.16	0.12	0.08	0.03	0.12	0.17	0.23	0.10	0.26	0.14	0.20
ENSMUST00000006435.7|ENSMUSG00000006273|Atp6v1b2	2705.3	69113377	chr8:69112566-69113711	0.65	0.70	0.53	0.65	0.89	0.70	0.82	0.62	0.72	0.62	0.89	0.83
ENSMUST00000212681.1|ENSMUSG00000059897|Zfp930	12.8	69229128	chr8:69228977-69230536	0.85	1.00	0.62	NA	0.45	0.58	NA	NA	NA	NA	0.52	1.00
ENSMUST00000213012.1|ENSMUSG00000110444|Gm10033	15.1	69371193	chr8:69366509-69373530	NA	0.08	NA	0.25	0.44	0.08	NA	NA	NA	NA	NA	NA
ENSMUST00000121886.7|ENSMUSG00000060427|Zfp868	15.7	69611068	chr8:69610856-69611416	0.73	0.58	0.64	0.76	0.97	1.00	0.87	0.63	1.00	0.60	1.00	0.86
ENSMUST00000238292.1|ENSMUSG00000054648|Zfp869	54.9	69705337	chr8:69702655-69706334	0.02	0.04	0.03	0.04	0.08	0.09	0.04	0.04	0.05	0.06	0.08	0.10
ENSMUST00000130458.7|ENSMUSG00000092260|Zfp963	26.2	69742163	chr8:69741638-69742652	0.29	0.01	0.13	0.18	1.00	0.21	0.14	0.39	NA	0.57	NA	0.13
ENSMUST00000238316.1|ENSMUSG00000031862|Atp13a1	2359.5	69800122	chr8:69799836-69803644	0.11	0.13	0.12	0.11	0.13	0.08	0.15	0.12	0.12	0.13	0.10	0.09
ENSMUST00000036074.14|ENSMUSG00000036246|Gmip	61.7	69821403	chr8:69820973-69821870	NA	NA	0.25	0.31	0.75	0.58	0.34	0.36	0.48	0.32	0.73	0.45
ENSMUST00000156319.7|ENSMUSG00000031860|Pbx4	1670.7	69865065	chr8:69864914-69872292	NA	NA	0.22	NA	NA	NA	NA	0.32	NA	NA	1.00	1.00
ENSMUST00000177851.8|ENSMUSG00000036180|Gatad2a	1788.6	69908849	chr8:69907075-69909846	0.10	0.09	0.14	0.12	0.13	0.10	0.19	0.12	0.10	0.14	0.18	0.20
ENSMUST00000212845.1|ENSMUSG00000031858|Mau2	1693.2	70022135	chr8:70018641-70022655	0.43	0.43	0.37	0.41	0.57	0.33	0.48	0.37	0.41	0.45	0.33	0.33
ENSMUST00000011450.7|ENSMUSG00000011306|Sugp1	77.7	70071980	chr8:70071829-70072347	0.38	0.13	0.40	0.41	0.27	0.38	0.28	0.40	0.47	0.45	0.49	0.35
ENSMUST00000007738.10|ENSMUSG00000007594|Hapln4	72.2	70088669	chr8:70088518-70090862	NA	1.00	1.00	1.00	NA	NA	NA	1.00	NA	NA	1.00	1.00
ENSMUST00000002412.8|ENSMUSG00000002341|Ncan	998.6	70096171	chr8:70093084-70096322	1.00	1.00	NA	1.00	1.00	1.00	1.00	1.00	NA	NA	1.00	1.00
ENSMUST00000075724.8|ENSMUSG00000036120|Rfxank	1612.0	70133096	chr8:70130805-70133395	0.20	0.21	0.30	0.30	0.33	0.24	0.21	0.36	0.30	0.26	0.22	0.29
ENSMUST00000211898.1|ENSMUSG00000071078|Nr2c2ap	6499.1	70132770	chr8:70132619-70133748	1.00	1.00	1.00	1.00	1.00	1.00	1.00	1.00	1.00	1.00	1.00	1.00
ENSMUST00000182715.7|ENSMUSG00000002342|Tmem161a	7376.4	70182659	chr8:70181298-70183667	0.19	0.21	0.12	0.16	0.51	0.25	0.09	0.23	0.18	0.17	0.34	0.25
ENSMUST00000063788.7|ENSMUSG00000002346|Slc25a42	45.9	70185445	chr8:70184339-70186471	0.78	0.68	0.80	0.74	0.85	0.60	NA	0.70	0.77	0.59	0.85	0.62
ENSMUST00000019679.11|ENSMUSG00000002343|Armc6	118.1	70220443	chr8:70220171-70220667	0.28	0.32	0.36	0.36	1.00	0.26	0.48	0.18	0.35	0.30	0.55	0.34
ENSMUST00000140212.7|ENSMUSG00000003573|Homer3	2285.0	70293687	chr8:70293163-70294361	0.65	0.59	0.49	0.48	0.68	0.71	0.49	0.52	0.49	0.55	0.60	0.54
ENSMUST00000008004.9|ENSMUSG00000057788|Ddx49	213.8	70293323	chr8:70292865-70293510	0.90	0.75	0.85	0.89	0.82	0.97	0.80	0.79	1.00	1.00	0.74	0.97
ENSMUST00000168018.1|ENSMUSG00000055681|Cope	190960.6	70310491	chr8:70306645-70312772	0.00	0.00	0.00	0.00	0.00	0.00	0.00	0.00	0.00	0.00	0.00	0.00
ENSMUST00000140239.3|ENSMUSG00000087408|Cers1	5080.9	70330276	chr8:70329577-70331587	0.76	0.58	0.58	0.58	0.43	0.63	0.86	0.70	0.69	0.51	0.65	0.58
ENSMUST00000076615.5|ENSMUSG00000003575|Crtc1	1516.8	70385924	chr8:70382354-70386126	0.43	0.57	0.74	0.67	0.43	0.48	1.00	1.00	0.53	0.56	0.43	0.46
ENSMUST00000209415.1|ENSMUSG00000055707|Klhl26	302.4	70451979	chr8:70450218-70452819	1.00	1.00	1.00	0.88	1.00	0.94	1.00	0.96	0.86	0.89	0.99	0.94
ENSMUST00000045286.8|ENSMUSG00000035964|Tmem59l	1299.8	70484089	chr8:70483866-70484305	0.20	0.35	0.38	0.37	0.69	0.73	0.30	0.32	0.51	0.26	0.43	0.50
ENSMUST00000008032.13|ENSMUSG00000007888|Crlf1	35.9	70503982	chr8:70503831-70504081	0.24	0.15	NA	NA	0.46	0.54	NA	NA	NA	NA	0.25	0.13
ENSMUST00000136913.1|ENSMUSG00000058833|Rex1bd	31915.3	70504361	chr8:70504298-70504512	0.29	0.27	0.32	0.28	0.31	0.30	0.22	0.29	0.26	0.27	0.30	0.32
ENSMUST00000134893.1|ENSMUSG00000019428|Fkbp8	557548.4	70534614	chr8:70534417-70535057	0.33	0.30	0.33	0.31	0.34	0.28	0.30	0.28	0.32	0.29	0.26	0.29
ENSMUST00000093454.7|ENSMUSG00000070002|Ell	115.7	70592021	chr8:70591611-70592858	0.95	0.85	0.71	0.88	0.99	0.77	1.00	0.76	1.00	0.81	0.95	0.91
ENSMUST00000209285.1|ENSMUSG00000019139|Isyna1	158783.4	70596165	chr8:70595727-70597191	0.87	0.84	0.82	0.85	0.83	0.88	0.91	0.85	0.92	0.87	0.82	0.89
ENSMUST00000211197.1|ENSMUSG00000070003|Ssbp4	272735.4	70600309	chr8:70599429-70600460	0.38	0.32	0.38	0.40	0.42	0.35	0.42	0.38	0.41	0.40	0.31	0.32
ENSMUST00000070173.8|ENSMUSG00000056204|Pgpep1	526.4	70649970	chr8:70646434-70650595	0.10	0.11	0.11	0.09	0.10	0.12	0.08	0.10	0.11	0.09	0.16	0.15
ENSMUST00000034311.14|ENSMUSG00000031848|Lsm4	17061.7	70678599	chr8:70678448-70678752	0.31	0.27	0.27	0.30	0.45	0.28	0.23	0.22	0.25	0.26	0.43	0.42
ENSMUST00000095267.5|ENSMUSG00000071076|Jund	426921.0	70700313	chr8:70700080-70700616	0.30	0.28	0.31	0.25	0.73	0.35	0.23	0.25	0.27	0.26	0.40	0.41
ENSMUST00000110093.8|ENSMUSG00000031840|Rab3a	8506.0	70758418	chr8:70758085-70758677	0.35	0.33	0.26	0.31	0.58	0.37	0.23	0.27	0.43	0.26	0.45	0.39
ENSMUST00000212617.1|ENSMUSG00000035559|Mpv17l2	8.9	70760091	chr8:70759415-70760242	0.30	0.25	0.28	NA	0.55	0.17	0.26	0.32	0.49	0.14	0.09	0.14
ENSMUST00000002989.10|ENSMUSG00000002910|Arrdc2	54.2	70835435	chr8:70835128-70835943	0.51	0.55	0.55	0.51	1.00	0.69	0.44	0.62	0.16	0.41	NA	0.51
ENSMUST00000212243.1|ENSMUSG00000002908|Kcnn1	47.9	70846402	chr8:70844252-70846553	0.00	0.00	0.00	0.00	NA	0.03	NA	0.00	NA	NA	0.00	0.00
ENSMUST00000007865.6|ENSMUSG00000007721|Ccdc124	46510.7	70868292	chr8:70868226-70868443	0.18	0.23	0.15	0.22	0.34	0.28	0.18	0.20	0.26	0.22	0.25	0.26
ENSMUST00000000809.2|ENSMUSG00000000792|Slc5a5	39.4	70883189	chr8:70882888-70883866	0.57	0.41	0.56	0.84	NA	0.99	0.92	0.92	0.35	NA	0.69	0.78
ENSMUST00000213053.1|ENSMUSG00000045128|Rpl18a	2596471.1	70895915	chr8:70895414-70896179	0.42	0.37	0.39	0.37	0.52	0.39	0.36	0.38	0.40	0.38	0.40	0.41
ENSMUST00000123495.7|ENSMUSG00000035439|Haus8	913.8	71255352	chr8:71248560-71255503	0.21	0.18	0.12	0.16	0.22	0.17	0.17	0.18	0.15	0.19	0.15	0.22
ENSMUST00000110052.1|ENSMUSG00000002396|Ocel1	43070.8	71376273	chr8:71374825-71379361	0.09	0.09	0.09	0.08	NA	0.07	NA	0.09	0.07	0.08	0.08	0.11
ENSMUST00000002466.8|ENSMUSG00000002393|Nr2f6	4465.6	71374334	chr8:71374126-71374485	0.31	0.35	0.30	0.27	0.64	0.46	0.32	0.33	0.37	0.30	0.55	0.51
ENSMUST00000212626.1|ENSMUSG00000034911|Ushbp1	6908.5	71390002	chr8:71384271-71390153	0.27	0.24	0.30	0.27	0.42	0.27	0.32	0.28	0.30	0.27	0.34	0.31
ENSMUST00000002473.9|ENSMUSG00000031820|Babam1	2033.2	71404546	chr8:71404395-71404619	0.12	0.07	0.10	0.07	0.06	0.02	0.01	0.08	0.00	0.05	0.12	0.10
ENSMUST00000008094.9|ENSMUSG00000007950|Abhd8	182507.8	71456978	chr8:71456704-71457185	0.38	0.38	0.32	0.33	0.64	0.43	0.37	0.33	0.36	0.34	0.45	0.43
ENSMUST00000048914.7|ENSMUSG00000034880|Mrpl34	4240.3	71465611	chr8:71465460-71465747	0.29	0.31	0.26	0.26	0.40	0.27	0.28	0.31	0.24	0.29	0.36	0.31
ENSMUST00000124745.7|ENSMUSG00000074247|Dda1	4001.9	71474955	chr8:71474595-71476098	0.62	0.60	0.69	0.69	0.54	0.58	0.78	0.81	0.74	0.79	0.52	0.60
ENSMUST00000093450.5|ENSMUSG00000034863|Ano8	77.4	71476236	chr8:71476018-71476387	0.59	0.29	0.31	0.38	1.00	0.66	0.35	0.24	0.32	0.33	0.49	0.34
ENSMUST00000150969.7|ENSMUSG00000007610|Gtpbp3	2069.8	71493074	chr8:71492761-71499583	0.07	0.28	0.32	0.33	0.32	0.44	0.16	0.17	0.16	0.20	0.37	0.41
ENSMUST00000048452.5|ENSMUSG00000034845|Plvap	593.2	71498019	chr8:71497764-71498401	0.62	0.60	0.41	0.40	1.00	0.54	0.38	0.38	0.56	0.42	0.56	0.72
ENSMUST00000051672.8|ENSMUSG00000046718|Bst2	113522.2	71534360	chr8:71534254-71534692	0.85	0.77	0.81	0.79	0.95	0.89	0.80	0.78	0.88	0.80	1.00	0.79
ENSMUST00000212326.1|ENSMUSG00000031813|Mvb12a	13810.7	71544238	chr8:71544087-71545720	1.00	NA	1.00	1.00	1.00	NA	1.00	NA	NA	NA	NA	NA
ENSMUST00000052072.7|ENSMUSG00000043664|Tmem221	64.2	71554509	chr8:71554237-71555089	NA	NA	NA	0.43	0.62	0.44	NA	NA	0.59	0.62	NA	NA
ENSMUST00000034267.4|ENSMUSG00000031808|Slc27a1	970.9	71586443	chr8:71586056-71586708	0.45	0.57	0.57	0.48	1.00	0.62	0.54	0.58	0.52	0.52	0.71	0.75
ENSMUST00000047903.9|ENSMUSG00000034807|Colgalt1	1525.8	71623949	chr8:71623757-71624911	0.64	0.53	0.55	0.54	0.79	0.64	0.73	0.59	0.51	0.55	0.67	0.73
ENSMUST00000175909.7|ENSMUSG00000034799|Unc13a	8.7	71639634	chr8:71634622-71639785	NA	NA	NA	NA	NA	NA	0.01	0.01	NA	NA	0.01	0.01
ENSMUST00000051995.13|ENSMUSG00000031805|Jak3	118.4	71688295	chr8:71688144-71690575	0.58	0.22	0.22	0.12	0.51	0.06	0.04	0.27	0.06	0.14	NA	0.30
ENSMUST00000034261.7|ENSMUSG00000079019|Insl3	105.1	71690513	chr8:71690362-71690575	0.71	0.54	0.45	0.51	0.73	0.45	0.61	0.44	0.17	0.33	0.36	NA
ENSMUST00000034260.8|ENSMUSG00000031803|B3gnt3	1959.0	71691606	chr8:71690755-71692606	0.36	0.34	0.52	0.29	0.50	0.33	0.23	0.36	0.22	0.40	0.41	0.46
ENSMUST00000188685.6|ENSMUSG00000056019|Zfp709	12.1	71891465	chr8:71890909-71895727	NA	NA	0.35	0.22	NA	0.15	NA	0.29	0.21	0.16	NA	NA
ENSMUST00000119003.1|ENSMUSG00000066880|Zfp617	92.9	71933705	chr8:71933504-71934629	0.52	0.93	0.55	0.71	0.91	0.60	1.00	1.00	0.95	0.71	0.66	0.72
ENSMUST00000003575.10|ENSMUSG00000031799|Tpm4	37130.3	72152775	chr8:72151821-72153142	0.82	0.80	0.75	0.84	1.00	0.83	0.80	0.73	0.86	0.79	0.89	0.82
ENSMUST00000003121.8|ENSMUSG00000003037|Rab8a	9518.5	72181002	chr8:72180134-72183904	0.03	0.04	0.04	0.04	0.07	0.03	0.03	0.04	0.04	0.04	0.07	0.10
ENSMUST00000003123.9|ENSMUSG00000003039|Fam32a	10605.3	72223149	chr8:72222247-72224418	0.12	0.15	0.14	0.16	0.23	0.17	0.09	0.11	0.16	0.14	0.20	0.23
ENSMUST00000212708.1|ENSMUSG00000003033|Ap1m1	1625.3	72246926	chr8:72246775-72249879	0.30	0.29	0.29	0.32	0.22	0.28	0.31	0.31	0.32	0.38	0.31	0.25
ENSMUST00000075602.7|ENSMUSG00000070713|Gm10282	8095.6	72304760	chr8:72304109-72304911	0.73	0.47	0.51	0.37	1.00	1.00	0.36	0.43	0.32	0.57	0.58	0.75
ENSMUST00000067912.7|ENSMUSG00000055148|Klf2	50022.2	72321165	chr8:72320916-72321656	0.17	0.19	0.16	0.14	0.29	0.16	0.18	0.18	0.15	0.16	0.21	0.22
ENSMUST00000212590.1|ENSMUSG00000006276|Eps15l1	24.5	72378078	chr8:72377417-72378978	0.61	1.00	0.50	0.62	NA	0.65	0.98	0.84	0.81	0.82	NA	NA
ENSMUST00000064853.12|ENSMUSG00000052794|1700030K09Rik	516.4	72460299	chr8:72460148-72461001	1.00	1.00	1.00	0.95	1.00	1.00	0.48	0.73	1.00	0.70	1.00	1.00
ENSMUST00000079510.5|ENSMUSG00000052488|Cherp	221.2	72460802	chr8:72460488-72461317	0.44	0.46	0.38	0.52	0.71	0.52	0.40	0.42	0.38	0.43	0.75	0.50
ENSMUST00000152080.7|ENSMUSG00000019731|Slc35e1	309.2	72481787	chr8:72480640-72483768	0.67	0.55	0.59	0.58	0.74	0.62	0.48	0.58	0.53	0.57	0.58	0.70
ENSMUST00000058534.6|ENSMUSG00000045248|Med26	37.6	72495000	chr8:72494560-72495489	0.44	0.32	0.46	0.43	NA	0.47	0.60	0.67	0.43	0.35	0.51	0.84
ENSMUST00000167290.7|ENSMUSG00000044600|Smim7	20148.5	72567064	chr8:72565187-72567795	0.38	0.40	0.39	0.39	0.33	0.35	0.39	0.45	0.32	0.35	0.46	0.46
ENSMUST00000211914.1|ENSMUSG00000031791|Tmem38a	590.1	72581399	chr8:72581248-72586181	NA	0.20	0.19	0.21	NA	0.25	0.32	0.29	NA	0.20	0.21	0.22
ENSMUST00000004494.15|ENSMUSG00000031622|Sin3b	78.0	72757824	chr8:72757402-72758201	0.45	0.47	0.57	0.43	0.77	0.56	0.51	0.39	0.45	0.22	0.88	0.49
ENSMUST00000004497.10|ENSMUSG00000004383|Large1	50.8	72815675	chr8:72814598-72815826	1.00	0.67	1.00	1.00	1.00	1.00	1.00	1.00	1.00	1.00	1.00	1.00
ENSMUST00000145919.1|ENSMUSG00000034518|Hmgxb4	19.3	75001584	chr8:75000015-75031978	0.03	0.01	0.02	0.04	0.03	0.02	0.03	0.03	0.04	0.03	NA	NA
ENSMUST00000165630.2|ENSMUSG00000042870|Tom1	1431.1	75069807	chr8:75069401-75070121	0.48	0.48	0.47	0.49	0.96	0.65	0.36	0.40	0.44	0.47	0.63	0.62
ENSMUST00000005548.7|ENSMUSG00000005413|Hmox1	31031.6	75100349	chr8:75100016-75100589	0.42	0.41	0.38	0.32	0.72	0.46	0.41	0.33	0.37	0.35	0.39	0.23
ENSMUST00000164309.2|ENSMUSG00000005410|Mcm5	262.5	75127569	chr8:75127321-75128439	0.02	0.09	0.18	0.08	0.10	0.10	0.23	0.12	0.04	0.12	0.07	0.03
ENSMUST00000139848.7|ENSMUSG00000034472|Rasd2	3962.1	75223581	chr8:75222245-75224113	0.45	0.44	0.60	0.47	0.67	0.49	0.67	0.57	0.54	0.43	0.49	0.47
ENSMUST00000076316.5|ENSMUSG00000037148|Arhgap10	46.0	77250612	chr8:77250365-77250921	0.46	0.46	0.37	0.39	0.29	0.29	0.44	0.24	0.31	0.42	0.32	0.43
ENSMUST00000034030.14|ENSMUSG00000031617|Tmem184c	372.3	77596214	chr8:77595981-77596365	0.23	0.27	0.11	0.27	0.46	0.26	0.72	0.33	0.27	0.19	0.55	0.40
ENSMUST00000034029.7|ENSMUSG00000031616|Ednra	905.8	77663575	chr8:77663030-77664978	0.68	0.89	0.69	0.89	1.00	0.93	1.00	0.88	0.87	0.80	0.70	1.00
ENSMUST00000049245.9|ENSMUSG00000037070|Rbmxl1	1202.4	78505397	chr8:78505268-78505548	0.23	0.20	0.09	0.18	0.62	0.32	0.16	0.16	0.18	0.14	0.36	0.40
ENSMUST00000130325.7|ENSMUSG00000031683|Lsm6	2849.4	78806902	chr8:78804864-78808213	0.09	0.08	0.12	0.14	0.10	0.13	0.20	0.15	0.13	0.14	0.12	0.19
ENSMUST00000210231.1|ENSMUSG00000037022|Mmaa	183.4	79278134	chr8:79267907-79278285	0.07	0.06	0.06	0.06	0.07	0.06	0.06	0.05	0.03	0.08	0.07	0.05
ENSMUST00000173078.7|ENSMUSG00000036990|Otud4	65.9	79674217	chr8:79673979-79677724	1.00	0.68	0.74	NA	1.00	NA	NA	NA	1.00	NA	NA	0.37
ENSMUST00000080536.7|ENSMUSG00000058355|Abce1	646.3	79683946	chr8:79683461-79685232	0.63	0.65	0.51	0.44	1.00	0.67	0.99	0.49	0.57	0.49	0.86	0.85
ENSMUST00000210812.1|ENSMUSG00000036977|Anapc10	35.9	79775310	chr8:79775159-79779059	0.01	0.11	0.13	0.11	0.01	0.01	0.00	0.12	0.12	0.12	0.09	0.13
ENSMUST00000043359.8|ENSMUSG00000031715|Smarca5	107.6	80700217	chr8:80698506-80701065	0.07	0.05	0.08	0.05	0.13	0.10	0.11	0.04	0.08	0.06	0.07	0.08
ENSMUST00000210676.1|ENSMUSG00000031714|Gab1	179.8	80766180	chr8:80764437-80766331	1.00	0.97	1.00	1.00	1.00	1.00	1.00	1.00	1.00	0.89	1.00	1.00
ENSMUST00000042724.7|ENSMUSG00000038250|Usp38	47.7	80981089	chr8:80980732-80981821	0.53	0.82	0.44	0.43	1.00	0.34	0.48	0.53	0.35	0.45	1.00	0.89
ENSMUST00000211462.1|ENSMUSG00000031711|Zfp330	2173.4	82769233	chr8:82764397-82769384	0.18	0.24	0.21	0.18	0.21	0.19	0.17	0.21	0.20	0.20	0.20	0.24
ENSMUST00000078525.6|ENSMUSG00000047747|Rnf150	14.6	83084162	chr8:83083551-83091268	NA	NA	0.15	0.23	NA	0.21	NA	0.22	NA	0.22	NA	NA
ENSMUST00000093393.4|ENSMUSG00000031709|Tbc1d9	144.3	83271758	chr8:83271607-83272934	NA	NA	0.84	0.57	NA	NA	NA	1.00	NA	NA	1.00	1.00
ENSMUST00000177594.7|ENSMUSG00000035151|Elmod2	77.6	83314804	chr8:83312631-83316318	0.99	0.92	0.83	0.94	1.00	0.96	NA	0.79	0.85	0.92	1.00	NA
ENSMUST00000081506.10|ENSMUSG00000063253|Scoc	2723.8	83435361	chr8:83434494-83435900	0.92	0.92	0.86	0.82	1.00	0.89	0.75	0.81	0.84	0.90	0.77	0.88
ENSMUST00000212005.1|ENSMUSG00000031708|Tecr	419848.2	83572231	chr8:83571699-83572550	0.38	0.39	0.37	0.39	0.59	0.47	0.35	0.35	0.42	0.35	0.45	0.48
ENSMUST00000005620.9|ENSMUSG00000005483|Dnajb1	2303.9	83611567	chr8:83610816-83612653	0.13	0.12	0.13	0.13	0.28	0.14	0.17	0.13	0.12	0.11	0.19	0.15
ENSMUST00000019577.9|ENSMUSG00000019433|Gipc1	5448.7	83664478	chr8:83664266-83664694	0.63	0.67	0.61	0.54	0.86	0.74	0.59	0.59	0.58	0.59	0.67	0.67
ENSMUST00000005616.15|ENSMUSG00000057672|Pkn1	425.8	83667946	chr8:83666535-83670167	0.80	0.59	0.72	0.74	1.00	0.59	NA	0.59	0.58	0.58	NA	0.71
ENSMUST00000019608.6|ENSMUSG00000019464|Ptger1	1859.6	83670368	chr8:83669530-83672753	0.50	0.66	0.59	0.53	0.56	0.76	0.77	0.51	0.53	0.61	NA	0.62
ENSMUST00000212949.1|ENSMUSG00000005481|Ddx39	16268.3	83725346	chr8:83723138-83726892	0.36	0.34	NA	0.38	0.30	0.28	0.26	0.35	0.38	0.40	0.26	NA
ENSMUST00000005607.8|ENSMUSG00000005470|Asf1b	161.8	83969769	chr8:83969337-83970197	0.68	0.43	0.30	NA	0.95	0.50	0.33	NA	0.67	0.47	NA	NA
ENSMUST00000005606.7|ENSMUSG00000005469|Prkaca	921.5	83995855	chr8:83995414-83996443	0.87	0.77	0.79	0.88	0.95	0.75	0.69	0.59	0.86	0.69	0.88	0.87
ENSMUST00000095228.4|ENSMUSG00000079003|Samd1	68.9	84000145	chr8:83999872-84000409	0.19	0.33	0.32	0.28	0.34	0.82	0.40	0.36	0.41	0.19	0.51	0.83
ENSMUST00000005601.8|ENSMUSG00000005465|Il27ra	18.6	84030633	chr8:84030293-84031033	0.55	0.24	0.34	0.53	0.42	NA	0.35	0.47	0.29	0.36	NA	NA
ENSMUST00000005600.5|ENSMUSG00000031706|Rfx1	22.0	84096651	chr8:84095963-84096992	0.85	0.65	0.64	0.67	0.52	NA	0.82	0.57	0.57	0.33	NA	0.71
ENSMUST00000093380.4|ENSMUSG00000012889|Podnl1	6.9	84132375	chr8:84132224-84132527	NA	NA	0.38	0.21	NA	NA	0.55	0.38	0.33	NA	NA	NA
ENSMUST00000117424.8|ENSMUSG00000036686|Cc2d1a	239.3	84133055	chr8:84132827-84133239	0.27	0.25	0.41	0.38	0.98	0.32	0.32	0.34	0.37	0.32	0.47	0.59
ENSMUST00000039480.6|ENSMUSG00000035671|Zswim4	100.8	84211212	chr8:84210677-84211948	0.18	0.25	0.15	0.12	0.53	0.38	0.20	0.23	0.19	0.18	0.20	0.34
ENSMUST00000019506.8|ENSMUSG00000019362|D8Ertd738e	23951.6	84246404	chr8:84246237-84246555	0.39	0.37	0.36	0.46	0.52	0.40	0.38	0.39	0.40	0.42	0.42	0.43
ENSMUST00000238701.1|ENSMUSG00000034656|Cacna1a	90.5	84639999	chr8:84639705-84640246	NA	0.45	0.23	0.45	1.00	0.69	0.33	0.58	0.64	0.14	0.37	0.48
ENSMUST00000060427.5|ENSMUSG00000053560|Ier2	49739.9	84661694	chr8:84661330-84662088	0.59	0.50	0.48	0.47	0.74	0.58	0.49	0.50	0.50	0.52	0.86	0.58
ENSMUST00000001975.5|ENSMUSG00000001910|Nacc1	91.1	84672095	chr8:84670478-84673044	0.46	0.61	0.79	0.70	1.00	0.86	1.00	0.88	0.86	0.75	1.00	0.89
ENSMUST00000131700.7|ENSMUSG00000001909|Trmt1	1310.8	84691439	chr8:84690801-84696924	0.14	0.12	0.14	0.12	0.11	0.11	0.18	0.14	0.19	0.21	0.12	0.08
ENSMUST00000076715.12|ENSMUSG00000001911|Nfix	158.2	84713637	chr8:84708613-84713788	NA	NA	NA	0.01	NA	0.00	0.00	NA	0.00	0.00	0.00	0.00
ENSMUST00000065539.5|ENSMUSG00000053226|Dand5	67.8	84815755	chr8:84815403-84816290	0.67	0.63	0.45	0.70	1.00	0.54	0.92	0.55	0.72	0.67	0.88	0.87
ENSMUST00000036734.5|ENSMUSG00000033751|Gadd45gip1	2961.8	84834574	chr8:84834423-84835482	1.00	1.00	1.00	1.00	1.00	1.00	1.00	1.00	1.00	1.00	1.00	1.00
ENSMUST00000003911.12|ENSMUSG00000003813|Rad23a	909.1	84835061	chr8:84834651-84835563	0.18	0.21	0.32	0.32	0.23	0.29	0.41	0.28	0.29	0.43	0.27	0.29
ENSMUST00000003912.6|ENSMUSG00000003814|Calr	347627.5	84842494	chr8:84841849-84842649	0.21	0.24	0.22	0.23	0.56	0.26	0.20	0.19	0.25	0.22	0.26	0.24
ENSMUST00000156970.7|ENSMUSG00000003808|Farsa	4539.0	84861479	chr8:84861328-84869256	0.14	0.14	0.14	0.11	0.11	0.14	0.16	0.15	0.11	0.13	0.11	0.15
ENSMUST00000003922.5|ENSMUSG00000003824|Syce2	2282.9	84886123	chr8:84885944-84887456	1.00	0.92	1.00	1.00	0.48	0.34	1.00	1.00	0.50	0.47	1.00	0.84
ENSMUST00000003907.13|ENSMUSG00000003809|Gcdh	431.6	84886783	chr8:84886392-84886982	0.35	0.40	0.34	0.30	0.52	0.24	0.23	0.18	0.22	0.21	0.37	0.39
ENSMUST00000109744.7|ENSMUSG00000003812|Dnase2a	263.7	84911183	chr8:84911029-84911708	0.25	0.12	0.11	0.11	0.31	0.21	0.09	0.10	0.15	0.17	NA	NA
ENSMUST00000109738.9|ENSMUSG00000052926|Rnaseh2a	13.0	84957574	chr8:84956609-84957725	NA	0.41	0.64	0.31	0.00	0.90	NA	0.29	NA	NA	0.36	0.69
ENSMUST00000109734.7|ENSMUSG00000005161|Prdx2	47919.4	84974233	chr8:84974082-84974834	0.15	0.12	0.15	0.13	0.08	0.13	0.14	0.15	0.12	0.13	0.13	0.14
ENSMUST00000064922.6|ENSMUSG00000052837|Junb	469560.8	84977199	chr8:84976909-84977397	0.38	0.36	0.34	0.30	0.74	0.41	0.31	0.32	0.31	0.31	0.49	0.43
ENSMUST00000209834.1|ENSMUSG00000052456|Asna1	9397.9	85019521	chr8:85018809-85019969	0.00	0.00	0.00	0.00	0.00	0.00	0.00	0.00	0.00	0.00	0.00	0.00
ENSMUST00000047281.9|ENSMUSG00000041203|Trir	14430.3	85030130	chr8:85029979-85030286	0.33	0.27	0.23	0.24	0.54	0.34	0.23	0.25	0.29	0.32	0.46	0.46
ENSMUST00000095220.3|ENSMUSG00000008167|Fbxw9	189.3	85066864	chr8:85066661-85067121	0.40	0.32	0.29	0.30	0.76	0.37	0.29	0.36	0.39	0.31	0.56	0.42
ENSMUST00000152871.7|ENSMUSG00000060038|Dhps	4542.7	85073767	chr8:85073526-85075156	0.45	0.46	0.34	0.32	0.38	0.46	0.41	0.38	0.48	0.39	0.44	0.43
ENSMUST00000149050.1|ENSMUSG00000005150|Wdr83	701.2	85079580	chr8:85076123-85080059	0.01	0.01	0.02	NA	NA	0.00	0.00	0.04	NA	NA	0.00	0.00
ENSMUST00000140621.1|ENSMUSG00000059355|Wdr83os	8285.9	85082151	chr8:85081995-85082332	0.29	0.29	0.37	0.32	0.58	0.34	0.31	0.27	0.38	0.27	0.44	0.42
ENSMUST00000209361.1|ENSMUSG00000005142|Man2b1	27629.7	85084814	chr8:85084643-85087278	0.20	0.09	0.13	0.13	0.20	0.12	0.14	0.13	0.12	0.13	0.15	0.17
ENSMUST00000034131.9|ENSMUSG00000031696|Vps35	4028.7	85260763	chr8:85260391-85261132	0.56	0.50	0.39	0.49	0.97	0.58	0.45	0.46	0.56	0.50	0.74	0.62
ENSMUST00000210146.1|ENSMUSG00000031697|Orc6	2146.6	85306386	chr8:85306235-85308070	0.15	0.14	0.17	0.16	0.16	0.13	0.15	0.15	0.18	0.15	0.16	0.18
ENSMUST00000209355.1|ENSMUSG00000036934|4921524J17Rik	149.0	85412090	chr8:85409817-85412241	0.02	0.00	0.00	0.00	0.03	0.01	0.01	0.02	0.00	0.00	0.00	0.00
ENSMUST00000034138.6|ENSMUSG00000031701|Dnaja2	6084.0	85538809	chr8:85537632-85539218	0.13	0.15	0.16	0.17	0.21	0.15	0.14	0.16	0.15	0.16	0.17	0.21
ENSMUST00000109686.3|ENSMUSG00000036902|Neto2	29.4	85639677	chr8:85636587-85640538	0.30	0.70	0.60	0.54	0.39	0.66	NA	0.58	1.00	0.69	0.72	0.97
ENSMUST00000034140.8|ENSMUSG00000031703|Itfg1	671.9	85718679	chr8:85717577-85718870	0.76	0.73	0.83	0.73	0.30	0.53	0.63	0.84	0.65	0.66	0.79	0.78
ENSMUST00000045296.5|ENSMUSG00000036840|Siah1a	333.9	86724603	chr8:86724006-86725008	0.52	0.52	0.59	0.57	0.74	0.49	0.52	0.46	0.55	0.54	0.68	0.51
ENSMUST00000034074.7|ENSMUSG00000031652|N4bp1	62.9	86844501	chr8:86841138-86844689	0.34	0.32	0.36	0.23	0.07	0.15	0.21	0.32	0.37	0.35	0.22	0.28
ENSMUST00000165770.8|ENSMUSG00000045333|Zfp423	189.6	87662166	chr8:87661809-87662480	0.28	0.23	0.25	0.21	0.31	0.26	0.18	0.17	0.24	0.29	0.30	0.34
ENSMUST00000127490.7|ENSMUSG00000036810|Cnep1r1	2125.7	88129889	chr8:88129738-88135110	0.30	0.29	0.29	0.26	0.34	0.28	0.37	0.27	0.29	0.28	0.26	0.31
ENSMUST00000034079.13|ENSMUSG00000031657|Heatr3	170.0	88171511	chr8:88170978-88172027	0.55	0.48	0.42	0.51	1.00	1.00	0.48	0.60	0.38	0.41	0.77	0.59
ENSMUST00000119033.7|ENSMUSG00000036779|Tent4b	58.9	88257423	chr8:88257272-88259722	1.00	1.00	0.75	0.81	0.96	1.00	0.42	1.00	1.00	1.00	1.00	1.00
ENSMUST00000210688.1|ENSMUSG00000031659|Adcy7	1266.4	88324602	chr8:88324451-88329961	NA	NA	0.53	0.34	0.60	0.35	NA	NA	0.42	0.46	NA	NA
ENSMUST00000034085.7|ENSMUSG00000031660|Brd7	43.0	88332339	chr8:88331058-88332490	0.09	0.52	NA	0.17	0.03	0.09	0.71	0.83	0.12	0.03	0.17	0.06
ENSMUST00000169179.2|ENSMUSG00000031661|Nkd1	164.7	88592740	chr8:88592149-88594884	0.16	0.18	0.33	0.30	0.14	0.17	0.36	0.30	0.28	0.30	0.23	0.25
ENSMUST00000034087.8|ENSMUSG00000031662|Snx20	151.1	88626977	chr8:88626562-88627161	0.31	0.18	0.23	0.22	0.49	0.22	0.12	0.15	0.13	0.22	NA	NA
ENSMUST00000043526.14|ENSMUSG00000036712|Cyld	48.3	88748280	chr8:88747010-88751945	0.10	0.22	0.24	0.27	0.19	0.22	0.27	0.25	0.13	0.16	0.56	0.58
ENSMUST00000034090.7|ENSMUSG00000031665|Sall1	38.4	89027828	chr8:89027234-89028380	NA	NA	1.00	0.82	NA	NA	1.00	0.71	0.73	0.55	0.68	0.58
ENSMUST00000209208.1|ENSMUSG00000110332|Gm19935	47.8	90816397	chr8:90816144-90816795	NA	0.61	0.51	0.52	0.53	0.62	0.38	0.40	NA	NA	0.84	0.64
ENSMUST00000034091.7|ENSMUSG00000031666|Rbl2	167.4	91123153	chr8:91122443-91123844	0.87	1.00	0.65	0.57	1.00	1.00	1.00	0.72	0.66	0.84	1.00	1.00
ENSMUST00000211050.1|ENSMUSG00000031667|Aktip	51910.4	91129599	chr8:91125816-91129780	0.08	0.07	0.08	0.08	0.06	0.08	0.09	0.08	0.08	0.07	0.06	0.06
ENSMUST00000034187.8|ENSMUSG00000031740|Mmp2	41192.6	92853130	chr8:92852662-92853420	0.46	0.61	0.46	0.46	1.00	0.67	0.54	0.46	0.52	0.50	NA	NA
ENSMUST00000209265.1|ENSMUSG00000033192|Lpcat2	484.7	92890826	chr8:92875561-92918823	0.18	0.12	0.21	0.16	0.18	0.24	0.12	0.22	0.17	0.15	0.13	0.21
ENSMUST00000053766.13|ENSMUSG00000031751|Amfr	7312.0	93972189	chr8:93971587-93973169	0.42	0.36	0.33	0.31	1.00	0.60	0.40	0.34	0.36	0.31	0.57	0.55
ENSMUST00000034204.10|ENSMUSG00000031754|Nudt21	321.3	94019517	chr8:94015495-94019685	0.06	0.10	0.23	0.19	0.05	0.08	0.09	0.21	0.15	0.21	0.24	0.43
ENSMUST00000109556.8|ENSMUSG00000033009|Ogfod1	25.7	94065264	chr8:94064337-94067921	0.52	0.28	0.35	0.48	0.33	0.38	0.06	0.62	0.37	0.38	0.55	0.46
ENSMUST00000034206.5|ENSMUSG00000031755|Bbs2	38.9	94068127	chr8:94067953-94068278	0.28	0.42	0.17	0.39	0.79	0.31	0.19	0.26	0.34	0.28	0.94	0.49
ENSMUST00000211915.1|ENSMUSG00000031760|Mt3	7311779.2	94153879	chr8:94153728-94153985	1.00	1.00	1.00	NA	1.00	1.00	1.00	1.00	NA	NA	1.00	1.00
ENSMUST00000211807.1|ENSMUSG00000031765|Mt1	3053607.8	94179888	chr8:94179421-94180325	1.00	NA	1.00	1.00	1.00	NA	1.00	1.00	NA	NA	NA	NA
ENSMUST00000212824.1|ENSMUSG00000032939|Nup93	184.4	94314843	chr8:94314692-94315066	0.01	0.00	0.00	0.00	0.00	0.01	0.03	0.00	0.00	0.01	NA	0.17
ENSMUST00000159450.1|ENSMUSG00000031770|Herpud1	23610.3	94389595	chr8:94389374-94392309	0.15	0.12	0.17	0.15	0.10	0.12	0.15	0.15	0.15	0.15	0.12	0.13
ENSMUST00000034226.7|ENSMUSG00000031774|Fam192a	1295.1	94575162	chr8:94574137-94575639	0.08	0.09	0.07	0.06	0.09	0.08	0.10	0.05	0.08	0.08	0.09	0.08
ENSMUST00000034228.15|ENSMUSG00000031776|Arl2bp	13922.6	94673987	chr8:94673115-94674425	0.46	0.64	0.58	0.61	0.62	0.62	0.57	0.53	0.67	0.52	0.59	0.60
ENSMUST00000034227.5|ENSMUSG00000031775|Pllp	812.5	94675680	chr8:94674893-94676165	0.09	0.11	0.13	0.18	0.18	0.15	0.10	0.11	0.18	0.15	0.23	0.19
ENSMUST00000162538.8|ENSMUSG00000031781|Ciapin1	605.7	94822758	chr8:94819803-94823099	0.02	0.03	0.02	0.02	0.04	0.03	0.02	0.03	0.02	0.02	0.09	0.12
ENSMUST00000034234.14|ENSMUSG00000031782|Coq9	901.2	94854579	chr8:94854146-94854895	0.50	0.52	0.41	0.47	0.88	0.60	0.40	0.39	0.53	0.49	0.59	0.69
ENSMUST00000211939.1|ENSMUSG00000031783|Polr2c	21.3	94871160	chr8:94871009-94873535	0.00	0.00	NA	NA	0.00	NA	NA	NA	0.00	0.02	0.00	0.00
ENSMUST00000212810.1|ENSMUSG00000040631|Dok4	166.9	94864263	chr8:94863827-94865131	0.55	0.56	0.61	0.49	1.00	0.72	0.54	0.49	0.58	0.45	0.79	0.49
ENSMUST00000077955.5|ENSMUSG00000063605|Ccdc102a	521.9	94903113	chr8:94902868-94903264	0.33	0.34	0.25	0.41	0.71	0.40	0.30	0.38	0.32	0.32	0.47	0.50
ENSMUST00000179619.8|ENSMUSG00000031785|Adgrg1	798.8	95013834	chr8:95012984-95014217	0.72	0.69	0.59	0.54	1.00	0.78	0.97	0.72	0.77	0.79	1.00	0.80
ENSMUST00000169353.2|ENSMUSG00000031788|Kifc3	2640.2	95100056	chr8:95099827-95100671	0.57	0.63	0.70	0.52	1.00	0.63	0.62	0.52	0.75	0.54	0.89	0.85
ENSMUST00000057717.7|ENSMUSG00000046556|Zfp319	54.8	95326339	chr8:95323010-95327830	0.13	0.07	0.20	0.25	0.26	0.22	0.08	0.13	0.20	0.28	0.17	0.19
ENSMUST00000213059.1|ENSMUSG00000031792|Usb1	25.2	95333568	chr8:95333417-95338658	0.00	0.00	0.00	0.01	0.00	0.00	0.00	0.01	0.00	0.00	0.00	0.00
ENSMUST00000034243.6|ENSMUSG00000031790|Mmp15	15.4	95373230	chr8:95372517-95375080	NA	NA	0.47	0.40	NA	0.53	NA	NA	NA	0.27	NA	NA
ENSMUST00000212684.1|ENSMUSG00000031796|Cfap20	7609.4	95422057	chr8:95420401-95422792	0.55	0.43	0.50	0.41	0.60	0.45	0.39	0.47	0.37	0.40	0.46	0.41
ENSMUST00000034094.10|ENSMUSG00000031669|Gins3	27.2	95643959	chr8:95643334-95645060	0.76	0.65	0.53	0.86	0.87	0.77	0.27	0.63	0.65	0.33	NA	0.51
ENSMUST00000166358.7|ENSMUSG00000036564|Ndrg4	78181.5	95706989	chr8:95706227-95714952	0.32	0.31	0.35	0.33	0.28	0.35	0.38	0.32	0.36	0.38	0.29	0.29
ENSMUST00000141900.7|ENSMUSG00000031671|Setd6	405.8	95718353	chr8:95718202-95718519	0.01	0.00	0.00	0.02	0.00	0.00	0.00	0.00	0.00	0.00	0.00	0.00
ENSMUST00000213006.1|ENSMUSG00000036550|Cnot1	152.6	95736200	chr8:95720155-95736351	0.70	0.28	0.28	0.19	0.22	0.42	0.39	0.30	0.27	0.30	NA	0.21
ENSMUST00000074053.5|ENSMUSG00000061104|Sap18b	8050.6	95826030	chr8:95825879-95826134	0.32	0.26	0.28	0.32	0.43	0.34	0.26	0.38	0.36	0.30	0.38	0.39
ENSMUST00000040481.3|ENSMUSG00000036534|Slc38a7	97.6	95836770	chr8:95835919-95837571	0.62	0.72	0.75	0.71	0.66	0.76	1.00	0.65	0.73	0.76	0.59	0.88
ENSMUST00000034097.7|ENSMUSG00000031672|Got2	1847.2	95864469	chr8:95864133-95865131	0.67	0.70	0.61	0.62	0.78	0.59	0.70	0.58	0.67	0.63	0.84	0.82
ENSMUST00000075190.4|ENSMUSG00000031673|Cdh11	8045.2	102633704	chr8:102632094-102634316	0.15	0.13	0.11	0.12	0.15	0.11	0.14	0.12	0.13	0.12	0.22	0.36
ENSMUST00000034339.9|ENSMUSG00000031871|Cdh5	3070.1	104143146	chr8:104142995-104144511	1.00	1.00	1.00	1.00	1.00	1.00	1.00	1.00	1.00	1.00	NA	NA
ENSMUST00000093245.12|ENSMUSG00000031872|Bean1	155.9	104218069	chr8:104217264-104219122	NA	0.15	0.13	0.21	NA	0.14	0.17	0.20	0.30	NA	0.22	0.16
ENSMUST00000212209.1|ENSMUSG00000035824|Tk2	120.3	104243300	chr8:104228212-104243451	0.12	0.08	0.06	0.07	0.05	0.06	0.08	0.07	0.07	0.07	0.06	0.06
ENSMUST00000211829.1|ENSMUSG00000054400|Cklf	65.8	104261643	chr8:104261492-104263444	0.17	0.01	0.10	NA	0.06	0.00	0.00	0.00	0.00	0.01	0.05	NA
ENSMUST00000034343.4|ENSMUSG00000031875|Cmtm3	23843.4	104347323	chr8:104346763-104347672	0.59	0.62	0.60	0.60	0.96	0.70	0.55	0.55	0.63	0.58	0.95	0.89
ENSMUST00000179802.1|ENSMUSG00000096188|Cmtm4	38.1	104354931	chr8:104348190-104355129	0.03	0.28	0.27	0.31	0.03	0.15	0.21	0.20	0.08	NA	0.51	0.61
ENSMUST00000041769.7|ENSMUSG00000035770|Dync1li2	525.7	104419192	chr8:104417679-104420584	0.53	0.59	0.60	0.66	0.84	0.81	0.83	0.51	0.59	0.45	0.88	0.92
ENSMUST00000159416.7|ENSMUSG00000031883|Car7	19.5	104550111	chr8:104549676-104550343	0.45	0.67	0.47	0.46	NA	1.00	0.34	0.42	NA	0.11	0.63	0.50
ENSMUST00000034351.7|ENSMUSG00000031880|Rrad	760.6	104628302	chr8:104628069-104628453	0.58	0.30	0.37	0.26	0.53	0.41	0.35	0.35	0.39	0.42	0.44	NA
ENSMUST00000163140.1|ENSMUSG00000031879|Ciao2b	12735.0	104640967	chr8:104639840-104641417	0.18	0.16	0.17	0.15	0.17	0.15	0.18	0.15	0.17	0.16	0.14	0.12
ENSMUST00000109392.8|ENSMUSG00000031885|Cbfb	606.9	105216741	chr8:105215923-105217981	0.86	0.78	0.74	0.77	1.00	0.94	0.91	0.89	0.90	0.84	0.90	0.93
ENSMUST00000124113.7|ENSMUSG00000031889|D230025D16Rik	268.1	105241185	chr8:105241034-105253053	0.07	0.06	0.06	0.08	0.08	0.07	0.07	0.07	0.06	0.07	0.07	0.07
ENSMUST00000136822.2|ENSMUSG00000069920|B3gnt9	589.7	105253089	chr8:105252637-105253557	1.00	1.00	0.75	0.82	1.00	0.99	0.74	0.67	0.85	0.66	NA	NA
ENSMUST00000034359.9|ENSMUSG00000031887|Tradd	692.5	105258811	chr8:105258285-105258987	0.13	0.16	0.18	0.13	0.32	0.22	0.15	0.17	0.14	0.13	0.38	0.23
ENSMUST00000173102.1|ENSMUSG00000033249|Hsf4	37.3	105271112	chr8:105270786-105275843	NA	NA	NA	0.28	NA	NA	0.25	NA	NA	NA	0.19	0.26
ENSMUST00000014920.7|ENSMUSG00000014776|Nol3	104.1	105280939	chr8:105279899-105281939	0.27	0.46	0.73	0.51	0.75	0.40	0.38	0.20	1.00	1.00	0.72	0.86
ENSMUST00000212922.1|ENSMUSG00000014837|4931428F04Rik	113.6	105281340	chr8:105280408-105281982	NA	0.75	0.67	0.52	NA	NA	NA	0.87	0.89	0.46	0.71	0.53
ENSMUST00000212777.1|ENSMUSG00000043251|Exoc3l	479.6	105292334	chr8:105289925-105295101	0.19	0.41	NA	NA	0.20	0.78	NA	NA	NA	0.97	NA	NA
ENSMUST00000015003.9|ENSMUSG00000014859|E2f4	794.1	105305103	chr8:105304685-105305370	0.53	0.48	0.35	0.36	0.75	0.60	0.42	0.55	0.42	0.45	0.46	0.50
ENSMUST00000212046.1|ENSMUSG00000014791|Elmo3	314.5	105309034	chr8:105306599-105309977	NA	NA	0.65	NA	1.00	0.33	0.56	0.72	NA	NA	NA	NA
ENSMUST00000109372.2|ENSMUSG00000014856|Tmem208	349.4	105328953	chr8:105328802-105334801	0.02	0.01	0.02	0.02	0.02	0.01	0.05	0.02	0.01	0.01	0.01	0.01
ENSMUST00000073149.6|ENSMUSG00000014786|Slc9a5	12.1	105368623	chr8:105368472-105368743	0.97	NA	0.85	1.00	1.00	NA	0.97	1.00	NA	NA	0.78	0.95
ENSMUST00000014990.12|ENSMUSG00000014846|Tppp3	1106.9	105467687	chr8:105467492-105467838	0.36	0.32	0.27	0.20	0.56	0.39	0.27	0.33	0.27	0.31	0.40	0.48
ENSMUST00000013304.7|ENSMUSG00000013160|Atp6v0d1	2389.1	105524701	chr8:105524464-105524905	0.53	0.48	0.32	0.34	0.85	0.59	0.50	0.44	0.33	0.37	0.59	0.59
ENSMUST00000043531.9|ENSMUSG00000038604|Ripor1	307.6	105622050	chr8:105621899-105622219	0.34	0.22	0.28	0.19	0.57	0.33	0.27	0.12	0.15	0.24	0.42	0.38
ENSMUST00000005841.15|ENSMUSG00000005698|Ctcf	80.8	105682375	chr8:105681616-105682922	0.79	0.83	0.61	0.79	0.75	0.84	0.77	0.91	1.00	0.74	0.70	1.00
ENSMUST00000211870.1|ENSMUSG00000038000|Acd	18708.8	105698613	chr8:105695859-105700159	0.13	0.50	0.29	0.31	0.37	0.53	0.41	0.46	0.15	0.13	1.00	1.00
ENSMUST00000013294.15|ENSMUSG00000013150|Gfod2	89.8	105716335	chr8:105713853-105716754	0.04	0.08	0.07	0.06	0.09	0.05	0.09	0.05	0.06	0.05	0.07	0.09
ENSMUST00000239468.1|ENSMUSG00000037415|Ranbp10	104.4	105771438	chr8:105768307-105771589	1.00	1.00	1.00	0.87	NA	0.75	NA	0.89	0.86	1.00	0.89	0.82
ENSMUST00000212431.1|ENSMUSG00000036672|Cenpt	815.2	105848750	chr8:105844672-105849774	0.37	0.32	NA	NA	0.27	0.35	NA	0.40	0.46	0.34	0.46	0.30
ENSMUST00000040445.8|ENSMUSG00000036442|Thap11	913.7	105856642	chr8:105856275-105856950	0.48	0.49	0.35	0.44	0.78	0.43	0.37	0.39	0.47	0.46	0.51	0.79
ENSMUST00000008594.8|ENSMUSG00000008450|Nutf2	20704.5	105879131	chr8:105878915-105879330	0.40	0.40	0.39	0.43	0.84	0.47	0.32	0.40	0.38	0.36	0.54	0.57
ENSMUST00000136048.7|ENSMUSG00000036270|Edc4	81.5	105893063	chr8:105892877-105894908	0.04	0.03	0.04	0.04	0.06	0.03	0.07	0.03	0.01	0.02	0.16	0.16
ENSMUST00000049699.8|ENSMUSG00000048310|Pskh1	207.3	105930164	chr8:105929965-105931778	0.76	0.75	0.96	1.00	1.00	1.00	1.00	0.84	1.00	0.88	NA	0.78
ENSMUST00000116429.8|ENSMUSG00000017765|Slc12a4	1555.4	105943862	chr8:105943589-105944084	0.36	0.33	0.39	0.36	0.92	0.30	0.46	0.36	0.37	0.41	0.77	0.61
ENSMUST00000119736.7|ENSMUSG00000031901|Dus2	129.5	106033879	chr8:106033728-106053840	0.11	0.10	0.13	0.09	0.06	0.11	0.13	0.14	0.12	0.12	0.13	0.10
ENSMUST00000212963.1|ENSMUSG00000031903|Pla2g15	806.3	106163081	chr8:106162930-106164712	1.00	1.00	1.00	1.00	0.88	1.00	1.00	1.00	1.00	1.00	1.00	1.00
ENSMUST00000212377.1|ENSMUSG00000031904|Slc7a6	76.9	106179685	chr8:106179534-106197845	0.05	0.07	0.06	0.06	0.09	0.06	0.13	0.12	0.05	0.04	NA	0.05
ENSMUST00000035925.6|ENSMUSG00000033106|Slc7a6os	47.7	106200873	chr8:106200716-106201024	0.63	0.62	0.57	0.78	0.79	0.46	0.77	0.52	1.00	0.85	0.89	0.65
ENSMUST00000071592.11|ENSMUSG00000060098|Prmt7	14.4	106252383	chr8:106251646-106252794	1.00	0.64	NA	NA	1.00	0.77	NA	NA	NA	NA	NA	0.16
ENSMUST00000067512.7|ENSMUSG00000031906|Smpd3	92.4	106254980	chr8:106252547-106255261	NA	0.54	0.79	0.60	NA	0.43	0.52	0.54	NA	0.41	0.57	0.73
ENSMUST00000213045.1|ENSMUSG00000031907|Zfp90	210.6	106419610	chr8:106419440-106426598	0.26	0.22	0.34	0.29	0.24	0.17	0.35	0.32	0.23	0.34	0.44	0.22
ENSMUST00000177068.7|ENSMUSG00000046691|Chtf8	197.9	106886149	chr8:106883862-106886304	0.72	1.00	1.00	1.00	1.00	1.00	1.00	1.00	1.00	1.00	1.00	1.00
ENSMUST00000169312.1|ENSMUSG00000117748|Gm50241	116.1	106884182	chr8:106883889-106884706	0.54	0.29	0.39	0.50	0.52	0.27	0.75	0.39	0.33	0.41	0.56	0.33
ENSMUST00000212524.1|ENSMUSG00000041308|Sntb2	47.3	107013926	chr8:107011381-107019714	0.15	0.06	0.14	0.14	0.13	0.15	NA	0.32	0.07	0.14	0.10	0.14
ENSMUST00000034388.9|ENSMUSG00000031913|Vps4a	1840.7	107045436	chr8:107045137-107045755	0.51	0.45	0.36	0.50	0.74	0.54	0.40	0.40	0.50	0.42	0.70	0.74
ENSMUST00000154271.1|ENSMUSG00000078931|Pdf	11539.5	107046585	chr8:107044697-107047116	0.40	0.43	0.44	0.49	0.57	0.43	0.36	0.35	0.46	0.35	0.46	0.47
ENSMUST00000034392.12|ENSMUSG00000031917|Nip7	564.4	107058828	chr8:107058493-107060931	0.06	0.07	0.08	0.06	0.10	0.08	0.05	0.07	0.08	0.08	0.26	0.35
ENSMUST00000034400.4|ENSMUSG00000031924|Cyb5b	2206.3	107183970	chr8:107183665-107187471	0.58	0.69	0.83	0.71	0.52	0.68	0.50	0.78	0.68	0.62	0.92	0.91
ENSMUST00000003947.8|ENSMUSG00000003849|Nqo1	1793.5	107388529	chr8:107388224-107388821	0.49	0.48	0.46	0.45	0.64	0.54	0.39	0.42	0.55	0.52	0.74	0.62
ENSMUST00000169311.7|ENSMUSG00000003848|Nob1	225.0	107416021	chr8:107412485-107416172	0.00	0.01	0.00	0.00	0.00	0.00	0.00	0.00	0.00	0.00	0.00	0.00
ENSMUST00000166615.2|ENSMUSG00000031930|Wwp2	155.3	107557137	chr8:107556983-107558595	0.55	0.75	0.79	0.90	0.32	0.39	1.00	0.82	0.57	0.78	0.66	0.80
ENSMUST00000044106.5|ENSMUSG00000039067|Psmd7	10436.4	107580631	chr8:107580380-107580886	0.41	0.34	0.29	0.34	0.82	0.43	0.33	0.27	0.40	0.42	0.48	0.45
ENSMUST00000042601.8|ENSMUSG00000037993|Dhx38	119.7	109548213	chr8:109548010-109548401	0.38	0.44	0.33	0.28	0.39	0.31	0.40	0.32	0.32	0.48	0.70	0.37
ENSMUST00000034159.7|ENSMUSG00000031723|Txnl4b	54.4	109573010	chr8:109572856-109574051	1.00	1.00	1.00	1.00	1.00	0.92	1.00	1.00	0.71	1.00	0.94	1.00
ENSMUST00000034164.5|ENSMUSG00000031729|Ist1	1023.3	109671682	chr8:109671324-109672450	0.66	0.74	0.60	0.63	1.00	0.78	0.68	0.63	0.67	0.66	1.00	0.91
ENSMUST00000212964.1|ENSMUSG00000031728|Zfp821	97.5	109724766	chr8:109724615-109724932	0.19	0.30	0.21	0.28	0.64	0.38	0.23	0.25	0.29	0.23	0.50	0.46
ENSMUST00000093157.12|ENSMUSG00000031731|Ap1g1	113.1	109861224	chr8:109860192-109864204	0.35	0.33	0.52	0.45	0.36	0.36	0.57	0.41	0.39	0.40	0.64	0.60
ENSMUST00000003754.7|ENSMUSG00000003657|Calb2	47.2	110142785	chr8:110142537-110143086	NA	0.36	0.14	0.65	NA	0.30	0.48	0.49	NA	NA	0.51	0.68
ENSMUST00000056972.5|ENSMUSG00000046441|Cmtr2	14.3	110224118	chr8:110223360-110224486	0.53	0.30	0.30	NA	NA	NA	NA	0.32	NA	0.35	NA	NA
ENSMUST00000213003.1|ENSMUSG00000010936|Vac14	213.2	110637033	chr8:110633460-110720396	0.05	0.05	0.06	0.06	0.07	0.05	0.09	0.06	0.05	0.05	0.06	0.05
ENSMUST00000052457.14|ENSMUSG00000033763|Mtss2	289.4	110739494	chr8:110739074-110741400	NA	0.83	0.99	0.86	NA	1.00	1.00	0.85	0.47	0.75	1.00	1.00
ENSMUST00000150680.1|ENSMUSG00000031750|Il34	1379.7	110742112	chr8:110741839-110742447	0.48	0.37	0.43	0.41	0.75	0.66	0.44	0.45	0.56	0.41	0.61	0.49
ENSMUST00000042012.6|ENSMUSG00000033732|Sf3b3	1322.5	110810685	chr8:110810238-110810943	0.14	0.15	0.13	0.11	0.41	0.20	0.12	0.10	0.15	0.15	0.20	0.18
ENSMUST00000172542.1|ENSMUSG00000031753|Cog4	1037.0	110868420	chr8:110868269-110881865	0.03	0.03	0.03	0.03	0.03	0.03	0.04	0.03	0.03	0.03	0.02	0.04
ENSMUST00000034197.4|ENSMUSG00000031749|St3gal2	1640.0	110971405	chr8:110970272-110972480	0.41	0.45	0.39	0.31	0.69	0.41	0.51	0.36	0.32	0.30	0.52	0.46
ENSMUST00000040416.7|ENSMUSG00000015023|Ddx19a	42.9	110975518	chr8:110974995-110976031	0.13	0.20	0.13	0.23	0.38	0.27	0.50	0.24	0.27	0.26	NA	0.18
ENSMUST00000040241.14|ENSMUSG00000033658|Ddx19b	18.7	111008101	chr8:111003187-111008252	0.37	0.30	0.32	0.37	0.26	0.30	NA	0.62	0.23	0.35	NA	0.20
ENSMUST00000034441.7|ENSMUSG00000031960|Aars	10650.5	111055358	chr8:111055201-111057664	0.49	0.34	0.27	0.30	0.31	0.32	0.44	0.34	0.28	0.26	0.41	0.28
ENSMUST00000210390.1|ENSMUSG00000109941|Exosc6	1666.9	111057383	chr8:111057189-111057664	0.24	0.28	0.23	0.24	0.72	0.35	0.28	0.27	0.22	0.27	0.41	0.45
ENSMUST00000164283.7|ENSMUSG00000003316|Glg1	6480.3	111177537	chr8:111157564-111177688	0.18	0.13	0.14	0.17	0.22	0.16	0.14	0.14	0.16	0.15	0.14	0.16
ENSMUST00000038739.4|ENSMUSG00000033596|Rfwd3	118.4	111271706	chr8:111270943-111273022	0.61	0.73	0.79	0.97	1.00	0.54	1.00	0.81	0.69	0.59	0.80	0.74
ENSMUST00000056157.13|ENSMUSG00000012519|Mlkl	186.7	111311876	chr8:111311796-111312027	0.52	0.35	0.41	0.63	0.20	0.39	0.29	0.50	0.36	0.61	NA	NA
ENSMUST00000038193.14|ENSMUSG00000031959|Wdr59	11.5	111450488	chr8:111448796-111450846	0.52	0.22	0.58	NA	0.44	NA	NA	NA	NA	NA	NA	NA
ENSMUST00000070004.3|ENSMUSG00000031958|Ldhd	9.8	111626723	chr8:111626270-111627027	0.54	0.86	NA	0.81	NA	NA	1.00	0.94	NA	NA	0.57	0.83
ENSMUST00000166232.3|ENSMUSG00000031955|Bcar1	573.2	111710733	chr8:111710473-111710884	0.37	0.41	0.29	0.31	0.71	0.45	0.37	0.35	0.34	0.20	0.40	0.50
ENSMUST00000034432.6|ENSMUSG00000031954|Cfdp1	6067.8	111768548	chr8:111768490-111768699	0.22	0.28	0.16	0.22	0.43	0.23	0.22	0.23	0.34	0.25	0.35	0.27
ENSMUST00000211866.1|ENSMUSG00000031951|Tmem231	866.8	111918290	chr8:111912072-111918856	NA	NA	0.77	0.57	NA	NA	NA	0.72	0.70	0.58	NA	NA
ENSMUST00000034428.7|ENSMUSG00000031950|Gabarapl2	52532.1	111952705	chr8:111952402-111953612	0.13	0.11	0.10	0.10	0.15	0.12	0.08	0.11	0.10	0.12	0.13	0.16
ENSMUST00000052138.10|ENSMUSG00000033430|Terf2ip	346.4	112018924	chr8:112018231-112020528	0.15	0.24	0.16	0.16	0.14	0.24	0.10	0.23	0.23	0.17	0.19	0.23
ENSMUST00000035777.9|ENSMUSG00000078908|Mon1b	67.9	113643213	chr8:113642127-113645179	0.35	0.46	0.41	0.57	0.87	0.45	0.42	0.54	0.47	0.52	0.69	0.65
ENSMUST00000073521.11|ENSMUSG00000031767|Nudt7	25.3	114152164	chr8:114152013-114154739	0.11	0.03	0.12	0.06	0.06	0.07	0.01	0.11	0.12	0.13	0.05	0.24
ENSMUST00000109102.3|ENSMUSG00000031758|Cdyl2	96.0	116574811	chr8:116574399-116575131	0.34	0.54	0.40	0.67	0.61	0.92	0.72	0.31	0.68	0.31	0.58	0.78
ENSMUST00000034205.4|ENSMUSG00000031756|Cenpn	27.9	116941233	chr8:116940914-116941503	NA	NA	NA	NA	0.64	0.38	0.26	0.46	0.45	0.75	NA	NA
ENSMUST00000109099.3|ENSMUSG00000047388|Atmin	98.0	116958235	chr8:116958056-116960445	1.00	1.00	1.00	1.00	0.91	0.92	NA	0.84	0.87	1.00	1.00	0.82
ENSMUST00000040484.5|ENSMUSG00000034424|Gcsh	7470.9	116982187	chr8:116981809-116982631	0.27	0.24	0.19	0.17	0.54	0.28	0.22	0.16	0.22	0.22	0.34	0.30
ENSMUST00000162997.2|ENSMUSG00000052557|Gan	20.3	117204951	chr8:117204325-117215997	NA	NA	0.27	NA	NA	NA	0.10	0.21	NA	NA	NA	0.28
ENSMUST00000081232.8|ENSMUSG00000034330|Plcg2	130.4	117634975	chr8:117634824-117635142	NA	0.15	0.22	0.20	0.54	0.80	0.22	0.30	0.24	0.21	NA	NA
ENSMUST00000037955.13|ENSMUSG00000034308|Sdr42e1	10.9	117662096	chr8:117661398-117662718	NA	NA	0.64	NA	NA	NA	NA	0.58	0.84	NA	0.73	0.60
ENSMUST00000034303.2|ENSMUSG00000031843|Mphosph6	455.2	117791936	chr8:117791644-117792188	0.44	0.43	0.32	0.23	0.95	0.57	0.40	0.32	0.40	0.26	0.41	0.57
ENSMUST00000117160.1|ENSMUSG00000031841|Cdh13	15.9	119324254	chr8:119323399-119324921	0.25	NA	NA	NA	NA	0.34	NA	0.33	NA	NA	0.46	0.23
ENSMUST00000034300.7|ENSMUSG00000031839|Hsbp1	384564.7	119345879	chr8:119345728-119348922	1.00	1.00	1.00	1.00	1.00	1.00	1.00	1.00	1.00	1.00	1.00	1.00
ENSMUST00000098367.4|ENSMUSG00000074064|Mlycd	529.6	119410802	chr8:119410518-119411102	0.42	0.37	0.27	0.37	1.00	0.45	0.34	0.31	0.33	0.36	0.69	0.50
ENSMUST00000098365.3|ENSMUSG00000074063|Osgin1	620.1	119445401	chr8:119444986-119446256	0.78	0.90	0.82	0.96	1.00	0.62	0.86	0.77	1.00	0.64	NA	NA
ENSMUST00000098363.9|ENSMUSG00000031837|Necab2	625.5	119472419	chr8:119472167-119472640	0.25	0.43	0.40	0.42	0.74	0.35	0.43	0.34	0.32	0.39	0.48	0.59
ENSMUST00000098362.10|ENSMUSG00000031835|Mbtps1	3811.9	119508462	chr8:119508155-119508781	0.43	0.53	0.37	0.35	0.99	0.50	0.45	0.37	0.40	0.38	0.61	0.62
ENSMUST00000036049.5|ENSMUSG00000034189|Hsdl1	287.4	119563761	chr8:119561988-119564041	0.83	0.92	0.82	0.68	0.89	0.94	0.93	0.91	0.67	0.80	1.00	0.96
ENSMUST00000147964.7|ENSMUSG00000031832|Taf1c	268.4	119601527	chr8:119597974-119601678	0.90	0.83	0.57	0.64	1.00	0.59	0.70	0.85	0.84	0.72	NA	0.30
ENSMUST00000164382.1|ENSMUSG00000045246|Kcng4	25.6	119624800	chr8:119623853-119625651	NA	0.81	NA	0.88	NA	NA	NA	NA	NA	NA	0.64	0.72
ENSMUST00000024107.6|ENSMUSG00000023336|Wfdc1	28759.6	119686467	chr8:119686316-119688222	0.75	0.82	0.83	0.88	0.87	0.94	0.89	0.94	0.90	0.97	0.96	1.00
ENSMUST00000049156.6|ENSMUSG00000034105|Meak7	56.5	119761454	chr8:119760075-119761716	1.00	1.00	1.00	0.86	0.68	0.88	0.89	1.00	0.85	0.79	1.00	1.00
ENSMUST00000034285.13|ENSMUSG00000031827|Cotl1	35962.1	119809642	chr8:119809221-119810247	0.36	0.25	0.31	0.40	0.58	0.38	0.32	0.33	0.39	0.31	0.46	0.41
ENSMUST00000108988.8|ENSMUSG00000031826|Usp10	501.0	119957074	chr8:119956767-119957560	0.47	0.44	0.34	0.29	0.92	0.62	0.60	0.45	0.39	0.41	0.72	0.72
ENSMUST00000127664.1|ENSMUSG00000092329|Galnt2l	353.0	124343707	chr8:124343455-124345722	0.76	0.54	0.67	0.77	0.78	0.66	0.80	0.72	0.67	0.76	0.78	0.75
ENSMUST00000132583.7|ENSMUSG00000031825|Crispld2	722.3	120051318	chr8:120050334-120052793	0.19	0.20	0.20	0.17	0.19	0.25	0.07	0.14	0.16	0.14	NA	0.24
ENSMUST00000034280.8|ENSMUSG00000031823|Zdhhc7	671.4	120081417	chr8:120080889-120082542	0.46	0.63	0.58	0.49	0.84	0.67	0.45	0.38	0.54	0.50	0.64	0.67
ENSMUST00000034281.12|ENSMUSG00000031824|6430548M08Rik	1546.1	120163216	chr8:120161261-120165306	0.47	0.54	0.63	0.63	0.71	0.59	0.66	0.60	0.46	0.62	0.61	0.62
ENSMUST00000034279.15|ENSMUSG00000031822|Gse1	167.1	120578751	chr8:120578600-120581390	NA	1.00	1.00	1.00	NA	NA	1.00	1.00	NA	NA	1.00	1.00
ENSMUST00000034278.5|ENSMUSG00000031821|Gins2	222.0	120581453	chr8:120578632-120581688	0.29	0.38	0.76	0.60	0.13	0.07	0.52	0.54	0.17	0.20	1.00	1.00
ENSMUST00000034277.13|ENSMUSG00000031819|Emc8	506.0	120657940	chr8:120653913-120658091	0.19	0.22	0.31	0.35	0.10	0.17	0.13	0.27	0.29	0.23	0.32	0.56
ENSMUST00000047737.9|ENSMUSG00000041515|Irf8	668.4	120755380	chr8:120755172-120756694	0.57	0.36	0.41	0.39	0.43	0.36	0.35	0.33	0.39	0.37	0.27	0.43
ENSMUST00000181504.1|ENSMUSG00000042812|Foxf1	109.9	121087772	chr8:121086876-121088144	0.75	0.84	0.94	0.90	1.00	NA	0.44	0.79	0.66	0.55	0.77	0.95
ENSMUST00000128052.7|ENSMUSG00000031816|Mthfsd	709.3	121101118	chr8:121097554-121106916	NA	0.00	NA	NA	0.00	0.00	0.00	NA	NA	NA	0.00	0.00
ENSMUST00000054691.7|ENSMUSG00000046714|Foxc2	283.8	121118484	chr8:121118096-121118895	0.56	0.57	0.50	0.38	0.64	0.58	0.60	0.52	0.57	0.42	0.55	NA
ENSMUST00000059018.13|ENSMUSG00000052934|Fbxo31	1090.3	121552074	chr8:121549439-121552225	0.30	1.00	1.00	0.98	0.69	0.90	1.00	1.00	0.57	0.80	0.87	1.00
ENSMUST00000046386.4|ENSMUSG00000061410|Zcchc14	572.2	121602127	chr8:121598702-121602278	NA	NA	1.00	1.00	NA	NA	1.00	NA	1.00	1.00	NA	NA
ENSMUST00000167439.1|ENSMUSG00000025318|Jph3	3297.5	121790681	chr8:121789476-121794276	0.06	0.08	0.08	0.09	0.06	0.06	0.05	0.06	0.07	0.07	0.06	0.08
ENSMUST00000174665.7|ENSMUSG00000040263|Klhdc4	1096.5	121804946	chr8:121796546-121806539	0.42	0.40	0.44	0.39	0.55	0.41	0.44	0.35	0.43	0.39	0.30	0.39
ENSMUST00000045557.9|ENSMUSG00000040010|Slc7a5	3947.0	121882433	chr8:121881149-121883042	0.69	0.67	0.69	0.79	0.87	0.81	1.00	0.85	0.88	0.75	0.87	0.71
ENSMUST00000057653.7|ENSMUSG00000025317|Car5a	27.6	121916215	chr8:121916125-121916366	0.82	NA	NA	NA	0.64	NA	NA	0.60	NA	NA	0.57	0.11
ENSMUST00000172681.7|ENSMUSG00000025316|Banp	121.0	121978755	chr8:121978604-121997181	0.02	0.02	0.03	0.02	0.02	0.02	0.03	0.02	0.02	0.02	0.04	0.02
ENSMUST00000093073.11|ENSMUSG00000017478|Zc3h18	88.2	122417013	chr8:122416671-122417360	0.41	0.41	0.38	0.30	0.91	0.42	0.40	0.38	0.36	0.37	0.33	0.38
ENSMUST00000014614.3|ENSMUSG00000014470|Rnf166	2616.8	122466781	chr8:122466146-122467171	0.57	0.51	0.40	0.30	0.99	0.57	0.44	0.46	0.31	0.35	0.56	0.56
ENSMUST00000151855.7|ENSMUSG00000049482|Ctu2	1342.0	122482526	chr8:122481143-122484138	0.59	0.60	0.97	0.82	0.66	0.54	0.68	0.78	0.85	0.84	0.22	0.47
ENSMUST00000128383.7|ENSMUSG00000014444|Piezo1	483.9	122484728	chr8:122481981-122488535	1.00	0.45	0.54	0.52	0.80	NA	0.40	0.43	0.38	0.50	NA	NA
ENSMUST00000006760.2|ENSMUSG00000006585|Cdt1	50.7	122572829	chr8:122572651-122573128	0.37	0.44	0.32	0.52	0.89	0.49	0.47	0.24	0.44	0.37	NA	NA
ENSMUST00000015171.10|ENSMUSG00000015027|Galns	1127.3	122578539	chr8:122578241-122579113	0.51	0.59	0.54	0.49	1.00	0.60	0.40	0.58	0.52	0.54	NA	NA
ENSMUST00000015157.9|ENSMUSG00000015013|Trappc2l	918.5	122615584	chr8:122615433-122616660	0.00	0.00	0.01	0.00	0.00	0.00	0.00	0.00	0.00	0.00	0.00	0.00
ENSMUST00000127984.8|ENSMUSG00000006362|Cbfa2t3	94.3	122630137	chr8:122625140-122630709	0.12	0.10	0.07	0.06	0.37	0.07	0.04	0.06	0.04	0.08	0.13	0.11
ENSMUST00000172906.7|ENSMUSG00000035569|Ankrd11	15909.9	122893568	chr8:122883821-122900633	0.13	0.16	0.19	0.26	0.20	0.10	0.17	0.15	0.18	0.19	0.10	0.14
ENSMUST00000153492.7|ENSMUSG00000000738|Spg7	207.9	123080847	chr8:123080696-123088962	0.00	0.00	0.00	0.00	0.00	0.00	0.00	0.01	0.00	0.00	0.00	0.00
ENSMUST00000037900.8|ENSMUSG00000034796|Cpne7	67.5	123134900	chr8:123134574-123135182	0.39	0.45	0.40	0.33	1.00	NA	NA	NA	NA	0.64	0.82	0.52
ENSMUST00000019422.5|ENSMUSG00000019278|Dpep1	155.6	123201434	chr8:123201056-123201812	NA	NA	0.37	0.26	0.11	0.74	0.44	0.40	0.42	0.28	NA	NA
ENSMUST00000000759.8|ENSMUSG00000000743|Chmp1a	7132.8	123204668	chr8:123204263-123205727	0.77	0.75	0.69	0.67	0.97	0.87	0.74	0.76	0.68	0.61	0.87	0.86
ENSMUST00000166768.2|ENSMUSG00000033594|Spata2l	88.7	123232654	chr8:123232254-123233270	0.59	0.83	0.80	0.51	0.82	0.92	0.72	0.38	0.71	0.55	0.75	0.85
ENSMUST00000155869.7|ENSMUSG00000001062|Vps9d1	3968.0	123246724	chr8:123242357-123248031	0.51	0.29	0.33	0.31	0.48	0.39	0.29	0.35	0.33	0.32	0.38	0.33
ENSMUST00000001092.14|ENSMUSG00000001065|Zfp276	51.4	123268188	chr8:123268037-123269745	0.76	1.00	0.93	0.62	0.70	0.25	0.99	0.82	0.53	0.91	0.59	0.35
ENSMUST00000211932.1|ENSMUSG00000001472|Tcf25	6154.1	123401306	chr8:123400703-123403810	0.70	NA	1.00	0.87	0.62	NA	1.00	NA	NA	1.00	NA	NA
ENSMUST00000212743.1|ENSMUSG00000062380|Tubb3	180.2	123420851	chr8:123420700-123421094	1.00	0.89	1.00	1.00	1.00	0.85	1.00	1.00	0.78	1.00	1.00	1.00
ENSMUST00000065534.9|ENSMUSG00000001482|Def8	695.8	123461714	chr8:123461563-123463270	1.00	1.00	1.00	1.00	1.00	1.00	1.00	1.00	1.00	1.00	1.00	1.00
ENSMUST00000098320.5|ENSMUSG00000031967|Afg3l1	2824.3	123501709	chr8:123501345-123503916	0.19	0.19	0.18	0.17	0.26	0.19	0.30	0.16	0.22	0.19	0.32	0.33
ENSMUST00000177240.7|ENSMUSG00000031970|Dbndd1	39.4	123506068	chr8:123505686-123506683	NA	0.49	0.80	0.79	NA	1.00	0.90	0.50	NA	NA	0.65	0.69
ENSMUST00000045487.3|ENSMUSG00000039960|Rhou	184.2	123662194	chr8:123661313-123663884	1.00	0.60	0.50	0.43	1.00	0.56	0.71	0.57	0.49	0.56	0.43	0.61
ENSMUST00000034452.11|ENSMUSG00000031971|Ccsap	53.6	123841494	chr8:123840830-123842344	NA	0.99	NA	1.00	NA	1.00	NA	0.89	0.58	1.00	0.82	0.84
ENSMUST00000034453.5|ENSMUSG00000031972|Acta1	610.0	123891860	chr8:123891768-123892011	NA	0.17	NA	NA	NA	0.10	0.29	NA	NA	NA	0.33	0.40
ENSMUST00000075578.6|ENSMUSG00000031974|Abcb10	105.0	123953955	chr8:123952458-123954310	0.80	1.00	0.63	1.00	0.87	0.97	1.00	0.82	0.81	0.76	0.94	0.80
ENSMUST00000093039.5|ENSMUSG00000038697|Taf5l	130.4	123996685	chr8:123996317-123997311	0.85	0.54	0.52	0.62	0.97	0.57	0.56	0.66	0.77	0.55	0.82	0.74
ENSMUST00000034458.8|ENSMUSG00000089704|Galnt2	353.0	124343707	chr8:124343455-124345722	0.76	0.54	0.67	0.77	0.78	0.66	0.80	0.72	0.67	0.76	0.78	0.75
ENSMUST00000052580.9|ENSMUSG00000050751|Pgbd5	502.0	124370342	chr8:124369048-124370493	1.00	1.00	1.00	0.85	1.00	1.00	1.00	1.00	0.69	0.91	1.00	1.00
ENSMUST00000176159.1|ENSMUSG00000031979|Cog2	254.9	124529131	chr8:124528980-124529931	0.00	0.00	0.03	0.00	0.00	0.00	0.00	0.02	0.01	0.00	0.00	0.00
ENSMUST00000238882.1|ENSMUSG00000031980|Agt	77.9	124556781	chr8:124556533-124556932	0.38	0.14	0.17	0.26	NA	0.20	0.19	0.07	0.26	0.17	0.27	0.42
ENSMUST00000034464.7|ENSMUSG00000031983|2310022B05Rik	578.7	124636909	chr8:124635755-124637910	0.67	0.68	0.78	0.70	0.81	0.56	1.00	0.68	0.71	0.67	0.91	0.77
ENSMUST00000117624.8|ENSMUSG00000037300|Ttc13	253.8	124671731	chr8:124671331-124672085	0.48	0.86	0.74	0.88	0.45	0.48	1.00	0.73	0.89	0.88	1.00	0.72
ENSMUST00000212036.1|ENSMUSG00000031982|Arv1	158.8	124728576	chr8:124728425-124733956	0.56	0.33	0.56	NA	NA	NA	0.36	NA	NA	0.56	NA	NA
ENSMUST00000034465.8|ENSMUSG00000031984|2810004N23Rik	80.0	124839534	chr8:124838487-124839836	0.25	0.30	0.31	0.25	0.33	0.23	0.12	0.22	0.33	0.20	0.43	0.58
ENSMUST00000034466.9|ENSMUSG00000031985|Gnpat	528.1	124889713	chr8:124889312-124890057	0.41	0.51	0.39	0.49	0.67	0.55	0.35	0.45	0.36	0.42	0.48	0.38
ENSMUST00000098312.3|ENSMUSG00000074030|Exoc8	64.4	124895325	chr8:124893107-124895478	0.87	0.95	1.00	0.73	1.00	1.00	0.96	1.00	1.00	1.00	1.00	0.76
ENSMUST00000034469.6|ENSMUSG00000031987|Egln1	1338.9	124910445	chr8:124908586-124910710	0.40	0.43	0.42	0.45	0.56	0.44	0.40	0.49	0.36	0.37	0.69	0.66
ENSMUST00000108775.1|ENSMUSG00000001995|Sipa1l2	134.4	125418792	chr8:125418062-125419147	0.84	0.66	0.69	0.77	1.00	0.89	1.00	0.66	0.86	0.74	1.00	1.00
ENSMUST00000053078.4|ENSMUSG00000050930|Map10	10.4	125672723	chr8:125672542-125673359	0.49	NA	NA	NA	NA	0.53	0.48	1.00	NA	NA	0.39	NA
ENSMUST00000065135.11|ENSMUSG00000031851|Ntpcr	19.2	125738487	chr8:125738123-125739179	0.76	0.62	0.90	1.00	1.00	1.00	0.38	0.70	0.68	1.00	0.88	NA
ENSMUST00000047239.12|ENSMUSG00000060212|Pcnx2	19.8	125751841	chr8:125751507-125752141	NA	0.83	NA	0.74	NA	NA	0.29	0.44	NA	NA	0.93	0.56
ENSMUST00000046765.9|ENSMUSG00000033998|Kcnk1	224.7	126030013	chr8:126029748-126030685	0.70	0.70	0.67	0.54	1.00	1.00	0.67	0.63	NA	0.46	0.78	0.89
ENSMUST00000059093.6|ENSMUSG00000051671|Coa6	704.3	126425246	chr8:126425095-126425433	0.30	0.33	0.20	0.19	0.65	0.27	0.27	0.16	0.27	0.22	0.32	0.39
ENSMUST00000054960.7|ENSMUSG00000051495|Irf2bp2	618.4	126590776	chr8:126588295-126591115	0.27	0.34	0.59	0.55	0.23	0.21	0.79	0.73	0.50	0.60	0.75	0.59
ENSMUST00000179857.2|ENSMUSG00000093904|Tomm20	2975.1	126934756	chr8:126930666-126935017	0.03	0.07	0.13	0.12	0.04	0.05	0.06	0.11	0.07	0.06	0.22	0.37
ENSMUST00000045994.7|ENSMUSG00000033931|Rbm34	17.1	126949086	chr8:126947171-126949237	0.30	NA	0.48	0.39	0.23	0.48	0.67	0.70	NA	0.51	0.31	0.45
ENSMUST00000026917.9|ENSMUSG00000025810|Nrp1	10282.0	128503105	chr8:128502811-128503363	0.54	0.44	0.40	0.41	0.93	0.55	0.45	0.42	0.44	0.44	0.74	0.61
ENSMUST00000124826.1|ENSMUSG00000025809|Itgb1	137485.4	128713379	chr8:128713228-128732617	0.12	0.12	0.11	0.13	0.13	0.12	0.13	0.12	0.11	0.12	0.11	0.11
ENSMUST00000190157.6|ENSMUSG00000071302|2610044O15Rik8	56.3	129216932	chr8:129216353-129217726	0.20	0.15	0.18	0.25	1.00	0.34	0.19	0.13	0.11	0.09	0.23	0.19
