ENSMUST00000076734.7|ENSMUSG00000046201|Scaf8	93.2	3198569	chr17:3198207-3198859	0.49	0.38	0.33	0.38	0.70	0.45	0.32	0.36	0.51	0.33	0.71	0.73
ENSMUST00000041003.7|ENSMUSG00000036983|Tfb1m	10.8	3519403	chr17:3519255-3519554	0.76	NA	NA	0.17	NA	0.50	NA	0.94	0.23	NA	0.53	NA
ENSMUST00000115797.8|ENSMUSG00000069729|Arid1b	82.1	5344385	chr17:5343084-5347656	0.02	0.03	0.03	0.01	0.08	0.03	0.01	0.02	0.03	0.05	0.05	0.07
ENSMUST00000005053.13|ENSMUSG00000004945|Tmem242	6013.5	5411186	chr17:5410869-5411371	0.17	0.17	0.22	0.23	0.24	0.21	0.19	0.17	0.20	0.17	0.22	0.22
ENSMUST00000089185.5|ENSMUSG00000034265|Zdhhc14	62.4	5753450	chr17:5753090-5753811	0.44	0.79	0.82	0.36	0.39	0.53	0.50	0.51	0.50	0.48	0.55	0.63
ENSMUST00000002436.10|ENSMUSG00000002365|Snx9	1579.4	5930894	chr17:5930614-5931954	0.77	1.00	0.99	1.00	0.58	0.78	1.00	0.99	0.94	1.00	0.83	0.91
ENSMUST00000134767.7|ENSMUSG00000023805|Synj2	128.7	5990361	chr17:5990173-6039390	NA	0.04	0.06	0.07	0.03	0.07	0.06	0.05	0.06	0.06	0.08	0.06
ENSMUST00000039487.9|ENSMUSG00000034345|Gtf2h5	4846.2	6084929	chr17:6084649-6086517	0.05	0.06	0.06	0.07	0.05	0.07	0.04	0.07	0.05	0.05	0.09	0.09
ENSMUST00000149756.7|ENSMUSG00000034377|Tulp4	243.9	6236518	chr17:6236339-6240628	1.00	1.00	0.71	1.00	1.00	1.00	0.46	1.00	0.90	1.00	1.00	1.00
ENSMUST00000232383.1|ENSMUSG00000038141|Tmem181a	109.6	6305644	chr17:6305444-6308314	0.17	0.19	0.26	0.30	0.13	0.14	0.16	0.30	0.26	0.31	0.38	0.57
ENSMUST00000169415.2|ENSMUSG00000092074|Dynlt1a	268.6	6310633	chr17:6307993-6310875	0.03	0.05	0.04	0.05	0.02	0.02	0.02	0.11	0.02	0.02	0.14	0.25
ENSMUST00000179569.2|ENSMUSG00000096255|Dynlt1b	23968.9	6436115	chr17:6435964-6436296	0.24	0.32	0.30	0.29	0.32	0.34	0.27	0.31	0.27	0.26	0.47	0.50
ENSMUST00000092966.4|ENSMUSG00000000579|Dynlt1c	6681.2	6607719	chr17:6607568-6609679	0.03	0.02	0.03	0.03	0.05	0.03	0.02	0.02	0.02	0.02	0.04	0.06
ENSMUST00000179554.2|ENSMUSG00000095677|Dynlt1f	4667.1	6649118	chr17:6648937-6649269	0.56	0.38	0.43	0.35	0.70	0.47	0.34	0.33	0.38	0.41	0.52	0.56
ENSMUST00000064234.6|ENSMUSG00000052397|Ezr	12666.6	6738730	chr17:6738040-6739305	0.26	0.27	0.20	0.22	0.57	0.39	0.23	0.21	0.25	0.21	0.39	0.36
ENSMUST00000231794.1|ENSMUSG00000023806|Rsph3b	121.9	6904745	chr17:6904412-6904896	0.10	0.00	0.05	0.20	0.11	0.03	0.18	0.16	0.11	0.00	0.14	0.07
ENSMUST00000063683.7|ENSMUSG00000052031|Tagap1	93.7	6955312	chr17:6955010-6955780	0.59	0.41	0.73	0.47	0.43	0.53	0.46	0.49	0.53	0.27	0.65	0.60
ENSMUST00000179728.1|ENSMUSG00000094724|Rnaset2b	59.6	6998246	chr17:6998095-7011299	0.00	0.00	0.00	0.01	0.00	0.00	0.00	0.01	0.00	0.00	0.01	0.01
ENSMUST00000231550.1|ENSMUSG00000116876|Gm49721	19.2	6998246	chr17:6998095-7043950	0.00	0.01	0.01	0.00	0.00	0.01	0.00	0.00	0.01	0.00	0.01	0.01
ENSMUST00000024575.7|ENSMUSG00000023809|Rps6ka2	136.1	7301740	chr17:7300338-7303315	NA	0.94	0.85	1.00	NA	0.89	1.00	1.00	0.65	0.74	1.00	0.87
ENSMUST00000097425.9|ENSMUSG00000071984|Fndc1	121.5	7738853	chr17:7738568-7739217	NA	NA	0.33	0.41	NA	0.40	0.54	0.48	0.62	0.45	NA	NA
ENSMUST00000036370.7|ENSMUSG00000033450|Tagap	48.7	7934277	chr17:7934126-7934897	0.02	0.54	0.46	0.61	0.84	0.53	0.50	0.47	0.58	0.45	0.05	0.29
ENSMUST00000232223.1|ENSMUSG00000073471|Rsph3a	129.4	7979491	chr17:7979340-7979824	0.20	0.04	0.09	0.34	0.11	0.03	0.08	0.15	0.13	0.06	0.11	0.11
ENSMUST00000232307.1|ENSMUSG00000116988|Gm49673	25.5	8128537	chr17:8082694-8128688	0.00	0.01	0.01	0.00	0.00	0.01	0.00	0.00	0.00	0.01	0.01	0.02
ENSMUST00000231927.1|ENSMUSG00000095687|Rnaset2a	77.7	8128537	chr17:8115444-8128688	0.00	0.00	0.00	0.00	0.00	0.00	0.00	0.00	0.00	0.00	0.00	0.01
ENSMUST00000097419.9|ENSMUSG00000069135|Fgfr1op	69.2	8195341	chr17:8194592-8196804	0.65	0.61	1.00	0.82	0.64	1.00	0.65	0.50	0.79	0.69	1.00	0.91
ENSMUST00000155364.7|ENSMUSG00000023861|Mpc1	103581.7	8297406	chr17:8297159-8297661	0.38	0.34	0.28	0.34	1.00	0.50	0.31	0.32	0.35	0.35	0.56	0.52
ENSMUST00000145276.7|ENSMUSG00000073468|Sft2d1	5080.8	8320795	chr17:8320644-8327440	0.14	0.11	0.13	0.12	0.10	0.10	0.11	0.12	0.12	0.12	0.08	0.09
ENSMUST00000069742.7|ENSMUSG00000055945|Prr18	195.2	8343170	chr17:8341934-8344113	0.91	0.56	0.40	0.22	NA	0.53	0.24	0.54	0.28	0.57	0.61	0.52
ENSMUST00000097414.10|ENSMUSG00000062078|Qk	12376.3	10210321	chr17:10206550-10214171	0.61	0.19	0.73	0.62	0.46	0.39	0.80	0.65	0.81	1.00	0.18	0.15
ENSMUST00000041463.6|ENSMUSG00000037196|Pacrg	105.7	10403169	chr17:10403011-10403320	NA	0.28	0.37	0.00	0.25	0.31	0.05	NA	NA	NA	0.17	0.09
ENSMUST00000170858.7|ENSMUSG00000023827|Agpat4	3995.7	12210803	chr17:12210652-12219079	0.06	0.06	0.07	0.07	0.08	0.07	0.07	0.06	0.07	0.07	0.07	0.06
ENSMUST00000233755.1|ENSMUSG00000014426|Map3k4	33.3	12227873	chr17:12227620-12228102	0.46	0.20	0.22	0.31	1.00	0.40	0.55	0.35	0.33	0.32	1.00	0.62
ENSMUST00000046959.8|ENSMUSG00000040966|Slc22a2	46.9	12628258	chr17:12628101-12628488	NA	NA	0.31	0.22	0.78	0.25	0.38	0.37	NA	NA	NA	NA
ENSMUST00000024599.13|ENSMUSG00000023830|Igf2r	101.1	12683447	chr17:12682405-12683712	0.64	0.79	0.62	0.71	0.84	0.75	0.88	0.57	0.56	0.65	0.36	NA
ENSMUST00000079121.3|ENSMUSG00000057388|Mrpl18	3604.6	12911529	chr17:12911348-12911680	0.26	0.30	0.27	0.22	0.55	0.36	0.26	0.26	0.25	0.25	0.44	0.41
ENSMUST00000151287.7|ENSMUSG00000068039|Tcp1	608.2	12924830	chr17:12924473-12925067	0.20	0.21	0.15	0.19	0.56	0.17	0.13	0.23	0.21	0.32	0.40	0.31
ENSMUST00000160378.2|ENSMUSG00000062480|Acat3	15798.7	12924259	chr17:12923812-12924662	0.03	0.10	0.05	0.07	0.02	0.02	0.01	0.02	0.01	0.00	0.09	0.05
ENSMUST00000007005.13|ENSMUSG00000023832|Acat2	1177.2	12943319	chr17:12942889-12943864	0.31	0.37	0.33	0.31	0.62	0.34	0.27	0.21	0.35	0.36	0.68	0.46
ENSMUST00000159986.7|ENSMUSG00000060475|Wtap	749.5	12974475	chr17:12972684-12975294	0.06	0.05	0.03	0.04	0.11	0.06	0.02	0.04	0.06	0.05	0.05	0.09
ENSMUST00000139666.7|ENSMUSG00000068036|Afdn	237.1	13905560	chr17:13904004-13906150	0.33	0.31	0.43	0.36	0.67	0.84	0.56	0.24	0.37	0.31	0.86	0.54
ENSMUST00000053218.6|ENSMUSG00000048826|Dact2	23.9	14195484	chr17:14195051-14195665	NA	0.18	0.06	0.03	NA	0.13	NA	0.17	NA	0.17	0.12	0.14
ENSMUST00000024660.8|ENSMUSG00000023886|Smoc2	34023.0	14404441	chr17:14403509-14404790	0.79	0.70	0.67	0.64	0.85	0.65	0.85	0.64	0.69	0.68	0.62	0.68
ENSMUST00000170872.2|ENSMUSG00000023885|Thbs2	6327.3	14667313	chr17:14665499-14667515	0.31	0.69	0.61	0.54	0.55	0.58	0.41	0.61	0.54	0.55	NA	NA
ENSMUST00000052691.8|ENSMUSG00000050088|1600012H06Rik	360.3	14944786	chr17:14944167-14945936	0.52	0.56	0.65	0.57	0.67	0.59	0.80	0.67	0.60	0.61	0.56	0.78
ENSMUST00000168938.2|ENSMUSG00000023883|Phf10	636.8	14952610	chr17:14947737-14952761	0.09	0.13	0.09	0.11	0.11	0.12	0.08	0.10	0.08	0.07	0.23	0.20
ENSMUST00000014917.7|ENSMUSG00000014773|Dll1	22.5	15367660	chr17:15367353-15368032	0.30	0.44	NA	NA	NA	0.70	NA	NA	NA	NA	NA	0.85
ENSMUST00000162505.7|ENSMUSG00000014767|Tbp	555.9	15517189	chr17:15516780-15528379	0.07	0.11	0.08	0.05	0.12	0.11	0.08	0.08	0.10	0.09	0.16	0.23
ENSMUST00000024627.13|ENSMUSG00000023852|Chd1	15.5	15771270	chr17:15770320-15772610	0.20	NA	NA	0.14	0.12	0.17	0.23	0.11	0.11	0.14	NA	NA
ENSMUST00000170578.2|ENSMUSG00000048027|Rgmb	337.8	15804885	chr17:15803187-15807147	0.00	0.03	0.06	0.05	0.05	0.04	0.14	0.03	0.04	0.04	0.07	0.06
ENSMUST00000127027.1|ENSMUSG00000096696|Zfp960	12.2	17088814	chr17:17088663-17089628	0.73	NA	0.20	0.54	0.27	NA	NA	0.35	NA	NA	NA	0.42
ENSMUST00000147630.1|ENSMUSG00000095990|Zfp97	13.1	17146029	chr17:17145878-17146831	0.72	NA	0.38	0.69	0.50	NA	NA	0.55	NA	NA	NA	0.46
ENSMUST00000024620.7|ENSMUSG00000116564|Riok2	53.6	17393810	chr17:17393616-17394899	0.06	0.08	0.06	0.07	0.07	0.10	0.02	0.05	0.04	0.06	0.02	0.08
ENSMUST00000115576.2|ENSMUSG00000047786|Lix1	1073.2	17457789	chr17:17457390-17459387	0.76	0.72	0.65	0.84	1.00	1.00	0.92	0.68	0.66	1.00	0.87	0.84
ENSMUST00000139969.7|ENSMUSG00000080316|Spaca6	47.2	17838506	chr17:17838094-17843009	0.18	0.03	0.14	0.10	0.10	0.07	0.12	0.05	NA	NA	0.02	0.03
ENSMUST00000173658.7|ENSMUSG00000007564|Ppp2r1a	165582.0	20957112	chr17:20955911-20958784	0.01	0.00	0.00	0.00	0.00	0.00	0.01	0.00	0.00	0.00	0.00	0.00
ENSMUST00000088811.6|ENSMUSG00000067942|Zfp160	22.6	21027315	chr17:21027139-21028861	0.59	0.42	NA	0.66	1.00	NA	1.00	NA	0.72	0.99	NA	NA
ENSMUST00000162659.1|ENSMUSG00000062743|Zfp677	14.6	21398835	chr17:21398584-21399265	NA	NA	0.48	NA	NA	0.84	NA	0.40	NA	0.37	NA	NA
ENSMUST00000233281.1|ENSMUSG00000051341|Zfp52	68.6	21562214	chr17:21562063-21562601	0.57	0.05	NA	NA	0.08	0.10	NA	NA	NA	NA	NA	NA
ENSMUST00000232827.1|ENSMUSG00000035868|Zfp983	8.7	21663058	chr17:21662537-21664966	0.16	NA	NA	NA	NA	0.16	0.04	0.28	NA	NA	NA	NA
ENSMUST00000073312.6|ENSMUSG00000067928|Zfp760	13.0	21724595	chr17:21723843-21725636	NA	NA	0.62	NA	NA	0.17	NA	0.47	NA	0.86	NA	0.21
ENSMUST00000091879.11|ENSMUSG00000071267|Zfp942	39.2	21927898	chr17:21926959-21928188	0.77	0.80	NA	0.46	1.00	0.82	NA	1.00	0.66	0.90	NA	1.00
ENSMUST00000233465.1|ENSMUSG00000117284|Gm7072	34.6	22286811	chr17:22285870-22286991	1.00	NA	0.78	0.53	1.00	0.47	NA	0.62	NA	0.65	0.39	0.34
ENSMUST00000115535.2|ENSMUSG00000033972|Zfp944	19.7	22338396	chr17:22337988-22338788	0.61	0.60	0.72	0.47	0.38	0.60	0.77	0.66	0.70	0.77	NA	0.42
ENSMUST00000149699.7|ENSMUSG00000044501|Zfp758	16.1	22376888	chr17:22376283-22377281	0.93	NA	0.69	0.54	0.55	0.71	0.74	0.87	NA	NA	1.00	NA
ENSMUST00000120222.7|ENSMUSG00000071266|Zfp946	25.0	22456419	chr17:22455835-22456689	0.36	NA	0.59	0.59	0.38	0.39	0.45	0.39	0.48	0.77	0.69	NA
ENSMUST00000095606.4|ENSMUSG00000071256|Zfp213	73.8	23557107	chr17:23556766-23557662	0.47	0.42	0.47	0.47	0.59	0.62	0.62	0.39	0.48	0.61	0.88	0.55
ENSMUST00000115516.10|ENSMUSG00000062012|Zfp13	113.4	23575908	chr17:23575843-23576059	0.82	0.22	0.79	0.69	0.33	0.73	0.73	0.75	0.83	0.57	0.65	0.55
ENSMUST00000180140.7|ENSMUSG00000023904|Hcfc1r1	13877.1	23675167	chr17:23675016-23675227	0.29	0.32	0.32	0.28	0.34	0.26	0.32	0.35	0.26	0.27	0.36	0.35
ENSMUST00000024698.9|ENSMUSG00000023905|Tnfrsf12a	10940.6	23675693	chr17:23675444-23675993	0.43	0.45	0.45	0.42	0.65	0.49	0.36	0.41	0.38	0.42	0.56	0.52
ENSMUST00000024702.4|ENSMUSG00000023909|Paqr4	356.6	23736962	chr17:23736185-23737568	0.61	0.69	0.47	0.60	0.70	0.64	0.80	0.68	0.64	0.46	0.88	0.76
ENSMUST00000227120.1|ENSMUSG00000040097|Flywch1	1636.1	23753115	chr17:23752792-23753843	0.66	0.71	0.55	0.62	0.69	0.70	0.75	0.76	0.71	0.46	0.78	0.70
ENSMUST00000186045.1|ENSMUSG00000039218|Srrm2	2727.2	23812007	chr17:23811856-23812600	1.00	NA	1.00	0.96	1.00	NA	0.95	1.00	1.00	1.00	NA	1.00
ENSMUST00000233593.1|ENSMUSG00000055839|Elob	40.8	23826489	chr17:23824739-23826640	0.20	0.00	NA	0.04	0.01	0.00	NA	0.17	0.05	NA	0.00	0.00
ENSMUST00000017090.5|ENSMUSG00000016946|Kctd5	577.2	24048777	chr17:24047733-24049417	0.74	0.78	0.69	0.83	0.75	0.79	0.71	0.85	0.76	0.74	0.91	0.94
ENSMUST00000102927.9|ENSMUSG00000024122|Pdpk1	113.9	24078877	chr17:24073679-24079028	0.55	0.82	0.98	0.59	0.55	0.36	1.00	1.00	0.59	0.97	0.38	0.75
ENSMUST00000138685.2|ENSMUSG00000036820|Amdhd2	4084.5	24155953	chr17:24155834-24156147	0.38	0.33	0.49	0.42	0.49	0.49	0.45	0.46	0.50	0.53	0.49	0.65
ENSMUST00000024932.11|ENSMUSG00000024121|Atp6v0c	388281.4	24164136	chr17:24163865-24164406	0.41	0.39	0.35	0.35	0.84	0.45	0.35	0.35	0.37	0.35	0.58	0.56
ENSMUST00000234420.1|ENSMUSG00000117406|Ntn3	477.7	24206368	chr17:24204394-24207822	NA	NA	NA	NA	NA	NA	0.22	NA	0.50	0.52	0.13	0.22
ENSMUST00000124557.2|ENSMUSG00000024118|Tedc2	44.1	24219730	chr17:24215545-24220006	0.14	0.16	NA	0.15	NA	0.10	NA	0.19	0.21	0.14	NA	NA
ENSMUST00000039013.14|ENSMUSG00000024130|Abca3	94.0	24409935	chr17:24409397-24410201	0.71	0.42	0.53	0.56	1.00	1.00	0.89	0.49	0.58	0.63	1.00	0.68
ENSMUST00000088512.12|ENSMUSG00000034681|Rnps1	3089.4	24425593	chr17:24425182-24425901	0.48	0.55	0.45	0.39	0.86	0.59	0.41	0.47	0.46	0.48	0.60	0.60
ENSMUST00000234023.1|ENSMUSG00000024132|Eci1	1152.4	24439263	chr17:24439112-24439348	0.00	0.07	0.00	0.02	0.16	0.09	0.10	0.08	0.05	0.04	0.08	0.07
ENSMUST00000226654.1|ENSMUSG00000024137|E4f1	1720.8	24444048	chr17:24443778-24444780	0.77	NA	0.78	0.74	NA	NA	NA	0.29	NA	NA	NA	NA
ENSMUST00000053024.7|ENSMUSG00000043445|Pgp	376.8	24471715	chr17:24471564-24473110	0.83	0.83	1.00	1.00	0.72	0.76	1.00	0.92	1.00	1.00	0.82	0.79
ENSMUST00000234941.1|ENSMUSG00000024142|Mlst8	142.0	24475541	chr17:24473550-24475835	0.52	0.66	0.96	0.96	0.97	0.71	1.00	1.00	0.67	1.00	1.00	1.00
ENSMUST00000024958.8|ENSMUSG00000033597|Caskin1	158.1	24507364	chr17:24507213-24508671	NA	1.00	1.00	0.71	NA	1.00	1.00	1.00	NA	NA	1.00	1.00
ENSMUST00000176668.7|ENSMUSG00000052752|Traf7	6295.4	24514703	chr17:24508849-24514854	0.54	0.45	0.45	0.43	0.34	0.41	0.53	0.53	0.44	0.39	0.53	0.40
ENSMUST00000227107.1|ENSMUSG00000032855|Pkd1	451.6	24591507	chr17:24591356-24596507	1.00	NA	1.00	0.88	NA	0.68	NA	1.00	0.99	1.00	NA	NA
ENSMUST00000226284.1|ENSMUSG00000002496|Tsc2	503.4	24596456	chr17:24595815-24596607	1.00	1.00	1.00	1.00	1.00	NA	1.00	NA	NA	NA	0.79	1.00
ENSMUST00000019684.12|ENSMUSG00000002504|Slc9a3r2	11892.8	24639915	chr17:24639285-24640233	0.58	0.54	0.57	0.60	0.67	0.50	0.59	0.59	0.53	0.62	0.56	0.77
ENSMUST00000234956.1|ENSMUSG00000041130|Zfp598	37.5	24681736	chr17:24681459-24682016	0.55	0.30	0.58	0.37	0.63	1.00	0.69	0.27	0.35	0.20	0.51	0.36
ENSMUST00000007236.4|ENSMUSG00000007021|Syngr3	360.2	24685449	chr17:24685091-24686233	0.52	0.53	0.44	0.37	1.00	1.00	0.53	0.59	0.18	0.59	0.89	0.84
ENSMUST00000234197.1|ENSMUSG00000040888|Gfer	294.3	24694131	chr17:24693186-24694282	0.63	0.52	0.63	0.96	0.46	0.57	0.63	0.70	0.85	0.60	0.76	0.70
ENSMUST00000049642.5|ENSMUSG00000045316|Fahd1	131.6	24849126	chr17:24848891-24849420	0.39	0.44	0.52	0.17	1.00	0.42	0.27	0.33	0.30	0.32	0.51	0.46
ENSMUST00000234579.1|ENSMUSG00000039183|Nubp2	26218.0	24885418	chr17:24882610-24885607	0.41	0.47	0.46	0.40	0.24	0.34	0.48	0.47	0.34	0.49	0.28	0.29
ENSMUST00000068508.12|ENSMUSG00000024160|Spsb3	2531.0	24891870	chr17:24891567-24892149	0.47	0.47	0.45	0.41	0.63	0.48	0.39	0.43	0.48	0.45	0.48	0.51
ENSMUST00000119848.7|ENSMUSG00000073436|Eme2	18037.6	24890282	chr17:24888485-24892649	0.09	0.05	0.06	0.06	0.11	0.04	0.01	0.05	0.09	0.06	0.04	0.04
ENSMUST00000146923.7|ENSMUSG00000024163|Mapk8ip3	15755.7	24895191	chr17:24892152-24898950	0.27	0.13	0.14	0.13	0.23	0.14	0.10	0.19	0.10	0.14	0.14	0.12
ENSMUST00000154236.1|ENSMUSG00000038880|Mrps34	4436.0	24896228	chr17:24896077-24897502	0.16	0.17	0.34	0.34	0.14	0.15	0.30	0.30	0.22	0.17	0.32	0.52
ENSMUST00000233067.1|ENSMUSG00000024165|Jpt2	415.0	24942468	chr17:24937418-24944493	0.02	0.02	0.02	0.01	0.04	0.02	0.01	0.01	0.02	0.01	0.03	0.02
ENSMUST00000024984.6|ENSMUSG00000024168|Tmem204	4100.6	25057971	chr17:25057701-25058231	0.48	0.46	0.47	0.37	0.88	0.50	0.37	0.33	0.51	0.40	0.73	0.66
ENSMUST00000115181.8|ENSMUSG00000024170|Telo2	132.3	25099827	chr17:25099569-25100010	0.31	0.52	0.30	0.30	0.68	0.31	0.42	0.33	0.41	0.43	0.55	0.27
ENSMUST00000233633.1|ENSMUSG00000036636|Clcn7	3422.3	25153154	chr17:25152377-25162104	0.58	0.75	0.62	0.78	0.89	0.71	0.77	0.58	0.59	0.74	NA	0.62
ENSMUST00000088307.4|ENSMUSG00000067722|BC003965	775.2	25185377	chr17:25185095-25187662	0.18	0.15	0.18	0.13	0.15	0.13	0.08	0.17	0.11	0.14	0.16	0.19
ENSMUST00000115154.10|ENSMUSG00000035521|Gnptg	1739.1	25234473	chr17:25233330-25234624	0.19	0.19	0.18	0.18	0.16	0.14	0.12	0.21	0.14	0.12	0.19	0.29
ENSMUST00000182056.7|ENSMUSG00000047507|Baiap3	15.8	25243489	chr17:25242658-25243640	NA	NA	NA	0.94	NA	NA	0.94	0.59	0.53	0.58	NA	NA
ENSMUST00000172868.7|ENSMUSG00000015120|Ube2i	82.6	25267021	chr17:25266566-25268460	1.00	NA	NA	0.68	1.00	NA	0.37	0.92	NA	1.00	NA	NA
ENSMUST00000025003.9|ENSMUSG00000024176|Sox8	40.6	25567109	chr17:25565891-25567335	NA	0.87	0.65	0.56	NA	0.84	NA	NA	0.33	NA	0.70	0.83
ENSMUST00000172002.7|ENSMUSG00000025739|Gng13	4078.5	25719180	chr17:25719029-25719406	NA	0.31	NA	NA	0.99	0.80	0.16	0.81	NA	NA	0.17	0.06
ENSMUST00000237183.1|ENSMUSG00000041199|Rpusd1	588.8	25731186	chr17:25730775-25731464	0.37	0.49	0.46	0.41	0.99	0.69	0.28	0.33	0.33	0.34	0.59	0.66
ENSMUST00000131458.7|ENSMUSG00000002280|Ciao3	778.4	25777457	chr17:25777005-25779513	0.12	0.09	0.10	0.11	0.12	0.09	0.09	0.10	0.10	0.10	0.11	0.07
ENSMUST00000165838.8|ENSMUSG00000002274|Metrn	428.8	25794826	chr17:25793220-25794977	0.09	0.19	0.10	0.14	0.15	0.15	0.14	0.16	0.08	0.12	0.08	0.20
ENSMUST00000045692.8|ENSMUSG00000025738|Fbxl16	63545.9	25820653	chr17:25819519-25821255	0.82	0.72	0.71	0.54	0.82	0.69	1.00	0.67	0.59	0.58	0.73	0.60
ENSMUST00000152434.8|ENSMUSG00000025736|Jmjd8	371697.7	25831365	chr17:25830319-25831767	0.75	0.27	0.47	0.43	0.49	0.30	0.34	0.44	0.39	0.46	0.17	0.18
ENSMUST00000044911.9|ENSMUSG00000039615|Stub1	33465.7	25830736	chr17:25830504-25830887	0.35	0.38	0.50	0.55	0.27	0.33	0.35	0.53	0.43	0.52	0.24	0.26
ENSMUST00000026831.13|ENSMUSG00000025735|Rhbdl1	1428.4	25834636	chr17:25834464-25834787	0.26	0.16	0.25	0.15	0.62	0.28	0.33	0.16	0.39	0.10	0.23	0.22
ENSMUST00000176751.1|ENSMUSG00000093593|Gm20683	6075.2	25839023	chr17:25834464-25839370	0.14	0.63	0.26	0.29	0.19	0.49	0.29	0.28	0.16	0.21	0.52	0.54
ENSMUST00000043897.15|ENSMUSG00000025733|Rhot2	200.4	25839038	chr17:25838456-25839370	0.58	0.63	0.43	0.48	0.95	0.54	0.50	0.55	0.50	0.72	0.46	0.51
ENSMUST00000079461.14|ENSMUSG00000073434|Wdr90	18.7	25844919	chr17:25844770-25845070	NA	NA	NA	NA	0.29	0.02	0.38	0.11	NA	0.30	NA	0.48
ENSMUST00000237080.1|ENSMUSG00000025732|Mcrip2	6331.8	25864250	chr17:25863697-25865654	0.28	0.14	NA	0.02	NA	0.15	0.00	0.02	NA	NA	0.01	0.02
ENSMUST00000110456.2|ENSMUSG00000025731|Mettl26	5466.9	25876739	chr17:25876265-25877160	0.90	0.55	0.71	0.83	0.91	0.72	0.64	0.91	0.71	0.76	0.61	0.84
ENSMUST00000123929.8|ENSMUSG00000025728|Pigq	4920.8	25930520	chr17:25927491-25931583	0.10	0.12	0.10	0.11	0.09	0.11	0.17	0.10	0.12	0.12	0.10	0.11
ENSMUST00000212099.1|ENSMUSG00000037326|Capn15	469.0	25962670	chr17:25958370-25963118	0.75	NA	0.57	0.52	0.47	0.79	NA	0.73	0.51	0.58	0.50	0.51
ENSMUST00000118828.7|ENSMUSG00000037098|Rab11fip3	176.6	25989598	chr17:25989035-25990774	0.63	0.56	0.55	0.62	1.00	0.80	0.73	0.59	0.59	0.45	0.94	0.66
ENSMUST00000137672.2|ENSMUSG00000036775|Decr2	4281.0	26087229	chr17:26081207-26087380	0.27	0.30	0.30	0.30	0.34	0.30	0.41	0.38	0.29	0.32	0.31	0.29
ENSMUST00000236967.1|ENSMUSG00000024177|Nme4	110.6	26091880	chr17:26091733-26092031	0.28	0.18	0.33	0.32	0.58	0.20	0.18	0.21	0.35	0.23	0.48	0.43
ENSMUST00000237950.1|ENSMUSG00000024181|Mrpl28	63453.0	26125564	chr17:26125348-26126613	0.15	0.14	0.15	0.14	0.16	0.17	0.14	0.14	0.16	0.16	0.16	0.18
ENSMUST00000074370.9|ENSMUSG00000024182|Axin1	197.6	26195534	chr17:26195058-26195811	0.39	0.55	0.58	0.39	1.00	1.00	0.70	0.47	0.55	0.42	0.78	0.78
ENSMUST00000025020.5|ENSMUSG00000024186|Rgs11	23.9	26210965	chr17:26210727-26211324	NA	0.57	NA	0.34	NA	NA	NA	NA	NA	NA	0.30	0.99
ENSMUST00000114988.7|ENSMUSG00000024187|Fam234a	1294.5	26212915	chr17:26211821-26213508	0.09	0.06	0.06	0.04	0.14	0.06	0.05	0.04	0.06	0.05	0.07	0.04
ENSMUST00000148894.1|ENSMUSG00000024188|Luc7l	703.6	26258086	chr17:26257935-26280723	0.06	0.05	0.06	0.06	0.05	0.06	0.04	0.06	0.04	0.05	0.03	0.04
ENSMUST00000025025.6|ENSMUSG00000024190|Dusp1	88595.6	26505883	chr17:26505589-26506282	0.59	0.51	0.41	0.37	0.81	0.70	0.40	0.45	0.48	0.43	0.72	0.68
ENSMUST00000236867.1|ENSMUSG00000015575|Atp6v0e	17394.9	26695596	chr17:26695445-26699647	0.02	0.00	0.01	0.01	0.01	0.00	0.01	0.01	0.00	0.00	0.00	0.00
ENSMUST00000062519.13|ENSMUSG00000048249|Crebrf	38.1	26771814	chr17:26771404-26776635	NA	NA	0.33	0.38	0.37	0.26	0.36	0.44	0.38	0.40	0.29	0.60
ENSMUST00000236269.1|ENSMUSG00000024193|Phf1	1812.1	26934726	chr17:26934488-26935364	0.47	0.40	0.42	0.35	0.38	0.37	0.40	0.36	0.44	0.48	0.40	0.35
ENSMUST00000236888.1|ENSMUSG00000024194|Cuta	49178.8	26938417	chr17:26937972-26938576	0.41	0.41	0.43	0.43	0.57	0.46	0.46	0.42	0.38	0.43	0.52	0.49
ENSMUST00000237633.1|ENSMUSG00000079605|Zbtb9	3.5	26976025	chr17:26974999-27008376	0.03	0.00	0.01	NA	0.00	0.01	0.04	0.01	0.00	0.01	NA	NA
ENSMUST00000133257.8|ENSMUSG00000117819|Gm50253	3.6	26976025	chr17:26974999-27036378	0.02	0.00	0.01	NA	0.01	0.02	0.03	0.01	0.01	0.01	NA	NA
ENSMUST00000049308.8|ENSMUSG00000042644|Itpr3	57.8	27121822	chr17:27121525-27122223	1.00	0.90	0.79	0.52	1.00	NA	0.91	0.55	0.26	0.99	NA	NA
ENSMUST00000055117.8|ENSMUSG00000044857|Lemd2	1146.5	27189960	chr17:27189599-27190642	0.47	0.40	0.47	0.45	0.71	0.47	0.50	0.46	0.48	0.42	0.65	0.63
ENSMUST00000232265.1|ENSMUSG00000046711|Hmga1	7374.2	27563266	chr17:27562488-27563674	0.64	0.63	0.67	0.58	0.85	0.71	0.66	0.68	0.56	0.66	0.80	0.70
ENSMUST00000080190.8|ENSMUSG00000062753|AI413582	29649.5	27564140	chr17:27563768-27564291	0.54	0.52	0.47	0.51	0.60	0.54	0.48	0.53	0.48	0.55	0.50	0.49
ENSMUST00000232437.1|ENSMUSG00000040276|Pacsin1	1317.9	27708683	chr17:27708532-27711482	NA	0.46	0.68	0.71	0.33	0.42	0.44	0.91	0.16	NA	0.14	0.23
ENSMUST00000114863.9|ENSMUSG00000056692|Ilrun	7029.8	27753811	chr17:27751234-27753962	1.00	1.00	1.00	1.00	1.00	1.00	1.00	1.00	1.00	1.00	1.00	1.00
ENSMUST00000232873.1|ENSMUSG00000024217|Snrpc	8930.6	27851910	chr17:27851759-27851968	0.21	0.18	0.15	0.15	0.33	0.33	0.12	0.14	0.11	0.17	0.24	0.35
ENSMUST00000161275.2|ENSMUSG00000024220|Zfp523	43033.8	28197973	chr17:28197770-28202241	0.13	0.09	0.12	0.11	0.09	0.12	0.12	0.12	0.10	0.10	0.12	0.11
ENSMUST00000002327.5|ENSMUSG00000002257|Def6	194.9	28228437	chr17:28228286-28228608	0.28	0.29	0.30	0.20	0.41	0.35	0.15	0.46	0.29	0.24	0.12	0.68
ENSMUST00000233381.1|ENSMUSG00000007570|Fance	303.1	28318519	chr17:28318368-28326571	0.16	0.10	0.10	0.11	0.15	0.14	0.12	0.14	0.12	0.11	0.09	0.09
ENSMUST00000129935.7|ENSMUSG00000037805|Rpl10a	81890.7	28329522	chr17:28329060-28331032	0.42	0.36	0.47	0.36	0.39	0.41	0.42	0.45	0.34	0.38	0.36	0.35
ENSMUST00000129375.7|ENSMUSG00000037446|Tulp1	134.5	28356098	chr17:28351853-28356249	NA	NA	0.11	NA	NA	NA	0.11	0.08	0.10	0.07	NA	NA
ENSMUST00000079413.10|ENSMUSG00000024222|Fkbp5	327.4	28400898	chr17:28399093-28401049	1.00	1.00	1.00	1.00	1.00	1.00	1.00	1.00	1.00	1.00	1.00	1.00
ENSMUST00000004987.16|ENSMUSG00000004865|Srpk1	87.0	28599470	chr17:28589589-28599785	0.04	0.03	0.03	0.04	0.04	0.04	0.10	0.04	0.03	0.03	0.03	0.03
ENSMUST00000232997.1|ENSMUSG00000063952|Brpf3	23.8	28817798	chr17:28817482-28838544	NA	NA	0.10	0.06	NA	NA	NA	0.09	0.11	0.07	0.13	0.09
ENSMUST00000122163.8|ENSMUSG00000005936|Kctd20	4881.7	28964158	chr17:28962722-28967931	0.41	0.43	0.44	0.42	0.48	0.41	0.36	0.45	0.38	0.44	NA	0.41
ENSMUST00000037776.15|ENSMUSG00000071172|Srsf3	247143.8	29039635	chr17:29039484-29042897	1.00	1.00	1.00	1.00	1.00	1.00	1.00	1.00	1.00	1.00	1.00	1.00
ENSMUST00000233296.1|ENSMUSG00000023067|Cdkn1a	10513.1	29099541	chr17:29099390-29100727	0.45	0.51	0.44	0.42	0.39	0.32	0.42	0.46	0.35	0.50	0.21	0.33
ENSMUST00000234631.1|ENSMUSG00000052712|BC004004	10387.2	29282995	chr17:29282844-29302015	0.11	0.11	0.08	0.10	0.14	0.10	0.09	0.09	0.10	0.09	0.12	0.09
ENSMUST00000234416.1|ENSMUSG00000024012|Mtch1	385839.1	29339790	chr17:29332075-29341184	0.22	NA	NA	NA	0.20	NA	NA	NA	NA	NA	0.21	0.20
ENSMUST00000024811.8|ENSMUSG00000024014|Pim1	84.4	29494936	chr17:29494744-29496112	NA	NA	0.15	0.23	0.80	0.56	NA	0.21	0.26	0.17	NA	NA
ENSMUST00000234778.1|ENSMUSG00000042203|Tbc1d22b	13.3	29573154	chr17:29573003-29606898	0.05	NA	0.03	0.06	0.05	0.02	NA	0.04	0.04	0.03	0.04	0.04
ENSMUST00000172485.7|ENSMUSG00000090083|Rnf8	526.5	29627249	chr17:29626453-29641587	0.06	0.04	0.04	0.05	0.07	0.05	0.05	0.04	0.04	0.04	0.05	0.04
ENSMUST00000137079.8|ENSMUSG00000024018|Ccdc167	927.5	29702153	chr17:29687356-29704444	0.69	0.40	0.27	0.34	0.30	0.24	0.19	0.23	0.22	0.23	0.25	0.23
ENSMUST00000167190.8|ENSMUSG00000043557|Mdga1	77.7	29839804	chr17:29829413-29839981	NA	NA	0.09	0.07	0.11	0.06	0.09	0.09	0.09	0.17	NA	NA
ENSMUST00000168787.7|ENSMUSG00000062202|Btbd9	87.5	30220224	chr17:30215523-30220375	0.47	0.29	0.17	0.19	0.17	0.19	0.23	0.39	0.13	0.28	0.10	0.15
ENSMUST00000236335.1|ENSMUSG00000024026|Glo1	3320.3	30593063	chr17:30584935-30594140	0.02	0.02	0.03	0.03	0.02	0.01	0.02	0.02	0.02	0.03	0.03	0.04
ENSMUST00000024829.7|ENSMUSG00000024030|Abcg1	882.1	31115599	chr17:31114282-31117988	NA	NA	0.12	0.12	0.18	0.07	NA	0.09	0.12	0.13	NA	NA
ENSMUST00000172284.8|ENSMUSG00000024037|Wdr4	1223.7	31503489	chr17:31494322-31503640	0.22	0.22	0.29	0.26	0.18	0.16	0.19	0.29	0.23	0.17	0.21	0.25
ENSMUST00000191598.2|ENSMUSG00000024038|Ndufv3	8.9	31527047	chr17:31526887-31527245	NA	1.00	NA	0.94	NA	NA	0.78	NA	NA	NA	1.00	1.00
ENSMUST00000235401.1|ENSMUSG00000006705|Pknox1	55.8	31592275	chr17:31592108-31605166	0.03	0.03	0.03	0.04	0.06	0.04	0.03	0.03	0.04	0.03	0.03	0.04
ENSMUST00000236853.1|ENSMUSG00000024039|Cbs	149.0	31612827	chr17:31608893-31613192	0.01	0.01	0.02	0.03	0.02	0.03	0.04	0.01	0.01	0.03	0.03	0.03
ENSMUST00000237323.1|ENSMUSG00000061613|U2af1	10992.3	31651535	chr17:31647081-31651686	0.82	0.89	1.00	1.00	0.50	0.72	1.00	0.89	1.00	0.93	0.82	0.87
ENSMUST00000024839.5|ENSMUSG00000024042|Sik1	45.7	31845620	chr17:31844249-31846285	0.43	0.41	0.24	0.37	0.31	0.69	0.50	0.52	0.42	0.26	0.23	0.08
ENSMUST00000087723.4|ENSMUSG00000038146|Notch3	94.7	32121671	chr17:32120819-32121822	0.69	0.67	0.80	0.81	1.00	NA	1.00	0.71	1.00	0.79	NA	NA
ENSMUST00000125899.1|ENSMUSG00000024002|Brd4	13146.3	32220160	chr17:32213644-32224971	0.01	NA	NA	0.00	0.00	0.00	0.00	0.00	0.00	0.00	0.00	0.00
ENSMUST00000235764.1|ENSMUSG00000024045|Akap8	567.6	32316186	chr17:32304692-32316479	0.11	0.08	0.09	0.06	0.11	0.08	0.12	0.09	0.07	0.09	0.10	0.12
ENSMUST00000235614.1|ENSMUSG00000002625|Akap8l	429.2	32332478	chr17:32321610-32333924	0.00	NA	0.01	0.01	0.02	NA	0.03	0.01	0.02	0.01	NA	NA
ENSMUST00000136375.7|ENSMUSG00000052142|Rasal3	1322.1	32393522	chr17:32390660-32394167	NA	NA	0.27	0.40	0.37	0.27	NA	NA	0.40	0.41	NA	NA
ENSMUST00000237003.1|ENSMUSG00000091586|Cyp4f17	10.4	32529097	chr17:32528891-32530143	NA	NA	0.72	0.32	NA	NA	0.74	0.92	0.64	NA	NA	NA
ENSMUST00000165515.7|ENSMUSG00000048440|Cyp4f16	1190.4	32543004	chr17:32542758-32551798	0.12	0.11	0.14	0.12	0.18	0.14	0.17	0.13	0.11	0.13	NA	NA
ENSMUST00000168171.7|ENSMUSG00000073424|Cyp4f15	118.3	32703128	chr17:32702957-32703352	0.38	0.30	NA	0.06	0.21	0.42	0.22	0.29	NA	NA	0.55	0.40
ENSMUST00000159086.9|ENSMUSG00000024298|Zfp871	47.2	32773514	chr17:32765495-32774354	0.14	0.13	0.09	0.09	0.31	0.08	0.22	0.16	0.08	0.09	0.10	0.14
ENSMUST00000202988.3|ENSMUSG00000095253|Zfp799	10.9	32817442	chr17:32815448-32819346	0.11	NA	NA	0.20	NA	NA	NA	0.07	NA	0.10	NA	0.07
ENSMUST00000228075.2|ENSMUSG00000095325|Zfp870	12.7	32882174	chr17:32879218-32882673	0.19	0.02	0.16	0.17	0.11	0.13	NA	0.07	0.17	0.29	0.13	0.25
ENSMUST00000054174.8|ENSMUSG00000024292|Cyp4f14	43.6	32905282	chr17:32905069-32905503	0.28	0.39	0.12	0.10	NA	0.35	0.28	0.47	NA	NA	0.62	0.54
ENSMUST00000145683.1|ENSMUSG00000024055|Cyp4f13	35.2	32941002	chr17:32932635-32941153	0.09	0.01	0.03	0.02	0.09	0.00	0.05	0.05	0.01	0.01	0.04	0.02
ENSMUST00000039132.8|ENSMUSG00000053600|Zfp472	15.9	32978765	chr17:32978554-32979233	NA	NA	0.21	NA	0.62	0.14	0.06	0.20	NA	0.18	NA	NA
ENSMUST00000141815.2|ENSMUSG00000053390|Zfp952	39.6	33003143	chr17:33002975-33005457	1.00	1.00	0.98	1.00	NA	0.58	NA	1.00	0.70	0.95	0.52	0.64
ENSMUST00000087654.4|ENSMUSG00000067430|Zfp763	21.3	33018214	chr17:33016862-33018405	NA	1.00	0.73	1.00	0.65	NA	NA	0.98	NA	0.97	NA	NA
ENSMUST00000008830.9|ENSMUSG00000094441|Zfp955a	15.8	33240581	chr17:33239717-33241521	1.00	0.96	NA	0.84	0.94	NA	NA	0.38	NA	0.64	NA	NA
ENSMUST00000099414.4|ENSMUSG00000096910|Zfp955b	22.9	33303946	chr17:33303193-33307241	0.10	0.13	0.19	0.16	NA	0.20	0.07	0.07	0.13	0.15	0.18	0.22
ENSMUST00000173931.7|ENSMUSG00000024299|Adamts10	866.3	33538712	chr17:33537348-33553768	0.22	NA	0.27	0.28	0.26	NA	0.49	0.30	0.30	0.26	NA	NA
ENSMUST00000173372.7|ENSMUSG00000024300|Myo1f	3101.6	33602090	chr17:33601066-33607758	NA	NA	0.26	0.27	0.25	0.21	0.33	0.24	0.27	0.32	NA	NA
ENSMUST00000130946.7|ENSMUSG00000059208|Hnrnpm	3748.9	33648705	chr17:33646238-33648856	0.02	0.00	0.01	0.01	0.01	0.00	0.03	0.01	0.00	0.00	0.00	0.00
ENSMUST00000057373.13|ENSMUSG00000077450|Rab11b	32806.2	33746820	chr17:33742483-33747670	0.03	0.03	0.03	0.03	0.06	0.03	0.02	0.03	0.03	0.04	0.03	0.03
ENSMUST00000173869.7|ENSMUSG00000002289|Angptl4	572335.5	33780471	chr17:33774907-33780622	0.21	0.21	0.20	0.20	0.21	0.19	0.22	0.20	0.19	0.20	0.20	0.16
ENSMUST00000234426.1|ENSMUSG00000042099|Kank3	888.5	33820037	chr17:33819886-33822181	0.02	0.01	0.01	0.01	0.01	0.03	0.04	0.01	0.01	0.01	0.00	0.02
ENSMUST00000173019.7|ENSMUSG00000067288|Rps28	8311.3	33821768	chr17:33819026-33823210	0.17	0.16	0.24	0.24	0.10	0.15	0.20	NA	0.24	0.23	0.11	0.13
ENSMUST00000173132.7|ENSMUSG00000041881|Ndufa7	7467.8	33829886	chr17:33829735-33838309	0.00	0.00	0.00	0.00	0.00	0.00	0.00	0.00	0.00	0.00	0.00	0.00
ENSMUST00000002379.14|ENSMUSG00000002308|Cd320	462.1	33848593	chr17:33848425-33849774	0.04	0.04	0.02	0.05	0.06	0.05	0.03	0.05	0.04	0.03	0.06	0.06
ENSMUST00000025161.9|ENSMUSG00000024308|Tapbp	52036.3	33928445	chr17:33928148-33929292	0.82	0.80	0.77	0.70	0.76	0.73	0.87	0.75	0.78	0.79	0.69	0.79
ENSMUST00000053429.10|ENSMUSG00000051390|Zbtb22	163.1	33919017	chr17:33918796-33919325	0.41	0.62	0.48	0.53	1.00	0.77	0.39	0.66	0.44	0.43	0.92	0.57
ENSMUST00000047503.15|ENSMUSG00000041354|Rgl2	304.9	33937452	chr17:33937273-33937687	0.55	0.25	0.27	0.39	0.88	0.59	0.40	0.39	0.53	0.34	0.66	0.58
ENSMUST00000087543.4|ENSMUSG00000067370|B3galt4	19.9	33949998	chr17:33949908-33950149	NA	0.52	NA	0.23	0.42	0.72	NA	0.51	0.18	0.24	0.54	NA
ENSMUST00000025178.16|ENSMUSG00000024319|Vps52	575.2	33966382	chr17:33966102-33967035	0.51	0.45	0.51	0.40	0.44	0.36	0.42	0.59	0.36	0.39	0.48	0.44
ENSMUST00000172912.7|ENSMUSG00000061232|H2-K1	516983.0	33996270	chr17:33996016-33996474	0.40	0.36	0.34	0.34	0.64	0.48	0.35	0.34	0.35	0.37	0.43	0.43
ENSMUST00000025183.8|ENSMUSG00000024325|Ring1	131.3	34021233	chr17:34020791-34021384	0.14	0.16	0.10	0.17	0.12	0.06	0.17	0.12	0.14	0.15	0.18	0.08
ENSMUST00000237759.1|ENSMUSG00000073422|H2-Ke6	2030.2	34026129	chr17:34026032-34026336	0.61	0.54	0.54	0.48	0.87	0.53	0.50	0.44	NA	0.82	0.83	0.78
ENSMUST00000025186.15|ENSMUSG00000024327|Slc39a7	20503.6	34028538	chr17:34028268-34028798	0.45	0.45	0.41	0.41	0.77	0.48	0.43	0.40	0.54	0.43	0.65	0.56
ENSMUST00000174299.8|ENSMUSG00000039656|Rxrb	972.4	34038056	chr17:34037528-34038399	0.65	0.58	0.53	0.57	1.00	0.66	0.51	0.50	0.67	0.53	0.88	0.75
ENSMUST00000154232.8|ENSMUSG00000024335|Brd2	14323.3	34114889	chr17:34112029-34116319	0.56	0.46	0.49	0.52	1.00	0.48	0.76	0.49	0.51	0.49	0.66	0.62
ENSMUST00000237402.1|ENSMUSG00000037649|H2-DMa	9236.8	34137398	chr17:34137213-34139078	0.39	0.31	0.40	0.39	0.25	0.38	0.48	0.47	0.43	0.43	0.36	0.35
ENSMUST00000236519.1|ENSMUSG00000037548|H2-DMb2	8.4	34151243	chr17:34151092-34151555	NA	NA	0.12	NA	0.67	NA	0.44	0.88	0.28	NA	0.48	NA
ENSMUST00000114232.3|ENSMUSG00000079547|H2-DMb1	719.7	34160087	chr17:34159936-34160230	0.15	NA	0.27	0.26	0.53	0.25	0.28	0.17	0.30	0.31	0.89	0.37
ENSMUST00000237228.1|ENSMUSG00000096727|Psmb9	38118.5	34183088	chr17:34182040-34184262	0.00	NA	NA	0.00	0.00	NA	0.00	NA	NA	NA	NA	NA
ENSMUST00000170086.7|ENSMUSG00000037321|Tap1	944.3	34196954	chr17:34196771-34197225	0.39	0.43	0.36	0.24	0.87	0.36	0.38	0.37	0.37	0.33	0.51	NA
ENSMUST00000025197.5|ENSMUSG00000024339|Tap2	5845.9	34216241	chr17:34216090-34216321	0.23	0.29	0.28	0.18	0.35	0.22	0.19	0.20	0.18	0.21	0.27	0.39
ENSMUST00000095342.10|ENSMUSG00000041538|H2-Ob	11.9	34244308	chr17:34244118-34245906	NA	NA	0.41	0.43	0.47	NA	NA	NA	0.31	0.20	NA	NA
ENSMUST00000040828.6|ENSMUSG00000073421|H2-Ab1	45052.1	34269256	chr17:34269105-34269419	0.37	0.17	0.25	0.25	0.44	0.32	0.24	0.25	0.34	0.26	NA	NA
ENSMUST00000040655.13|ENSMUSG00000036594|H2-Aa	56858.6	34282893	chr17:34282743-34283177	NA	NA	0.39	0.45	1.00	0.52	0.42	0.42	0.53	0.53	NA	NA
ENSMUST00000236232.1|ENSMUSG00000060586|H2-Eb1	41842.7	34309976	chr17:34309825-34316199	0.21	NA	0.30	0.30	0.27	0.24	0.34	0.32	0.26	0.28	NA	NA
ENSMUST00000150924.1|ENSMUSG00000034786|Gpsm3	4801.8	34590941	chr17:34590781-34591754	0.66	0.52	0.81	0.66	0.92	0.68	0.74	0.85	0.70	0.63	NA	NA
ENSMUST00000038149.12|ENSMUSG00000034673|Pbx2	50.2	34596232	chr17:34595913-34597400	NA	0.51	0.43	0.39	0.62	0.39	1.00	0.60	0.38	0.40	0.54	0.36
ENSMUST00000015622.7|ENSMUSG00000015478|Rnf5	21495.7	34601336	chr17:34601090-34601571	0.32	0.32	0.34	0.32	0.56	0.41	0.30	0.27	0.33	0.36	0.40	0.39
ENSMUST00000174228.7|ENSMUSG00000034254|Agpat1	5911.0	34611449	chr17:34611276-34612891	0.38	0.42	0.43	0.53	0.52	0.40	0.65	0.47	0.51	0.53	0.52	0.55
ENSMUST00000171121.8|ENSMUSG00000015474|Ppt2	662.7	34616844	chr17:34616661-34617346	0.61	0.60	0.30	0.67	1.00	0.98	0.74	0.53	0.74	0.50	0.63	0.64
ENSMUST00000015620.6|ENSMUSG00000015476|Prrt1	73.8	34632809	chr17:34632257-34633126	0.82	0.68	0.55	0.58	1.00	0.48	0.47	0.46	0.45	0.36	0.91	0.81
ENSMUST00000174519.1|ENSMUSG00000015461|Atf6b	3755.2	34648668	chr17:34648220-34649202	0.04	0.00	0.00	0.00	0.00	0.00	0.00	0.00	0.01	0.00	0.00	0.00
ENSMUST00000173057.1|ENSMUSG00000073418|C4b	3005465.9	34735403	chr17:34734364-34735726	NA	NA	0.31	0.30	0.34	NA	0.31	0.29	NA	NA	NA	NA
ENSMUST00000173063.7|ENSMUSG00000040482|Dxo	2589.3	34838445	chr17:34838262-34839138	0.38	0.36	0.36	0.33	0.35	0.33	0.27	0.24	0.27	0.28	0.45	0.44
ENSMUST00000172966.1|ENSMUSG00000040356|Skiv2l	4540.5	34846866	chr17:34846521-34847800	0.15	0.00	0.04	0.06	0.06	0.17	0.00	0.00	0.00	0.00	0.00	0.00
ENSMUST00000165953.2|ENSMUSG00000024369|Nelfe	522.1	34856306	chr17:34856155-34856372	0.11	0.33	0.59	0.40	0.43	0.21	0.43	0.59	0.27	0.33	0.44	0.31
ENSMUST00000133127.1|ENSMUSG00000090231|Cfb	34289.0	34857003	chr17:34856573-34857710	0.64	NA	0.27	0.32	0.57	NA	0.27	0.29	0.41	0.44	NA	NA
ENSMUST00000152417.7|ENSMUSG00000024371|C2	9045.7	34862709	chr17:34862603-34862860	NA	NA	0.16	0.15	0.33	0.62	0.22	0.19	0.31	0.21	0.32	NA
ENSMUST00000137071.7|ENSMUSG00000013787|Ehmt2	5692.7	34908805	chr17:34908467-34914047	0.26	0.30	0.30	0.24	0.29	0.28	0.34	0.25	0.20	0.25	0.35	0.24
ENSMUST00000007253.5|ENSMUSG00000007038|Neu1	975.4	34935164	chr17:34934828-34935921	0.45	0.56	0.38	0.32	0.29	0.27	0.43	0.41	0.33	0.27	0.48	0.53
ENSMUST00000172753.1|ENSMUSG00000090877|Hspa1b	57103.4	34956930	chr17:34956435-34957081	0.50	0.51	0.32	0.26	1.00	0.56	0.39	0.39	0.40	0.31	0.54	0.61
ENSMUST00000087328.3|ENSMUSG00000091971|Hspa1a	32802.3	34969818	chr17:34969189-34970002	0.33	0.35	0.35	0.27	0.45	0.31	0.29	0.32	0.30	0.30	0.41	0.44
ENSMUST00000173004.1|ENSMUSG00000007050|Lsm2	9675.7	34985692	chr17:34985264-34985889	0.60	0.59	0.54	0.39	1.00	0.57	0.39	0.39	0.38	0.59	0.49	0.65
ENSMUST00000007257.9|ENSMUSG00000007041|Clic1	87493.3	35058639	chr17:35058488-35058749	0.17	0.15	0.11	0.16	0.34	0.19	0.13	0.12	0.15	0.15	0.24	0.26
ENSMUST00000174493.7|ENSMUSG00000007039|Ddah2	4907.4	35061958	chr17:35061807-35062095	0.28	0.28	0.23	0.22	0.74	0.23	0.25	0.24	0.25	0.17	0.39	0.39
ENSMUST00000173846.7|ENSMUSG00000007036|Abhd16a	17369.2	35091727	chr17:35091576-35102956	0.21	0.17	0.22	0.23	0.12	0.16	0.25	0.20	0.17	0.19	0.16	0.13
ENSMUST00000174805.1|ENSMUSG00000024393|Prrc2a	371.0	35149257	chr17:35149087-35149470	0.20	0.09	0.28	0.23	0.23	0.21	0.25	NA	0.16	NA	0.27	0.40
ENSMUST00000025263.14|ENSMUSG00000024401|Tnf	1744.9	35199648	chr17:35199380-35200147	0.33	0.71	0.40	0.49	1.00	0.77	0.37	0.37	0.37	0.32	NA	NA
ENSMUST00000048994.6|ENSMUSG00000042419|Nfkbil1	173.7	35220241	chr17:35220174-35220392	0.13	0.05	0.28	0.16	0.25	0.23	0.10	0.17	0.15	0.21	0.28	0.21
ENSMUST00000068261.8|ENSMUSG00000024403|Atp6v1g2	11455.0	35238476	chr17:35237795-35238767	0.56	0.53	0.45	0.52	0.95	0.69	0.54	0.46	0.65	0.47	0.75	0.72
ENSMUST00000068056.11|ENSMUSG00000019432|Ddx39b	2308.3	35253637	chr17:35253486-35253707	0.15	0.09	0.14	0.11	0.23	0.10	0.16	0.08	0.13	0.09	0.21	0.08
ENSMUST00000172785.7|ENSMUSG00000073411|H2-D1	2843310.3	35267122	chr17:35266867-35267499	0.23	0.23	0.22	0.24	0.48	0.32	0.23	0.24	0.27	0.25	0.34	0.34
ENSMUST00000174699.7|ENSMUSG00000073409|H2-Q6	32121.3	35428509	chr17:35428358-35430055	1.00	NA	1.00	1.00	NA	NA	1.00	1.00	NA	NA	NA	NA
ENSMUST00000076256.7|ENSMUSG00000060550|H2-Q7	21096.7	35442999	chr17:35442770-35443773	1.00	NA	1.00	1.00	1.00	NA	1.00	1.00	NA	NA	NA	NA
ENSMUST00000174525.7|ENSMUSG00000067235|H2-Q10	597.7	35473800	chr17:35473565-35474563	NA	NA	1.00	1.00	NA	NA	1.00	1.00	NA	NA	NA	NA
ENSMUST00000161012.7|ENSMUSG00000050410|Tcf19	165.6	35512973	chr17:35512733-35513180	0.29	0.32	0.25	0.34	0.82	0.40	0.30	0.26	0.26	0.20	0.32	0.38
ENSMUST00000044804.7|ENSMUSG00000039518|Cdsn	15.9	35556611	chr17:35556258-35557180	NA	0.25	NA	NA	NA	0.33	0.31	NA	NA	NA	NA	0.13
ENSMUST00000164404.7|ENSMUSG00000038838|Vars2	168.1	35659026	chr17:35656556-35660080	0.24	0.21	0.21	0.29	NA	0.32	0.25	0.43	0.31	0.34	0.38	0.33
ENSMUST00000155957.7|ENSMUSG00000003534|Ddr1	2912.2	35689666	chr17:35682430-35690016	NA	0.20	0.16	0.16	NA	0.15	0.15	0.16	0.19	0.17	NA	NA
ENSMUST00000003635.6|ENSMUSG00000003541|Ier3	43668.2	35822583	chr17:35822307-35822923	0.48	0.45	0.45	0.38	0.87	0.54	0.46	0.46	0.49	0.46	0.59	0.56
ENSMUST00000173628.7|ENSMUSG00000059714|Flot1	24142.6	35825890	chr17:35824566-35830024	0.00	0.00	0.00	0.00	0.00	0.00	0.00	0.00	0.00	0.00	0.00	0.00
ENSMUST00000001566.9|ENSMUSG00000001525|Tubb5	7029.3	35834833	chr17:35833920-35834984	0.13	0.19	0.37	0.30	0.17	0.16	0.32	0.30	0.35	0.30	0.09	0.09
ENSMUST00000074259.14|ENSMUSG00000059791|Nrm	84.3	35865135	chr17:35864789-35865402	0.49	0.43	0.63	0.36	0.93	0.58	0.42	0.33	0.50	0.44	0.51	0.66
ENSMUST00000174366.7|ENSMUSG00000024422|Dhx16	1409.6	35888202	chr17:35887925-35892625	0.23	0.28	0.19	0.22	0.24	0.26	0.28	0.18	0.20	0.21	0.39	0.23
ENSMUST00000154670.7|ENSMUSG00000050705|2310061I04Rik	577.0	35892824	chr17:35892682-35893015	0.53	0.35	0.57	0.64	0.54	0.50	0.51	0.42	0.29	0.21	0.38	0.63
ENSMUST00000174349.7|ENSMUSG00000024436|Mrps18b	3781.6	35911318	chr17:35910850-35911469	0.01	0.01	0.01	0.04	0.00	0.01	0.00	0.00	0.00	0.00	0.00	0.02
ENSMUST00000087211.8|ENSMUSG00000039220|Ppp1r10	236.8	35931941	chr17:35931255-35932283	0.96	0.63	0.85	0.70	1.00	0.59	0.64	0.56	0.68	0.62	1.00	1.00
ENSMUST00000172429.7|ENSMUSG00000038500|Prr3	136.6	35973320	chr17:35972540-35973699	1.00	1.00	0.77	0.72	0.82	0.83	1.00	0.70	0.97	0.91	1.00	0.71
ENSMUST00000087200.3|ENSMUSG00000024429|Gnl1	5481.0	35989156	chr17:35988759-35989462	0.34	0.42	0.29	0.24	0.68	0.48	0.29	0.31	0.28	0.19	0.52	0.51
ENSMUST00000113760.9|ENSMUSG00000053835|H2-T24	48.5	36006587	chr17:36005694-36006738	1.00	1.00	0.75	0.82	NA	1.00	0.93	0.94	1.00	1.00	0.85	1.00
ENSMUST00000102678.4|ENSMUSG00000067212|H2-T23	28591.6	36030039	chr17:36029975-36030190	0.10	0.03	0.11	0.11	0.09	0.08	0.12	0.09	0.09	0.11	0.13	0.11
ENSMUST00000173280.1|ENSMUSG00000056116|H2-T22	22595.4	36041448	chr17:36038408-36042062	0.30	0.30	0.29	0.34	0.38	0.34	0.39	0.32	0.31	0.29	0.31	0.32
ENSMUST00000077535.4|ENSMUSG00000024446|Rpp21	2674.3	36255845	chr17:36255644-36255996	0.87	0.97	0.97	0.70	0.83	1.00	0.91	0.68	0.57	0.72	0.82	0.95
ENSMUST00000130367.7|ENSMUSG00000024457|Trim26	277.2	36858591	chr17:36858079-36859398	0.67	0.86	0.60	0.63	0.73	0.65	0.74	0.62	0.56	0.63	0.61	0.60
ENSMUST00000040402.13|ENSMUSG00000036398|Ppp1r11	569.1	36948930	chr17:36948355-36949354	0.41	0.38	0.30	0.30	0.51	0.36	0.35	0.43	0.30	0.29	0.41	0.40
ENSMUST00000102665.10|ENSMUSG00000076439|Mog	13.0	37011200	chr17:37010742-37011506	0.66	0.59	0.34	0.32	0.69	0.54	0.42	0.51	NA	NA	0.57	0.72
ENSMUST00000173823.7|ENSMUSG00000024462|Gabbr1	657.2	37051249	chr17:37051098-37074290	0.25	0.28	0.29	0.25	NA	0.37	NA	0.34	NA	NA	0.30	0.35
ENSMUST00000038844.6|ENSMUSG00000035186|Ubd	13.3	37195861	chr17:37195710-37196095	NA	NA	0.35	0.33	0.16	NA	0.29	0.45	NA	NA	NA	NA
ENSMUST00000038580.6|ENSMUSG00000016206|H2-M3	3035.2	37273912	chr17:37273726-37274484	0.81	0.49	0.58	0.55	0.76	0.82	0.61	0.58	0.57	0.59	NA	NA
ENSMUST00000233871.1|ENSMUSG00000054951|9130008F23Rik	11.7	40879779	chr17:40875481-40879993	0.09	0.06	NA	NA	NA	0.09	NA	NA	NA	0.10	NA	NA
ENSMUST00000087114.4|ENSMUSG00000023919|Cenpq	96.5	40923339	chr17:40923050-40923490	0.56	0.35	0.30	0.62	0.29	0.32	0.22	0.11	0.42	0.29	0.44	0.32
ENSMUST00000169611.3|ENSMUSG00000023921|Mmut	172.7	40960844	chr17:40960693-40961988	0.49	0.41	0.32	0.37	0.40	0.45	0.45	0.41	0.31	0.36	0.32	0.39
ENSMUST00000024709.8|ENSMUSG00000061665|Cd2ap	108.1	42796150	chr17:42792950-42796330	0.72	0.78	0.78	1.00	0.63	1.00	1.00	1.00	0.71	0.71	NA	0.86
ENSMUST00000024708.5|ENSMUSG00000023915|Tnfrsf21	923.4	43088120	chr17:43087969-43089189	0.79	0.81	0.62	0.67	1.00	0.94	1.00	0.70	0.71	0.71	0.95	0.68
ENSMUST00000113599.1|ENSMUSG00000056492|Adgrf5	583.4	43456454	chr17:43455332-43459557	0.12	0.10	0.08	0.08	0.12	0.06	0.17	0.10	0.10	0.07	0.12	0.10
ENSMUST00000024706.11|ENSMUSG00000023913|Pla2g7	13825.9	43612127	chr17:43611976-43612201	0.15	0.16	0.13	0.22	0.23	0.24	0.12	0.17	0.16	0.26	0.27	0.32
ENSMUST00000024705.5|ENSMUSG00000023912|Slc25a27	27.9	43642507	chr17:43641890-43643607	0.47	NA	NA	NA	NA	NA	1.00	NA	NA	NA	0.86	0.78
ENSMUST00000044792.5|ENSMUSG00000039601|Rcan2	1290.9	44038912	chr17:44037130-44039516	0.79	0.59	0.83	0.78	0.94	0.79	0.87	0.71	0.68	1.00	0.79	0.71
ENSMUST00000126032.1|ENSMUSG00000023960|Enpp5	1171.7	44081510	chr17:44080979-44086567	0.11	0.15	0.16	0.16	0.14	0.13	0.12	0.13	0.14	0.12	0.20	0.25
ENSMUST00000024757.13|ENSMUSG00000023961|Enpp4	43.4	44099164	chr17:44096307-44099315	0.45	0.72	0.57	0.49	0.41	0.25	0.54	0.58	0.18	0.27	0.43	0.30
ENSMUST00000024755.6|ENSMUSG00000023959|Clic5	57.0	44277707	chr17:44275378-44280172	0.72	0.82	0.77	0.82	1.00	NA	1.00	0.70	0.66	0.81	0.91	0.95
ENSMUST00000024727.9|ENSMUSG00000023932|Cdc5l	110.9	45392051	chr17:45391883-45392202	0.42	0.16	0.17	0.42	0.46	0.34	0.31	0.22	0.26	0.23	0.32	0.68
ENSMUST00000024733.8|ENSMUSG00000023938|Aars2	72.5	45520619	chr17:45520447-45520843	0.49	0.30	0.25	0.35	0.90	0.32	0.28	0.24	0.39	0.20	0.66	0.40
ENSMUST00000180252.2|ENSMUSG00000096847|Tmem151b	3116.7	45544678	chr17:45541951-45544829	NA	1.00	NA	1.00	NA	NA	NA	NA	NA	NA	1.00	1.00
ENSMUST00000024742.8|ENSMUSG00000023947|Nfkbie	268.5	45562623	chr17:45562064-45563169	0.79	0.80	0.68	0.69	1.00	0.80	0.69	0.69	0.84	0.48	0.78	1.00
ENSMUST00000223987.1|ENSMUSG00000037089|Slc35b2	4550.5	45567421	chr17:45567241-45567671	0.45	0.39	0.40	0.43	0.81	0.52	0.35	0.38	0.39	0.41	0.52	0.58
ENSMUST00000163966.7|ENSMUSG00000023944|Hsp90ab1	1190068.2	45571007	chr17:45570662-45571158	0.15	0.14	0.14	0.14	0.18	0.14	0.14	0.14	0.14	0.14	0.14	0.15
ENSMUST00000163492.7|ENSMUSG00000023942|Slc29a1	8922.8	45585446	chr17:45585199-45585673	0.42	0.41	0.36	0.39	0.72	0.55	0.40	0.38	0.45	0.37	0.45	0.37
ENSMUST00000113523.8|ENSMUSG00000036026|Tmem63b	135.4	45660319	chr17:45660170-45660791	0.31	0.71	0.33	0.25	1.00	0.35	0.66	0.27	0.37	0.61	0.59	0.84
ENSMUST00000024747.13|ENSMUSG00000023951|Vegfa	1685.0	46017681	chr17:46016992-46018860	0.68	0.65	0.44	0.53	0.94	0.72	0.63	0.45	0.63	0.43	0.82	0.81
ENSMUST00000024763.9|ENSMUSG00000023967|Mrps18a	11038.3	46128797	chr17:46128646-46128910	0.25	0.28	0.29	0.25	0.51	0.33	0.24	0.21	0.31	0.25	0.37	0.31
ENSMUST00000171172.2|ENSMUSG00000034509|Mad2l1bp	137.6	46147603	chr17:46147386-46147774	0.30	0.27	0.33	0.32	0.33	0.32	0.38	0.36	0.32	0.33	0.50	0.36
ENSMUST00000233438.1|ENSMUSG00000023953|Polh	5.5	46190591	chr17:46172224-46190742	0.02	0.03	NA	0.02	NA	NA	NA	NA	0.03	NA	NA	NA
ENSMUST00000087031.6|ENSMUSG00000067150|Xpo5	142.1	46242419	chr17:46242268-46243598	1.00	1.00	1.00	0.95	1.00	1.00	1.00	1.00	1.00	0.93	1.00	1.00
ENSMUST00000095263.9|ENSMUSG00000071074|Yipf3	3331.9	46251881	chr17:46251711-46252537	0.17	0.22	0.15	0.11	0.10	0.11	0.06	0.13	0.12	0.13	0.18	0.15
ENSMUST00000233543.1|ENSMUSG00000071073|Lrrc73	266.7	46256870	chr17:46256715-46257210	NA	0.29	0.29	0.34	NA	0.36	0.41	0.33	NA	NA	0.48	0.46
ENSMUST00000180283.1|ENSMUSG00000012296|Tjap1	143.6	46258162	chr17:46257850-46258415	0.41	0.67	0.37	0.40	0.80	0.31	0.25	0.37	0.47	0.42	0.64	0.33
ENSMUST00000171584.1|ENSMUSG00000032842|Abcc10	7.2	46323182	chr17:46303229-46323614	0.07	0.01	0.06	0.08	NA	NA	NA	0.08	0.06	0.10	NA	NA
ENSMUST00000046497.7|ENSMUSG00000040658|Dnph1	52.3	46499368	chr17:46499052-46499624	0.42	0.35	0.38	0.13	0.50	0.40	0.91	0.33	NA	0.44	0.11	0.43
ENSMUST00000015749.6|ENSMUSG00000015605|Srf	170.8	46548611	chr17:46548328-46549085	0.49	0.57	0.72	0.68	1.00	0.44	0.61	0.56	0.58	0.92	0.56	0.64
ENSMUST00000044442.9|ENSMUSG00000023972|Ptk7	346.6	46564844	chr17:46564470-46565337	0.59	0.48	0.42	0.40	0.93	0.38	0.53	0.30	0.42	0.46	NA	NA
ENSMUST00000233974.1|ENSMUSG00000003546|Klc4	404.9	46630870	chr17:46630623-46631025	0.41	0.29	0.48	0.27	0.45	0.37	0.46	0.42	0.36	0.32	0.60	0.44
ENSMUST00000113429.7|ENSMUSG00000002767|Mrpl2	2216.5	46650078	chr17:46649927-46650131	0.33	0.30	0.28	0.30	0.30	0.34	0.24	0.29	0.19	0.19	0.20	0.33
ENSMUST00000071841.6|ENSMUSG00000063576|Klhdc3	6678.9	46674796	chr17:46674549-46675088	0.43	0.40	0.35	0.38	0.75	0.49	0.43	0.38	0.49	0.40	0.52	0.53
ENSMUST00000002845.7|ENSMUSG00000002768|Mea1	16337.2	46683018	chr17:46682867-46683111	0.26	0.28	0.25	0.27	0.45	0.37	0.22	0.29	0.27	0.20	0.37	0.34
ENSMUST00000002839.8|ENSMUSG00000059409|Ppp2r5d	754.9	46683439	chr17:46682990-46683991	0.78	0.70	0.67	0.67	1.00	0.84	0.94	0.76	0.79	0.66	0.94	0.91
ENSMUST00000002840.8|ENSMUSG00000002763|Pex6	1410.9	46725472	chr17:46725321-46725541	0.32	0.28	0.30	0.22	0.14	0.23	0.20	0.18	0.30	0.23	0.32	0.30
ENSMUST00000129200.1|ENSMUSG00000023973|Cnpy3	83380.9	46737681	chr17:46735755-46737832	0.86	0.95	0.91	1.00	0.87	0.81	1.00	1.00	0.92	0.99	0.86	0.87
ENSMUST00000071430.6|ENSMUSG00000062619|2310039H08Rik	806.6	46773305	chr17:46773154-46773396	0.25	0.29	0.19	0.22	0.42	0.33	0.20	0.34	0.14	0.22	0.28	0.19
ENSMUST00000078286.5|ENSMUSG00000063888|Rpl7l1	40081.2	46777914	chr17:46773906-46778065	1.00	1.00	1.00	1.00	1.00	1.00	1.00	1.00	1.00	1.00	1.00	1.00
ENSMUST00000040624.6|ENSMUSG00000036568|Bicral	62.1	46800899	chr17:46798119-46801050	NA	NA	0.74	1.00	NA	NA	1.00	1.00	NA	1.00	NA	1.00
ENSMUST00000119945.7|ENSMUSG00000034729|Mrps10	1459.6	47378469	chr17:47378282-47378681	0.31	0.35	0.34	0.34	0.77	0.45	0.30	0.27	0.27	0.27	0.51	0.47
ENSMUST00000037333.16|ENSMUSG00000034165|Ccnd3	4846.8	47599334	chr17:47598773-47599691	0.59	0.56	0.51	0.50	0.80	0.58	0.46	0.47	0.56	0.54	0.59	0.58
ENSMUST00000024783.8|ENSMUSG00000023988|Bysl	445.8	47601321	chr17:47599330-47601555	0.19	0.17	0.29	0.27	0.18	0.17	0.29	0.19	0.17	0.18	0.18	0.16
ENSMUST00000024778.2|ENSMUSG00000092558|Med20	484.7	47623968	chr17:47623097-47624418	0.46	0.34	0.47	0.29	0.95	0.41	0.39	0.36	0.46	0.42	0.72	0.70
ENSMUST00000132397.1|ENSMUSG00000023984|Gm20517	7.1	47673415	chr17:47672076-47683861	0.07	NA	0.03	NA	NA	NA	NA	NA	NA	NA	0.05	0.06
ENSMUST00000113302.9|ENSMUSG00000033475|Tomm6	241710.9	47686868	chr17:47686645-47687194	0.29	0.36	0.46	0.41	0.23	0.28	0.38	0.38	0.33	0.32	0.32	0.31
ENSMUST00000113296.7|ENSMUSG00000023266|Frs3	251.1	47704051	chr17:47703859-47704286	0.29	0.38	0.37	0.26	0.75	0.31	0.40	0.36	0.50	0.20	0.38	0.35
ENSMUST00000086932.9|ENSMUSG00000023990|Tfeb	481.7	47792108	chr17:47791811-47792419	0.43	0.52	0.29	0.40	0.87	0.70	0.52	0.41	0.50	0.51	0.77	0.82
ENSMUST00000113265.7|ENSMUSG00000023991|Foxp4	100.6	47867982	chr17:47867132-47868658	NA	NA	0.14	0.22	NA	NA	0.33	0.25	0.17	0.18	0.33	0.22
ENSMUST00000048782.6|ENSMUSG00000042265|Trem1	47.9	48244796	chr17:48244645-48246924	NA	NA	0.64	0.25	1.00	1.00	NA	NA	0.75	NA	NA	NA
ENSMUST00000024791.14|ENSMUSG00000023992|Trem2	55799.7	48352172	chr17:48352021-48352273	0.22	0.19	0.19	0.22	0.45	0.25	0.21	0.18	0.21	0.21	0.25	0.22
ENSMUST00000078800.12|ENSMUSG00000023994|Nfya	4.1	48389091	chr17:48386884-48389291	NA	NA	NA	0.28	NA	0.12	0.04	0.17	NA	NA	NA	NA
ENSMUST00000046651.6|ENSMUSG00000040771|Oard1	925.6	48417023	chr17:48416783-48417266	0.45	0.40	0.32	0.30	1.00	0.44	0.34	0.34	0.42	0.32	0.54	0.47
ENSMUST00000174647.1|ENSMUSG00000064120|Mocs1	208.4	49435278	chr17:49435127-49454790	0.08	0.08	0.07	0.06	0.05	0.05	0.10	0.08	0.05	0.05	NA	0.06
ENSMUST00000044503.13|ENSMUSG00000039316|Rftn1	1921.2	49993532	chr17:49992256-49994157	0.12	0.11	0.11	0.05	0.14	0.12	0.07	0.07	0.08	0.06	0.16	0.05
ENSMUST00000043938.7|ENSMUSG00000038910|Plcl2	30.6	50688039	chr17:50687888-50688484	NA	NA	0.43	0.51	1.00	0.87	NA	0.27	0.45	0.49	0.55	0.73
ENSMUST00000024717.9|ENSMUSG00000023923|Tbc1d5	42.8	50734123	chr17:50733123-50735947	NA	0.52	0.60	0.44	NA	0.78	NA	0.57	0.36	0.71	0.62	0.77
ENSMUST00000144331.7|ENSMUSG00000023927|Satb1	116.7	51739571	chr17:51736186-51739900	0.16	0.14	0.16	0.15	0.23	0.40	0.07	0.25	0.09	0.09	0.17	0.23
ENSMUST00000017975.6|ENSMUSG00000017831|Rab5a	3525.9	53507104	chr17:53506426-53507680	0.78	0.82	0.68	0.81	1.00	0.95	0.78	0.76	0.80	0.75	0.88	0.83
ENSMUST00000054780.9|ENSMUSG00000003198|Zfp959	14.7	55898732	chr17:55898581-55898928	0.83	NA	NA	NA	0.45	0.42	0.05	0.18	NA	NA	0.33	NA
ENSMUST00000003274.7|ENSMUSG00000003206|Ebi3	14.1	55956925	chr17:55956774-55957022	NA	NA	NA	NA	0.35	NA	NA	NA	0.11	0.38	0.68	NA
ENSMUST00000233661.1|ENSMUSG00000003208|Yju2	106.5	55967782	chr17:55967587-55968281	0.40	0.22	0.30	0.40	0.38	0.35	0.23	0.40	0.35	0.41	0.94	0.43
ENSMUST00000043785.7|ENSMUSG00000038781|Stap2	1182.2	55997148	chr17:55997076-55997299	0.26	0.07	0.10	0.17	0.35	0.47	0.18	NA	NA	0.10	NA	NA
ENSMUST00000003268.10|ENSMUSG00000003200|Sh3gl1	5744.6	56017054	chr17:56016749-56017542	0.53	0.52	0.46	0.46	0.95	0.60	0.46	0.46	0.59	0.47	0.68	0.71
ENSMUST00000002914.9|ENSMUSG00000002835|Chaf1a	39474.1	56067698	chr17:56067547-56070276	NA	1.00	1.00	1.00	1.00	1.00	1.00	1.00	1.00	1.00	1.00	1.00
ENSMUST00000019722.11|ENSMUSG00000019578|Ubxn6	575.7	56068397	chr17:56067044-56068557	0.08	0.13	0.12	0.11	0.21	0.27	0.09	0.13	0.23	0.13	0.10	0.10
ENSMUST00000041357.8|ENSMUSG00000037095|Lrg1	36718.7	56119793	chr17:56119677-56119944	0.25	0.25	0.31	0.19	0.54	0.29	0.16	0.25	0.33	0.21	0.26	0.27
ENSMUST00000001256.10|ENSMUSG00000001227|Sema6b	275.1	56123823	chr17:56123084-56124003	0.85	0.69	0.91	0.62	1.00	1.00	1.00	0.58	0.50	0.73	0.93	0.69
ENSMUST00000077788.6|ENSMUSG00000044469|Tnfaip8l1	422.3	56172875	chr17:56172269-56173955	0.12	0.16	0.14	0.13	0.17	0.10	0.10	0.16	0.17	0.08	0.25	0.28
ENSMUST00000019723.7|ENSMUSG00000019579|Mydgf	13151.2	56176701	chr17:56175743-56176926	0.19	0.19	0.14	0.12	0.15	0.16	0.13	0.15	0.13	0.13	0.18	0.17
ENSMUST00000038794.5|ENSMUSG00000001229|Dpp9	221.8	56187095	chr17:56186816-56187371	0.66	0.75	0.60	0.61	0.87	0.66	0.74	0.58	0.86	0.50	0.71	0.83
ENSMUST00000060253.4|ENSMUSG00000043683|Fem1a	123.6	56259929	chr17:56258870-56263610	0.06	0.09	0.09	0.12	0.16	0.10	0.14	0.13	0.08	0.09	0.17	0.14
ENSMUST00000058136.8|ENSMUSG00000047123|Ticam1	65.9	56269669	chr17:56269318-56269897	0.18	0.20	0.21	0.14	1.00	0.19	0.28	0.21	0.19	0.16	NA	NA
ENSMUST00000019726.7|ENSMUSG00000024197|Plin3	1834.0	56279191	chr17:56277475-56279734	0.08	0.07	0.06	0.04	0.08	0.06	0.03	0.03	0.05	0.05	0.08	0.09
ENSMUST00000001258.14|ENSMUSG00000001228|Uhrf1	121.4	56323109	chr17:56322499-56323486	0.66	0.68	1.00	0.57	1.00	0.62	NA	0.86	0.72	0.55	NA	NA
ENSMUST00000141507.1|ENSMUSG00000024201|Kdm4b	207.6	56402492	chr17:56401725-56402870	0.95	0.62	0.59	0.65	1.00	1.00	1.00	0.64	0.72	0.59	1.00	0.73
ENSMUST00000223859.1|ENSMUSG00000013236|Ptprs	1942.1	56413064	chr17:56412425-56413327	0.82	0.69	0.75	0.57	1.00	0.99	0.76	0.83	0.63	0.64	1.00	0.92
ENSMUST00000144255.7|ENSMUSG00000042625|Safb2	740.8	56575354	chr17:56562938-56577900	0.27	0.24	0.23	0.26	0.43	0.25	0.22	0.28	0.23	0.29	0.23	0.22
ENSMUST00000182951.7|ENSMUSG00000071054|Safb	1688.0	56600971	chr17:56600403-56601240	0.87	0.83	0.82	0.75	0.94	0.65	0.78	0.91	0.80	0.81	0.74	0.81
ENSMUST00000052832.5|ENSMUSG00000049760|Micos13	5068.7	56607595	chr17:56607451-56607746	0.20	0.08	0.19	0.15	0.36	0.17	0.19	0.15	0.15	0.14	0.09	0.07
ENSMUST00000002445.9|ENSMUSG00000002372|Ranbp3	890.8	56711430	chr17:56710896-56711764	0.61	0.58	0.61	0.63	0.85	0.82	0.62	0.57	0.65	0.54	0.76	0.60
ENSMUST00000067931.6|ENSMUSG00000054723|Vmac	471.2	56715335	chr17:56713935-56715486	1.00	1.00	1.00	1.00	NA	1.00	1.00	1.00	1.00	1.00	1.00	1.00
ENSMUST00000233832.1|ENSMUSG00000002379|Ndufa11	43818.5	56721541	chr17:56721390-56722141	0.17	0.04	0.07	0.09	0.09	0.05	0.09	0.07	0.07	0.04	0.04	0.07
ENSMUST00000086801.6|ENSMUSG00000024206|Rfx2	10.4	56776671	chr17:56775896-56776964	NA	NA	1.00	0.51	NA	NA	1.00	0.59	NA	1.00	NA	NA
ENSMUST00000025053.9|ENSMUSG00000024212|Mllt1	1249.6	56894313	chr17:56892610-56894464	0.95	1.00	0.99	0.91	1.00	0.89	1.00	1.00	1.00	0.94	1.00	1.00
ENSMUST00000007814.9|ENSMUSG00000007670|Khsrp	314.1	57021818	chr17:57021050-57022695	0.94	0.74	0.93	0.72	1.00	1.00	1.00	0.80	0.67	0.68	1.00	1.00
ENSMUST00000171128.1|ENSMUSG00000046329|Slc25a23	24771.7	57052681	chr17:57047194-57053928	0.02	0.00	0.00	0.00	0.06	0.00	0.00	0.00	0.00	0.00	0.00	0.00
ENSMUST00000071135.5|ENSMUSG00000062591|Tubb4a	2053.0	57080342	chr17:57080065-57080692	0.50	0.45	0.42	0.33	0.67	0.53	0.35	0.31	0.32	0.42	0.61	0.54
ENSMUST00000039490.8|ENSMUSG00000035678|Tnfsf9	537.5	57107652	chr17:57107501-57107757	0.22	0.12	0.13	0.00	0.29	0.18	NA	NA	0.32	0.00	NA	NA
ENSMUST00000233568.1|ENSMUSG00000005823|Gpr108	2874.0	57235109	chr17:57234634-57235296	0.12	0.10	0.12	0.10	0.21	0.16	0.12	0.11	0.11	0.10	0.23	0.32
ENSMUST00000225664.1|ENSMUSG00000019487|Trip10	363.5	57251011	chr17:57250802-57253402	0.00	0.00	0.00	0.00	0.01	0.00	0.01	0.00	0.00	0.00	0.00	0.00
ENSMUST00000005889.15|ENSMUSG00000034116|Vav1	304.8	57327852	chr17:57327701-57328031	NA	NA	0.25	0.24	0.32	0.27	0.30	0.19	0.29	0.20	NA	NA
ENSMUST00000086763.12|ENSMUSG00000004730|Adgre1	676.3	57483353	chr17:57483117-57483527	0.68	0.20	0.39	0.53	0.64	0.49	0.45	0.41	0.41	0.38	0.61	0.53
ENSMUST00000025064.13|ENSMUSG00000024227|Pdzph1	104.3	58878929	chr17:58878807-58879080	0.07	0.40	NA	NA	0.51	0.24	0.28	0.34	NA	NA	0.29	0.31
ENSMUST00000025065.11|ENSMUSG00000024228|Nudt12	33.3	59000660	chr17:58999617-59002183	0.39	NA	0.33	0.27	NA	NA	NA	0.37	NA	NA	NA	0.62
ENSMUST00000024761.12|ENSMUSG00000023965|Fbxl17	385.5	63059667	chr17:63057451-63060273	0.08	0.09	0.06	0.06	0.07	0.06	0.02	0.07	0.06	0.05	0.06	0.10
ENSMUST00000172818.7|ENSMUSG00000024083|Pja2	588.9	64283071	chr17:64281004-64283415	0.33	0.38	0.42	0.46	0.69	0.37	0.38	0.45	0.36	0.42	0.42	0.45
ENSMUST00000086723.9|ENSMUSG00000024085|Man2a1	227.0	64752720	chr17:64752569-64755110	1.00	0.71	0.63	NA	1.00	1.00	1.00	0.85	0.72	NA	NA	0.42
ENSMUST00000024897.9|ENSMUSG00000024091|Vapa	18028.1	65580230	chr17:65578326-65580691	0.02	0.02	0.02	0.02	0.04	0.02	0.02	0.02	0.02	0.02	0.03	0.03
ENSMUST00000070673.8|ENSMUSG00000056515|Rab31	3442.1	65654257	chr17:65651728-65654408	0.85	0.93	1.00	1.00	1.00	0.99	1.00	1.00	1.00	0.95	1.00	1.00
ENSMUST00000162109.7|ENSMUSG00000061950|Ppp4r1	1355.9	65829607	chr17:65829456-65841921	0.19	0.15	0.18	0.16	0.18	0.19	0.21	0.16	0.20	0.16	0.12	0.16
ENSMUST00000024905.10|ENSMUSG00000024096|Ralbp1	407.4	65849801	chr17:65848417-65849952	0.78	1.00	1.00	1.00	0.97	1.00	1.00	1.00	0.96	1.00	1.00	1.00
ENSMUST00000233580.1|ENSMUSG00000024098|Twsg1	5475.3	65924080	chr17:65921971-65926287	0.32	0.36	0.29	0.26	0.50	0.32	0.61	0.29	0.27	0.31	0.46	0.30
ENSMUST00000143987.8|ENSMUSG00000024099|Ndufv2	550.7	66079345	chr17:66078637-66079496	0.11	0.16	0.09	0.16	0.00	0.12	0.05	0.07	0.11	0.11	0.11	0.12
ENSMUST00000072383.13|ENSMUSG00000024101|Washc1	18.4	66119316	chr17:66119133-66120503	0.39	0.23	0.45	0.23	0.38	0.17	0.26	0.41	0.13	0.36	0.52	NA
ENSMUST00000167962.1|ENSMUSG00000023460|Rab12	1008.1	66495059	chr17:66494511-66495692	0.87	0.76	0.69	0.69	1.00	0.85	0.80	0.77	0.59	0.73	0.82	1.00
ENSMUST00000035471.8|ENSMUSG00000032796|Lama1	307.8	67822597	chr17:67822446-67822647	NA	NA	0.25	0.19	0.27	0.00	0.30	0.32	0.00	0.20	NA	NA
ENSMUST00000024840.11|ENSMUSG00000024043|Arhgap28	31.4	67844528	chr17:67842712-67845737	NA	NA	0.55	0.52	0.71	0.56	NA	0.57	0.43	0.50	NA	NA
ENSMUST00000225740.1|ENSMUSG00000024044|Epb41l3	1634.3	69248795	chr17:69248644-69289989	0.06	0.08	0.06	0.07	0.06	0.07	0.13	0.06	0.06	0.06	0.06	0.07
ENSMUST00000112676.3|ENSMUSG00000049672|Zbtb14	191.4	69390067	chr17:69388655-69391199	0.14	0.22	0.19	0.23	0.49	0.44	0.19	0.22	0.34	0.26	0.22	0.37
ENSMUST00000133983.7|ENSMUSG00000003279|Dlgap1	1310.8	70819626	chr17:70818231-70821413	0.20	0.20	0.17	0.16	0.25	0.41	0.23	0.19	0.21	0.23	0.32	0.21
ENSMUST00000186358.5|ENSMUSG00000047407|Tgif1	1070.3	70844676	chr17:70844210-70845231	0.69	0.64	0.59	0.40	0.99	0.76	0.63	0.59	0.57	0.54	NA	0.87
ENSMUST00000038446.9|ENSMUSG00000034868|Myl12b	98047.7	70974157	chr17:70973132-70974326	0.05	0.05	0.04	0.04	0.09	0.05	0.03	0.04	0.04	0.04	0.07	0.06
ENSMUST00000233357.1|ENSMUSG00000117098|Gm49909	196888.9	70974175	chr17:70974118-70974326	0.51	0.53	0.48	0.46	0.90	0.59	0.47	0.49	0.47	0.48	0.61	0.59
ENSMUST00000148960.7|ENSMUSG00000024048|Myl12a	268736.7	70994443	chr17:70993655-70994614	0.06	0.05	0.05	0.04	0.10	0.07	0.04	0.05	0.05	0.05	0.08	0.06
ENSMUST00000233057.1|ENSMUSG00000024053|Emilin2	49.9	71252435	chr17:71252171-71252758	0.39	0.60	0.24	0.33	0.86	0.43	0.35	0.39	0.44	0.43	NA	NA
ENSMUST00000127430.1|ENSMUSG00000024054|Smchd1	40.4	71345043	chr17:71344488-71345340	0.98	0.82	0.41	0.88	1.00	1.00	0.65	0.59	1.00	1.00	NA	NA
ENSMUST00000167641.7|ENSMUSG00000052525|Spdya	90.9	71588984	chr17:71588671-71589533	0.04	0.05	NA	0.05	0.08	0.01	0.00	0.12	0.00	NA	0.03	0.01
ENSMUST00000234560.1|ENSMUSG00000041057|Wdr43	481.1	71648945	chr17:71648794-71657789	0.11	0.09	0.09	0.11	0.09	0.08	0.08	0.09	0.07	0.09	0.09	0.06
ENSMUST00000045174.6|ENSMUSG00000039770|Ypel5	5601.4	72849359	chr17:72848801-72851195	0.22	0.27	0.21	0.21	0.20	0.21	0.18	0.18	0.19	0.17	0.31	0.39
ENSMUST00000067545.7|ENSMUSG00000054469|Lclat1	48.3	73241277	chr17:73240217-73243368	0.69	0.94	0.82	NA	1.00	0.61	NA	NA	0.99	0.75	NA	1.00
ENSMUST00000024860.8|ENSMUSG00000024065|Ehd3	298.6	73830785	chr17:73830442-73832094	0.90	0.89	0.90	0.95	0.92	0.91	0.86	0.86	0.99	0.91	1.00	0.93
ENSMUST00000233176.1|ENSMUSG00000058704|Memo1	200.8	74241834	chr17:74200717-74241985	0.02	0.02	0.01	0.01	0.01	0.01	0.02	0.02	0.01	0.02	0.01	0.02
ENSMUST00000233187.1|ENSMUSG00000024067|Dpy30	2581.7	74299616	chr17:74299483-74299767	0.37	0.28	0.26	0.34	0.31	0.35	0.30	0.32	0.26	0.39	0.31	0.41
ENSMUST00000225549.1|ENSMUSG00000024068|Spast	328.4	74369285	chr17:74369125-74375644	0.14	0.11	0.13	0.14	0.15	0.15	0.13	0.13	0.12	0.11	0.12	0.13
ENSMUST00000234515.1|ENSMUSG00000024069|Slc30a6	569.1	74410481	chr17:74410330-74423667	0.06	0.05	0.07	0.07	0.07	0.07	0.08	0.07	0.07	0.06	0.03	0.08
ENSMUST00000001927.11|ENSMUSG00000001870|Ltbp1	278.1	75391079	chr17:75390550-75391767	0.23	0.35	0.33	0.29	0.47	0.30	0.50	0.19	0.31	0.33	0.57	0.34
ENSMUST00000164192.8|ENSMUSG00000071042|Rasgrp3	102.8	75527779	chr17:75526848-75529054	0.35	0.20	0.20	0.24	0.33	0.38	0.18	0.23	0.22	0.18	0.36	0.13
ENSMUST00000234785.1|ENSMUSG00000002017|Fam98a	266.6	75538759	chr17:75537094-75538910	1.00	1.00	1.00	1.00	1.00	1.00	1.00	1.00	1.00	1.00	1.00	1.00
ENSMUST00000234059.1|ENSMUSG00000024074|Crim1	181.9	78315746	chr17:78313277-78344506	0.10	0.08	0.08	0.08	NA	0.06	0.09	0.08	NA	0.08	0.09	0.09
ENSMUST00000145910.8|ENSMUSG00000024077|Strn	31.3	78652801	chr17:78649912-78655492	NA	0.19	0.25	0.22	NA	0.50	NA	0.15	0.25	0.29	0.39	0.42
ENSMUST00000170759.2|ENSMUSG00000050668|Gpatch11	32.3	78845347	chr17:78845196-78848308	0.27	0.47	0.59	0.78	0.02	0.17	0.34	0.36	0.30	0.34	0.39	0.60
ENSMUST00000024884.4|ENSMUSG00000024079|Eif2ak2	55.5	78853303	chr17:78852563-78855141	0.65	0.29	0.22	0.31	0.45	0.38	NA	0.57	0.21	0.44	NA	NA
ENSMUST00000180077.6|ENSMUSG00000062691|Cebpzos	12112.7	78920183	chr17:78919838-78920306	0.54	0.53	0.41	0.48	1.00	0.57	0.36	0.40	0.48	0.46	0.73	0.85
ENSMUST00000233484.1|ENSMUSG00000024081|Cebpz	193.2	78932109	chr17:78919844-78932321	0.08	0.07	0.07	0.07	0.14	0.11	0.12	0.08	0.06	0.07	0.05	0.10
ENSMUST00000003191.13|ENSMUSG00000024070|Prkd3	82.1	78950795	chr17:78949404-78951859	0.46	0.29	0.53	0.52	0.59	0.74	0.70	0.39	0.36	0.34	0.69	0.56
ENSMUST00000040789.5|ENSMUSG00000024084|Qpct	118.0	79089983	chr17:79089765-79090378	0.17	0.14	0.04	0.24	0.50	0.20	0.00	NA	0.32	0.22	NA	NA
ENSMUST00000068958.8|ENSMUSG00000036533|Cdc42ep3	1968.9	79334250	chr17:79333726-79334727	0.29	0.38	0.28	0.52	0.43	0.40	0.27	0.29	0.25	0.46	0.25	0.22
ENSMUST00000225357.1|ENSMUSG00000036368|Rmdn2	26.1	79681852	chr17:79681683-79682249	0.49	NA	0.32	0.40	0.47	0.31	0.34	0.27	0.46	0.23	0.25	0.73
ENSMUST00000024894.1|ENSMUSG00000024087|Cyp1b1	23690.5	79709250	chr17:79706952-79710095	0.85	0.79	0.60	0.72	0.99	0.81	0.76	0.70	0.72	0.73	NA	NA
ENSMUST00000222193.1|ENSMUSG00000059811|Atl2	736.2	79864702	chr17:79849318-79865147	0.19	0.20	0.19	0.21	0.15	0.18	0.25	0.20	0.16	0.21	0.20	0.22
ENSMUST00000184297.7|ENSMUSG00000024095|Hnrnpll	1955.5	80044493	chr17:80029836-80044978	0.30	NA	NA	NA	0.25	NA	0.28	0.29	NA	NA	NA	NA
ENSMUST00000039205.10|ENSMUSG00000035473|Galm	202.0	80184709	chr17:80184058-80185101	NA	NA	0.45	0.67	0.76	0.59	0.54	0.61	0.49	0.64	NA	0.59
ENSMUST00000234503.1|ENSMUSG00000024097|Srsf7	22294.9	80204121	chr17:80200829-80205056	0.21	0.16	0.16	0.15	0.17	0.19	0.14	0.17	0.20	0.18	0.17	0.15
ENSMUST00000069486.12|ENSMUSG00000055760|Gemin6	85.3	80228261	chr17:80228110-80228497	0.39	0.35	0.29	0.21	0.39	0.34	0.19	0.29	0.32	0.43	0.16	0.23
ENSMUST00000038166.8|ENSMUSG00000035051|Dhx57	60.3	80238635	chr17:80238308-80238789	0.48	NA	0.43	0.46	0.47	NA	0.63	0.37	0.39	0.25	0.56	0.90
ENSMUST00000068714.6|ENSMUSG00000024241|Sos1	26.4	80397265	chr17:80393750-80398183	0.23	0.24	0.44	0.52	0.06	NA	0.70	0.34	NA	0.51	NA	NA
ENSMUST00000112389.8|ENSMUSG00000024242|Map4k3	164.4	80581699	chr17:80580511-80581850	0.80	1.00	0.68	0.99	1.00	0.88	0.98	0.84	0.98	0.97	1.00	0.91
ENSMUST00000025092.4|ENSMUSG00000024245|Tmem178	165.0	81001422	chr17:81001068-81001816	0.76	0.46	0.55	0.64	0.93	0.73	0.59	0.51	0.17	0.20	0.86	0.78
ENSMUST00000170794.7|ENSMUSG00000024247|Pkdcc	358.5	83224780	chr17:83224274-83225070	NA	NA	0.34	0.49	0.72	0.60	0.55	0.52	0.36	0.53	0.53	NA
ENSMUST00000234460.1|ENSMUSG00000032624|Eml4	90.4	83479303	chr17:83478164-83480361	1.00	0.63	0.67	0.71	1.00	0.93	1.00	0.75	0.74	0.67	1.00	0.66
ENSMUST00000025095.8|ENSMUSG00000024248|Cox7a2l	8757.8	83502194	chr17:83501917-83502605	0.51	0.47	0.44	0.55	0.79	0.52	0.50	0.37	0.50	0.48	0.61	0.61
ENSMUST00000060366.6|ENSMUSG00000045817|Zfp36l2	1155.0	84185604	chr17:84183930-84185755	1.00	1.00	0.92	0.80	1.00	1.00	1.00	1.00	0.76	0.89	1.00	1.00
ENSMUST00000047524.9|ENSMUSG00000024251|Thada	8.6	84191727	chr17:84190075-84191953	NA	0.34	0.18	0.38	NA	0.13	0.85	0.46	0.45	0.24	NA	NA
ENSMUST00000025101.9|ENSMUSG00000024253|Dync2li1	739.7	84655511	chr17:84655360-84655588	0.23	0.19	0.07	0.08	0.35	0.16	0.15	0.21	0.15	0.13	0.36	0.54
ENSMUST00000160011.1|ENSMUSG00000024120|Lrpprc	9.9	84739934	chr17:84731179-84740085	NA	0.00	NA	0.01	NA	NA	NA	0.04	NA	0.00	NA	NA
ENSMUST00000112304.9|ENSMUSG00000061130|Ppm1b	297.7	85015766	chr17:85015444-85017197	0.95	1.00	0.82	1.00	1.00	1.00	1.00	0.79	1.00	1.00	1.00	1.00
ENSMUST00000072406.4|ENSMUSG00000024127|Prepl	196.1	85064495	chr17:85063469-85064646	1.00	1.00	1.00	1.00	1.00	0.95	1.00	1.00	1.00	1.00	1.00	1.00
ENSMUST00000095188.6|ENSMUSG00000071037|Camkmt	48.4	85458333	chr17:85458136-85458588	0.29	0.25	0.36	0.38	1.00	0.22	0.28	0.28	0.28	0.43	0.49	0.39
ENSMUST00000163568.3|ENSMUSG00000024134|Six2	1121.1	85684840	chr17:85684276-85685185	0.38	0.42	0.43	0.34	0.34	0.48	0.46	0.40	0.54	0.42	NA	NA
ENSMUST00000234761.1|ENSMUSG00000024135|Srbd1	26.3	85984932	chr17:85984664-85985196	NA	0.63	0.22	0.73	NA	1.00	0.96	0.41	0.31	0.19	NA	NA
ENSMUST00000097275.8|ENSMUSG00000045038|Prkce	114.0	86655314	chr17:86654684-86657919	0.18	0.14	0.15	0.17	0.18	0.10	0.06	0.08	NA	0.35	0.13	0.17
ENSMUST00000024954.10|ENSMUSG00000024140|Epas1	10559.6	86831250	chr17:86831099-86833410	1.00	1.00	1.00	0.89	1.00	1.00	1.00	1.00	1.00	0.74	1.00	1.00
ENSMUST00000024956.14|ENSMUSG00000024143|Rhoq	303.2	86998713	chr17:86997057-87000069	0.49	0.67	0.61	0.72	1.00	0.46	1.00	0.77	0.73	0.59	0.61	0.63
ENSMUST00000024957.6|ENSMUSG00000024145|Pigf	102.9	86997305	chr17:86997255-86997456	0.56	0.70	0.91	0.92	0.93	0.78	0.68	0.95	0.93	0.79	0.79	0.76
ENSMUST00000024959.9|ENSMUSG00000024146|Cript	4468.2	87035476	chr17:87035039-87035810	0.57	0.50	0.45	0.51	0.86	0.54	0.48	0.44	0.46	0.52	0.67	0.69
ENSMUST00000041369.7|ENSMUSG00000037104|Socs5	472.9	87136403	chr17:87135241-87137839	0.56	0.60	0.92	0.88	0.66	1.00	NA	1.00	0.68	0.67	1.00	1.00
ENSMUST00000024963.10|ENSMUSG00000024150|Mcfd2	6648.3	87254928	chr17:87254442-87255928	0.40	0.41	0.27	0.24	0.76	0.57	0.27	0.32	0.33	0.31	0.62	0.37
ENSMUST00000154255.7|ENSMUSG00000036918|Ttc7	34.9	87307131	chr17:87306980-87380086	NA	NA	NA	0.09	0.04	0.05	NA	0.05	0.09	0.07	NA	NA
ENSMUST00000238271.1|ENSMUSG00000036438|Calm2	12548.0	87442565	chr17:87435625-87442716	0.01	0.00	0.01	0.01	0.00	0.00	0.04	0.03	0.01	0.01	0.00	0.00
ENSMUST00000174703.1|ENSMUSG00000024151|Msh2	66.4	87712793	chr17:87712642-87717678	0.00	0.44	0.00	0.00	0.00	0.00	0.01	0.00	0.00	0.00	0.00	0.01
ENSMUST00000135639.7|ENSMUSG00000005371|Fbxo11	85.5	87997330	chr17:87991417-87997633	0.21	0.21	0.17	0.23	0.24	0.29	0.23	0.24	0.19	0.28	0.32	0.37
ENSMUST00000141052.1|ENSMUSG00000034998|Foxn2	4.3	88476008	chr17:88475857-88487251	0.06	0.01	NA	NA	0.05	NA	NA	0.06	0.06	NA	NA	NA
ENSMUST00000038551.7|ENSMUSG00000034709|Ppp1r21	153.8	88588018	chr17:88587710-88588367	0.44	0.36	0.52	0.44	1.00	0.72	0.51	0.48	0.44	0.37	0.64	0.64
ENSMUST00000086423.5|ENSMUSG00000066878|Gm10184	644.6	89908578	chr17:89908461-89908729	0.29	0.34	NA	0.21	0.35	0.38	0.09	0.45	0.18	0.21	0.34	0.48
ENSMUST00000072671.13|ENSMUSG00000024109|Nrxn1	444.1	90036928	chr17:90033630-90037079	0.50	0.80	NA	1.00	0.31	0.75	0.38	0.99	NA	NA	0.36	0.56
ENSMUST00000234990.1|ENSMUSG00000055660|Mettl4	25.0	94726033	chr17:94722589-94727252	NA	0.39	0.42	0.42	0.22	0.33	NA	0.49	0.31	0.42	0.59	0.51
