ENSMUST00000165309.7|ENSMUSG00000040374|Pex2	920.2	5560663	chr3:5560187-5560832	0.13	0.12	0.11	0.09	0.20	0.10	0.09	0.09	0.10	0.06	0.17	0.13
ENSMUST00000028999.11|ENSMUSG00000027499|Pkia	403.1	7442418	chr3:7442087-7445366	0.75	0.84	0.78	0.69	1.00	0.88	0.93	0.69	0.82	0.91	0.83	0.86
ENSMUST00000051064.8|ENSMUSG00000043542|Zc2hc1a	302.8	7551842	chr3:7551545-7553836	0.48	0.49	0.38	0.42	0.72	0.34	0.17	0.53	0.36	0.51	0.38	0.58
ENSMUST00000029002.8|ENSMUSG00000027500|Stmn2	504.4	8560473	chr3:8560322-8561606	1.00	0.87	1.00	0.86	0.64	0.84	1.00	1.00	0.74	NA	0.85	0.82
ENSMUST00000042412.4|ENSMUSG00000040289|Hey1	393.5	8663658	chr3:8663358-8664498	0.72	0.85	0.59	0.77	0.92	1.00	0.78	0.69	0.60	0.63	0.92	1.00
ENSMUST00000041124.12|ENSMUSG00000040209|Zfp704	119.0	9430569	chr3:9427019-9438789	NA	1.00	NA	0.77	0.97	0.86	NA	NA	NA	NA	0.76	0.42
ENSMUST00000161949.7|ENSMUSG00000027508|Pag1	7.1	9693247	chr3:9687478-9693769	NA	NA	0.24	0.24	NA	NA	NA	0.12	0.28	0.28	NA	NA
ENSMUST00000029046.8|ENSMUSG00000027533|Fabp5	210025.3	10016268	chr3:10016117-10016607	0.08	0.07	0.07	0.07	0.10	0.08	0.08	0.08	0.08	0.08	0.09	0.06
ENSMUST00000029041.5|ENSMUSG00000062515|Fabp4	200.0	10204371	chr3:10204087-10204522	NA	NA	0.05	0.02	0.03	0.11	0.03	0.00	0.03	0.01	NA	NA
ENSMUST00000065938.14|ENSMUSG00000027531|Impa1	879.1	10314204	chr3:10311955-10315188	0.03	0.02	0.02	0.03	0.09	0.03	0.03	0.03	0.02	0.04	0.06	0.04
ENSMUST00000192603.1|ENSMUSG00000103392|Gm38303	3378.5	10322903	chr3:10321711-10324086	0.00	0.00	0.00	0.00	0.02	0.00	0.00	0.00	0.00	0.00	0.00	0.00
ENSMUST00000191826.1|ENSMUSG00000027536|Chmp4c	84.8	10419223	chr3:10419069-10428856	0.07	0.05	0.07	0.05	0.06	0.04	0.06	0.08	0.05	NA	0.05	0.07
ENSMUST00000099223.10|ENSMUSG00000027534|Snx16	39.2	10418978	chr3:10417816-10419129	0.68	0.36	0.30	0.23	0.13	0.48	NA	0.27	0.22	NA	0.52	0.59
ENSMUST00000108372.3|ENSMUSG00000039717|Ralyl	484.1	14181791	chr3:14181052-14182287	0.11	0.16	0.32	0.08	0.27	0.20	0.12	0.08	NA	0.15	0.23	0.21
ENSMUST00000165436.1|ENSMUSG00000027550|Lrrcc1	77.9	14540114	chr3:14539915-14551473	0.06	0.06	0.07	0.07	0.05	0.05	0.07	0.05	0.05	0.05	0.04	0.09
ENSMUST00000029069.12|ENSMUSG00000027552|E2f5	222.8	14606035	chr3:14605714-14606309	0.44	0.63	0.42	0.27	0.84	0.42	0.32	0.45	0.31	0.33	0.58	0.87
ENSMUST00000186870.6|ENSMUSG00000078784|Rbis	83.6	14606682	chr3:14606288-14607164	0.56	NA	0.50	NA	1.00	NA	0.54	0.79	NA	NA	NA	NA
ENSMUST00000029071.8|ENSMUSG00000027555|Car13	378.9	14661923	chr3:14661571-14663002	0.41	0.41	0.30	0.36	0.37	0.49	0.22	0.37	0.33	0.38	NA	0.17
ENSMUST00000029078.8|ENSMUSG00000027562|Car2	25463.1	14900451	chr3:14900087-14900770	0.42	0.39	0.34	0.29	1.00	0.56	0.31	0.37	0.47	0.37	0.58	0.57
ENSMUST00000108345.8|ENSMUSG00000047213|Ythdf3	295.5	16214770	chr3:16213975-16217037	0.38	0.65	0.59	0.69	0.64	0.41	0.88	0.68	0.71	0.60	0.86	0.62
ENSMUST00000026120.7|ENSMUSG00000025128|Bhlhe22	130.2	18056003	chr3:18055852-18057517	NA	1.00	0.56	0.84	0.72	1.00	NA	NA	NA	0.46	1.00	0.93
ENSMUST00000035625.6|ENSMUSG00000039519|Cyp7b1	81.7	18072308	chr3:18071949-18072459	0.13	0.06	0.17	0.12	NA	0.09	0.05	0.09	0.11	0.14	NA	0.09
ENSMUST00000029125.9|ENSMUSG00000027599|Armc1	1304.7	19133637	chr3:19131401-19134034	0.26	0.25	0.18	0.23	0.39	0.18	0.24	0.22	0.14	0.21	0.15	0.24
ENSMUST00000172605.1|ENSMUSG00000003617|Cp	1027775.1	19983521	chr3:19980799-19987396	NA	NA	0.43	0.41	NA	NA	0.49	0.42	NA	NA	NA	NA
ENSMUST00000012580.12|ENSMUSG00000027615|Hps3	42.0	19996422	chr3:19995944-19996904	0.22	0.86	0.17	0.58	0.94	0.25	0.57	0.41	0.50	0.31	NA	0.81
ENSMUST00000145853.7|ENSMUSG00000002428|Hltf	44.6	20106528	chr3:20106370-20118476	0.07	0.05	0.05	0.05	0.09	0.05	0.04	0.08	0.04	0.05	0.03	NA
ENSMUST00000118015.8|ENSMUSG00000019528|Gyg	671.6	20122346	chr3:20122083-20122693	0.43	0.41	0.46	0.34	0.87	0.61	0.45	0.44	0.51	0.40	0.76	0.55
ENSMUST00000193734.5|ENSMUSG00000027630|Tbl1xr1	173.8	22210710	chr3:22210424-22216594	0.47	0.51	0.64	0.53	1.00	0.52	0.79	0.49	0.64	0.57	0.85	0.80
ENSMUST00000046383.11|ENSMUSG00000039304|Tnfsf10	79.2	27335910	chr3:27335664-27339665	NA	0.57	0.86	0.66	0.75	NA	0.91	0.68	0.44	0.76	NA	1.00
ENSMUST00000195008.5|ENSMUSG00000039286|Fndc3b	245.5	27417670	chr3:27416161-27419293	0.63	0.97	0.50	0.71	1.00	0.98	1.00	0.73	0.53	0.62	NA	0.86
ENSMUST00000148827.7|ENSMUSG00000027695|Pld1	129.5	28132944	chr3:28131735-28133362	1.00	0.13	0.79	0.69	1.00	0.17	0.90	0.57	0.64	0.66	0.50	NA
ENSMUST00000060500.8|ENSMUSG00000050192|Eif5a2	69.4	28796709	chr3:28794452-28798846	1.00	1.00	1.00	1.00	1.00	0.57	NA	0.94	0.83	0.66	1.00	1.00
ENSMUST00000193168.1|ENSMUSG00000039221|Rpl22l1	41901.5	28806910	chr3:28806759-28807422	0.34	0.40	0.34	0.38	0.33	0.38	0.43	0.46	0.45	0.38	0.33	0.34
ENSMUST00000172754.7|ENSMUSG00000027684|Mecom	115.3	29986940	chr3:29977343-29987091	0.44	0.41	0.18	0.27	0.45	NA	0.15	NA	NA	NA	NA	0.43
ENSMUST00000195396.5|ENSMUSG00000037730|Mynn	354.5	30607830	chr3:30607080-30619873	0.15	0.15	0.12	0.14	0.14	0.12	0.22	0.16	0.13	0.14	0.13	0.14
ENSMUST00000029256.8|ENSMUSG00000027706|Sec62	1328.7	30819872	chr3:30818963-30821263	0.06	0.12	0.08	0.07	0.08	0.07	0.13	0.08	0.08	0.08	0.12	0.14
ENSMUST00000166278.6|ENSMUSG00000037661|Gpr160	21.3	30896948	chr3:30896788-30897192	0.36	0.34	0.53	NA	0.73	NA	NA	NA	0.34	0.38	0.55	0.38
ENSMUST00000108249.8|ENSMUSG00000037643|Prkci	160.2	31050779	chr3:31050274-31052959	0.92	1.00	0.70	1.00	1.00	1.00	NA	1.00	1.00	1.00	1.00	1.00
ENSMUST00000029194.11|ENSMUSG00000027660|Skil	126.0	31119116	chr3:31118610-31122577	0.52	0.73	0.76	0.69	0.60	0.39	NA	1.00	0.71	0.80	0.71	0.78
ENSMUST00000046174.7|ENSMUSG00000037625|Cldn11	293.6	31163456	chr3:31163305-31164324	NA	NA	0.82	1.00	NA	1.00	1.00	1.00	1.00	1.00	NA	NA
ENSMUST00000029199.10|ENSMUSG00000027663|Zmat3	44.9	32341165	chr3:32334791-32341486	0.17	0.46	0.46	NA	NA	0.35	1.00	NA	NA	0.79	NA	0.87
ENSMUST00000029201.13|ENSMUSG00000027665|Pik3ca	109.8	32464199	chr3:32462828-32468486	0.18	0.11	0.09	0.10	0.32	0.16	0.29	0.10	0.05	0.07	0.19	0.11
ENSMUST00000193789.1|ENSMUSG00000027667|Zfp639	80.5	32520408	chr3:32520257-32520517	0.95	0.62	0.74	0.75	1.00	0.84	0.75	0.67	0.97	0.64	0.95	0.60
ENSMUST00000091257.10|ENSMUSG00000027668|Mfn1	408.4	32577500	chr3:32577138-32579239	0.07	0.07	0.06	0.06	0.11	0.10	0.06	0.09	0.09	0.15	0.07	0.09
ENSMUST00000184130.6|ENSMUSG00000027669|Gnb4	3388.9	32596224	chr3:32585054-32596375	0.17	0.21	0.31	0.25	0.17	0.20	0.21	0.22	0.24	0.23	0.17	0.14
ENSMUST00000193231.5|ENSMUSG00000027671|Actl6a	1577.6	32722826	chr3:32722675-32726773	0.11	0.14	0.12	0.12	0.14	0.11	0.11	0.10	0.11	0.11	0.16	0.15
ENSMUST00000043966.7|ENSMUSG00000037531|Mrpl47	4082.2	32726521	chr3:32725396-32727596	0.18	0.27	0.34	0.36	0.00	0.15	NA	0.05	NA	0.23	0.33	0.32
ENSMUST00000029217.11|ENSMUSG00000027673|Ndufb5	35696.6	32748567	chr3:32744917-32751246	0.00	0.00	0.01	0.02	0.04	0.02	0.01	0.00	0.01	0.00	0.00	0.00
ENSMUST00000108225.9|ENSMUSG00000027674|Pex5l	99.5	32949972	chr3:32949407-32950671	NA	0.47	0.24	0.28	0.64	0.42	0.46	0.16	NA	NA	0.49	0.35
ENSMUST00000099153.9|ENSMUSG00000027677|Ttc14	72.2	33809990	chr3:33806960-33814860	0.13	0.40	0.18	0.24	0.18	0.20	0.15	0.09	NA	0.14	NA	0.28
ENSMUST00000200086.4|ENSMUSG00000027680|Fxr1	832.4	34047059	chr3:34046089-34069371	0.32	NA	NA	NA	0.31	0.35	0.42	NA	NA	NA	NA	NA
ENSMUST00000011029.11|ENSMUSG00000027679|Dnajc19	123.0	34057250	chr3:34056019-34057923	0.36	0.29	0.29	0.25	0.41	0.22	0.63	0.33	0.28	0.49	0.22	0.27
ENSMUST00000099151.5|ENSMUSG00000074637|Sox2	318.2	34652199	chr3:34651372-34652461	0.94	0.50	0.47	0.72	1.00	0.93	0.85	0.68	NA	NA	0.98	0.71
ENSMUST00000198599.1|ENSMUSG00000037400|Atp11b	18.2	35849684	chr3:35849533-35856274	0.04	0.00	0.01	0.02	0.02	NA	NA	0.03	0.01	0.01	NA	NA
ENSMUST00000197489.4|ENSMUSG00000027708|Dcun1d1	52.5	35916188	chr3:35895309-35916339	0.00	0.00	0.00	0.00	0.01	0.00	0.01	0.00	0.00	0.00	0.00	0.00
ENSMUST00000199113.4|ENSMUSG00000027709|Mccc1	479.2	35984937	chr3:35959311-35985088	0.06	0.06	0.07	0.06	0.07	0.07	0.08	0.07	0.06	0.06	0.08	0.07
ENSMUST00000011492.14|ENSMUSG00000027710|Acad9	255.9	36091332	chr3:36090928-36092853	0.09	0.13	0.13	0.15	0.17	0.16	0.30	0.19	0.21	0.13	0.16	0.23
ENSMUST00000197653.4|ENSMUSG00000033883|Zfp267	10.3	36166641	chr3:36166217-36170342	0.10	0.17	0.18	0.23	0.23	0.08	0.27	0.37	0.22	0.19	0.23	0.27
ENSMUST00000029266.13|ENSMUSG00000027712|Anxa5	260709.4	36449155	chr3:36448922-36449346	0.36	0.34	0.30	0.27	1.00	0.44	0.29	0.28	0.33	0.32	0.52	0.44
ENSMUST00000155866.7|ENSMUSG00000027714|Exosc9	2516.4	36561267	chr3:36561116-36563271	0.24	0.18	0.17	0.20	0.14	0.17	0.15	0.19	0.20	0.19	0.15	0.23
ENSMUST00000029271.4|ENSMUSG00000027716|Trpc3	35.6	36620775	chr3:36620481-36621257	0.84	0.26	0.20	NA	NA	0.37	NA	0.06	0.34	0.34	0.73	NA
ENSMUST00000071400.12|ENSMUSG00000045031|Cetn4	65.1	37308809	chr3:37307748-37309094	0.05	0.07	0.24	0.10	0.21	0.05	0.21	0.12	0.10	0.10	0.19	0.17
ENSMUST00000108109.7|ENSMUSG00000037211|Spry1	3640.5	37643841	chr3:37643548-37644598	0.66	0.66	0.69	0.63	0.96	0.84	0.68	0.63	0.71	0.64	0.62	0.73
ENSMUST00000061260.7|ENSMUSG00000046743|Fat4	181.1	39010990	chr3:39010839-39011985	NA	0.87	0.82	0.63	NA	NA	1.00	0.99	1.00	1.00	NA	NA
ENSMUST00000204702.2|ENSMUSG00000025757|Hspa4l	30.7	40790263	chr3:40789386-40796103	0.12	0.13	0.11	0.09	0.22	0.19	0.27	0.17	0.11	0.07	0.15	0.18
ENSMUST00000203895.2|ENSMUSG00000025758|Plk4	49.0	40805920	chr3:40805112-40816751	0.18	NA	0.12	0.16	0.13	0.14	NA	0.13	0.10	0.09	0.07	NA
ENSMUST00000204054.1|ENSMUSG00000025759|Mfsd8	53.9	40835168	chr3:40819507-40835342	0.05	0.05	0.07	0.04	0.07	0.07	NA	0.07	0.08	0.06	0.05	0.04
ENSMUST00000058578.7|ENSMUSG00000049940|Pgrmc2	1346.5	41067704	chr3:41066325-41068629	0.12	0.24	0.16	0.20	0.19	0.19	0.19	0.23	0.17	0.18	0.34	0.31
ENSMUST00000026865.14|ENSMUSG00000025764|Jade1	43.8	41615916	chr3:41614000-41616864	0.33	0.27	0.27	0.29	0.81	0.62	0.39	0.42	0.28	0.31	0.40	0.31
ENSMUST00000146125.7|ENSMUSG00000059834|Sclt1	15.9	41730290	chr3:41626941-41730893	0.07	0.06	NA	NA	NA	0.06	0.14	0.05	NA	NA	NA	NA
ENSMUST00000191794.1|ENSMUSG00000037892|Pcdh18	38.7	49744522	chr3:49743297-49745271	1.00	0.85	0.49	0.70	1.00	0.61	0.50	0.43	0.56	0.50	NA	NA
ENSMUST00000029297.5|ENSMUSG00000027737|Slc7a11	5335.3	50371946	chr3:50364937-50372304	0.29	0.35	0.93	0.92	0.57	0.49	1.00	0.73	0.57	0.91	0.51	NA
ENSMUST00000023849.14|ENSMUSG00000023087|Noct	199.1	51250697	chr3:51250529-51251644	0.86	0.78	0.68	0.66	1.00	0.76	1.00	0.76	1.00	0.64	1.00	0.67
ENSMUST00000038108.11|ENSMUSG00000037152|Ndufc1	22443.5	51407204	chr3:51404676-51407355	0.27	0.27	0.30	0.33	0.26	0.29	0.26	0.32	0.30	0.32	0.26	0.23
ENSMUST00000193266.5|ENSMUSG00000063273|Naa15	49.1	51473896	chr3:51472797-51476507	0.26	0.23	NA	0.26	0.13	0.24	0.55	0.17	0.23	0.12	0.33	0.44
ENSMUST00000054387.7|ENSMUSG00000027739|Rab33b	306.6	51495383	chr3:51493793-51496232	0.84	0.70	0.51	0.59	1.00	1.00	0.88	0.63	0.64	0.58	1.00	0.86
ENSMUST00000118075.6|ENSMUSG00000061143|Maml3	12.7	51688174	chr3:51685906-51689856	NA	0.31	NA	NA	NA	0.16	0.24	0.27	NA	0.11	0.32	0.14
ENSMUST00000053764.6|ENSMUSG00000044167|Foxo1	451.5	52349699	chr3:52346373-52353221	0.04	NA	0.05	0.03	0.10	NA	0.09	0.03	NA	0.02	NA	NA
ENSMUST00000036665.9|ENSMUSG00000027742|Cog6	261.7	52982359	chr3:52981874-52983046	0.30	0.33	0.15	0.11	0.60	0.28	0.28	0.18	0.16	0.20	0.33	0.29
ENSMUST00000059562.13|ENSMUSG00000048332|Lhfp	17602.0	53261227	chr3:53260606-53261679	0.84	0.81	0.68	0.68	1.00	0.97	0.73	0.66	0.73	0.70	1.00	1.00
ENSMUST00000130348.1|ENSMUSG00000042997|Nhlrc3	173.4	53458447	chr3:53448587-53458598	0.35	0.24	0.33	0.48	0.15	0.16	0.14	0.34	0.36	0.29	NA	NA
ENSMUST00000146598.7|ENSMUSG00000027746|Ufm1	2928.3	53856772	chr3:53853375-53857930	0.10	0.10	0.10	0.09	0.07	0.09	0.08	0.11	0.10	0.09	0.15	0.18
ENSMUST00000107985.9|ENSMUSG00000027750|Postn	20162.9	54390730	chr3:54390296-54391037	0.57	0.64	0.43	0.40	1.00	0.61	0.48	0.43	0.49	0.43	NA	NA
ENSMUST00000199674.4|ENSMUSG00000027751|Supt20	594.9	54718391	chr3:54716648-54728766	0.10	0.13	0.11	0.12	0.08	0.14	0.11	0.09	0.12	0.11	NA	0.09
ENSMUST00000178832.1|ENSMUSG00000094487|Gm21958	438.9	54713688	chr3:54713175-54713839	0.00	0.00	0.00	0.03	0.02	0.00	0.00	0.00	0.00	0.00	NA	NA
ENSMUST00000154787.7|ENSMUSG00000027752|Exosc8	1702.1	54730986	chr3:54729852-54731137	0.07	0.00	0.04	0.04	0.04	0.00	0.00	0.06	0.01	0.01	0.00	0.02
ENSMUST00000141191.7|ENSMUSG00000036632|Alg5	7188.7	54746617	chr3:54739277-54751318	0.45	0.48	0.37	0.42	0.52	0.43	0.36	0.42	0.46	0.44	0.42	0.48
ENSMUST00000044373.5|ENSMUSG00000036615|Rfxap	185.4	54804316	chr3:54803114-54804467	0.22	0.39	0.73	0.53	0.30	0.53	0.43	0.49	0.39	0.57	0.45	0.50
ENSMUST00000044116.13|ENSMUSG00000036580|Spg20	117.3	55136831	chr3:55135677-55137322	0.93	0.89	0.60	0.61	1.00	0.96	0.74	0.86	0.71	0.62	1.00	0.95
ENSMUST00000070418.8|ENSMUSG00000027797|Dclk1	376.2	55536443	chr3:55533624-55539064	0.20	0.24	0.12	0.19	0.33	0.26	0.32	0.24	0.18	0.19	0.23	0.22
ENSMUST00000029374.7|ENSMUSG00000027799|Nbea	102.8	55626755	chr3:55625194-55626906	NA	NA	0.88	1.00	NA	1.00	1.00	1.00	NA	NA	1.00	1.00
ENSMUST00000171384.7|ENSMUSG00000027800|Tm4sf1	122216.0	57287552	chr3:57285610-57287758	0.07	0.05	0.05	0.05	0.06	0.04	0.02	0.06	0.05	0.04	0.05	0.06
ENSMUST00000029380.13|ENSMUSG00000027803|Wwtr1	5711.4	57458727	chr3:57455648-57458928	0.43	0.45	0.44	0.47	1.00	0.49	0.24	0.47	0.50	0.48	0.29	0.49
ENSMUST00000041954.9|ENSMUSG00000036513|Commd2	124.7	57650041	chr3:57646358-57650210	0.00	0.00	0.00	0.00	0.00	0.00	0.00	0.00	0.00	0.00	0.00	0.00
ENSMUST00000066882.9|ENSMUSG00000027805|Pfn2	4594.4	57842237	chr3:57841894-57843219	0.74	0.77	0.68	0.66	1.00	1.00	0.74	0.70	0.73	0.67	0.97	0.90
ENSMUST00000029385.8|ENSMUSG00000027808|Serp1	16048.4	58522189	chr3:58519816-58523830	0.03	0.03	0.02	0.02	0.08	0.03	0.02	0.02	0.02	0.02	0.04	0.04
ENSMUST00000154219.7|ENSMUSG00000027810|Eif2a	622.4	58548964	chr3:58541043-58557501	0.17	0.16	0.16	0.12	0.16	0.14	0.27	0.20	0.12	0.16	0.17	0.16
ENSMUST00000107924.1|ENSMUSG00000075700|Selenot	1958.7	58590439	chr3:58590288-58593133	1.00	1.00	1.00	1.00	1.00	1.00	1.00	1.00	1.00	1.00	1.00	1.00
ENSMUST00000070368.7|ENSMUSG00000036432|Siah2	62.2	58675332	chr3:58674937-58675888	0.77	0.61	0.69	0.78	0.37	0.93	0.72	0.54	0.75	0.70	0.55	0.82
ENSMUST00000085040.4|ENSMUSG00000050075|Gpr171	12.0	59097142	chr3:59096447-59097395	NA	NA	0.12	0.17	0.16	NA	0.02	0.17	NA	NA	NA	NA
ENSMUST00000197841.1|ENSMUSG00000036381|P2ry14	775.8	59114817	chr3:59113854-59115023	0.04	0.04	0.06	0.05	0.08	0.05	0.05	0.05	0.05	0.04	0.06	0.08
ENSMUST00000040622.2|ENSMUSG00000036362|P2ry13	113.6	59208374	chr3:59207891-59209344	NA	0.54	0.94	0.90	0.81	0.99	NA	1.00	0.70	0.66	0.81	0.66
ENSMUST00000196583.4|ENSMUSG00000036353|P2ry12	569.1	59216639	chr3:59216271-59217211	0.57	0.55	0.27	0.51	0.49	0.50	NA	NA	0.41	0.37	0.69	0.58
ENSMUST00000039419.11|ENSMUSG00000036334|Igsf10	39.6	59318241	chr3:59316734-59318468	NA	NA	0.21	0.21	NA	0.22	0.20	0.08	0.11	0.12	NA	NA
ENSMUST00000194069.5|ENSMUSG00000027763|Mbnl1	5931.2	60625303	chr3:60625152-60629731	1.00	1.00	1.00	1.00	1.00	1.00	NA	1.00	1.00	1.00	1.00	1.00
ENSMUST00000193201.1|ENSMUSG00000027765|P2ry1	53.0	61004746	chr3:61004560-61008982	NA	0.21	0.33	0.31	0.10	0.19	0.26	0.24	0.29	0.36	0.09	NA
ENSMUST00000049064.3|ENSMUSG00000036894|Rap2b	526.7	61365801	chr3:61365605-61368430	0.08	0.10	0.07	0.09	0.19	0.09	0.05	0.08	0.09	0.12	0.08	0.14
ENSMUST00000079300.12|ENSMUSG00000036885|Arhgef26	94.9	62460494	chr3:62460343-62462221	1.00	1.00	1.00	1.00	NA	1.00	NA	1.00	NA	NA	1.00	1.00
ENSMUST00000029336.5|ENSMUSG00000027770|Dhx36	34.5	62470250	chr3:62468012-62470564	0.16	0.30	0.32	0.27	0.41	0.23	0.21	0.23	0.23	0.30	0.26	0.18
ENSMUST00000194134.5|ENSMUSG00000027820|Mme	1886.0	63383432	chr3:63380329-63386030	NA	NA	0.03	0.05	NA	0.13	0.11	0.04	0.03	0.04	NA	NA
ENSMUST00000061706.6|ENSMUSG00000048581|E130311K13Rik	112.8	63915104	chr3:63914683-63915339	0.76	0.46	0.45	0.41	1.00	0.54	0.40	0.50	0.63	0.35	0.85	0.41
ENSMUST00000161659.7|ENSMUSG00000027822|Slc33a1	28.0	63942538	chr3:63933506-63943251	0.00	0.01	0.00	0.00	0.01	0.01	0.00	0.01	0.00	0.01	0.01	0.01
ENSMUST00000049230.10|ENSMUSG00000027827|Kcnab1	43.6	65376765	chr3:65376565-65378219	NA	0.48	0.90	0.86	1.00	NA	0.59	0.68	NA	0.70	1.00	0.87
ENSMUST00000029414.11|ENSMUSG00000027828|Ssr3	9269.8	65381496	chr3:65379654-65381970	0.91	0.95	0.96	1.00	0.91	0.89	1.00	1.00	1.00	0.98	1.00	1.00
ENSMUST00000047906.9|ENSMUSG00000034640|Tiparp	282.6	65553721	chr3:65553562-65555518	0.58	0.39	0.55	0.49	0.37	0.42	0.98	0.50	0.54	0.37	0.43	0.43
ENSMUST00000099075.3|ENSMUSG00000074579|Lekr1	12.4	65684476	chr3:65684191-65686179	1.00	NA	0.54	0.36	0.05	NA	0.45	0.40	0.61	0.83	NA	NA
ENSMUST00000129002.7|ENSMUSG00000027829|Ccnl1	5351.4	65955097	chr3:65946150-65955248	0.39	0.57	0.40	0.47	0.65	0.65	0.36	0.60	0.49	0.48	0.40	NA
ENSMUST00000029421.5|ENSMUSG00000027832|Ptx3	90.9	66225499	chr3:66225202-66225805	0.38	0.32	0.28	0.40	0.62	0.63	0.47	0.30	NA	NA	NA	NA
ENSMUST00000161726.1|ENSMUSG00000034544|Rsrc1	90.3	67356754	chr3:67356310-67358396	0.56	0.94	1.00	0.71	0.27	0.64	1.00	1.00	1.00	1.00	1.00	0.92
ENSMUST00000126628.6|ENSMUSG00000048416|Mlf1	69.6	67393008	chr3:67392857-67395299	0.10	NA	0.19	0.12	0.11	0.17	0.18	NA	NA	NA	NA	0.16
ENSMUST00000077271.8|ENSMUSG00000027774|Gfm1	40.6	67474998	chr3:67474847-67476529	0.17	0.34	0.20	0.18	0.08	0.12	1.00	0.24	0.27	0.25	0.30	0.46
ENSMUST00000058981.2|ENSMUSG00000047557|Lxn	7777.0	67458080	chr3:67457997-67458231	0.22	0.19	0.16	0.16	0.34	0.23	0.21	0.23	0.21	0.15	0.37	0.31
ENSMUST00000054825.4|ENSMUSG00000049404|Rarres1	95.7	67479169	chr3:67478971-67479339	NA	NA	0.35	0.51	0.63	0.46	0.45	0.37	0.39	0.33	NA	NA
ENSMUST00000029344.9|ENSMUSG00000027775|Mfsd1	1137.9	67602952	chr3:67602695-67604237	0.67	0.80	0.79	0.87	0.58	0.62	0.78	0.95	0.72	0.79	0.61	0.65
ENSMUST00000182006.3|ENSMUSG00000102422|Iqschfp	1673.2	68626027	chr3:68625855-68626466	0.48	0.48	0.52	0.46	0.94	0.53	0.35	0.46	0.46	0.54	0.52	0.53
ENSMUST00000182532.7|ENSMUSG00000027777|Schip1	1903.5	68626027	chr3:68625855-68626481	0.47	0.47	0.51	0.45	0.92	0.52	0.34	0.45	0.45	0.52	0.51	0.52
ENSMUST00000054551.2|ENSMUSG00000046999|1110032F04Rik	20.8	68871113	chr3:68870448-68872163	0.42	NA	0.73	NA	0.89	0.96	NA	0.47	0.36	0.50	0.70	0.71
ENSMUST00000107812.7|ENSMUSG00000027778|Ift80	57.9	68893614	chr3:68892498-68894073	NA	NA	1.00	0.63	NA	0.50	NA	1.00	0.91	1.00	0.87	0.84
ENSMUST00000107802.7|ENSMUSG00000034317|Trim59	81.1	69036025	chr3:69035287-69036796	NA	NA	0.70	0.92	0.72	0.90	NA	0.65	0.71	1.00	1.00	1.00
ENSMUST00000029353.8|ENSMUSG00000027782|Kpna4	108.2	69072363	chr3:69067148-69074091	0.04	0.04	0.03	0.03	0.05	0.02	0.10	0.03	0.04	0.02	NA	0.02
ENSMUST00000029355.8|ENSMUSG00000027784|Ppm1l	44.2	69555085	chr3:69553171-69560802	0.04	0.14	0.10	0.10	NA	0.14	NA	0.04	0.06	0.11	0.11	0.13
ENSMUST00000061826.2|ENSMUSG00000043300|B3galnt1	549.2	69574540	chr3:69574157-69574933	0.64	0.44	0.41	0.44	0.99	0.76	0.57	0.45	0.56	0.53	0.68	0.53
ENSMUST00000029358.14|ENSMUSG00000027787|Nmd3	7.1	69749050	chr3:69748899-69756373	0.02	0.03	NA	0.04	0.00	0.05	0.01	0.08	0.03	0.04	0.06	0.12
ENSMUST00000029367.5|ENSMUSG00000027792|Bche	12.2	73639042	chr3:73635807-73639919	0.69	NA	NA	0.65	NA	0.41	NA	0.71	0.45	NA	0.28	NA
ENSMUST00000161137.7|ENSMUSG00000027835|Pdcd10	2168.1	75517212	chr3:75516489-75517522	0.17	0.19	0.13	0.16	0.15	0.18	0.12	0.10	0.12	0.14	0.16	0.12
ENSMUST00000029423.8|ENSMUSG00000027834|Serpini1	72.7	75642244	chr3:75640748-75643495	0.06	0.02	NA	0.00	0.02	0.00	0.15	0.02	NA	0.00	0.06	0.05
ENSMUST00000038563.13|ENSMUSG00000034109|Golim4	374.3	75876677	chr3:75875083-75878033	0.06	0.08	0.07	0.10	0.28	0.09	0.08	0.06	0.07	0.06	0.19	0.11
ENSMUST00000118100.7|ENSMUSG00000062232|Rapgef2	137.7	79064383	chr3:79062515-79064538	1.00	0.88	0.63	0.56	0.94	NA	1.00	1.00	0.96	1.00	0.82	0.89
ENSMUST00000133154.6|ENSMUSG00000061175|Fnip2	173.8	79459514	chr3:79455973-79459665	1.00	1.00	1.00	0.78	1.00	1.00	NA	1.00	1.00	1.00	NA	NA
ENSMUST00000029386.13|ENSMUSG00000027809|Etfdh	624.9	79603853	chr3:79603787-79604004	0.17	0.19	0.16	0.08	0.24	0.28	0.16	0.13	0.25	0.05	0.24	0.22
ENSMUST00000029388.9|ENSMUSG00000027811|4930579G24Rik	44.3	79631606	chr3:79631281-79632820	0.50	0.58	1.00	0.60	1.00	0.64	0.34	0.88	0.86	0.65	0.45	0.66
ENSMUST00000029568.6|ENSMUSG00000027956|Tmem144	54.0	79813850	chr3:79812563-79814065	0.67	0.71	0.50	0.64	1.00	1.00	0.71	0.54	0.53	0.66	0.55	0.89
ENSMUST00000118853.7|ENSMUSG00000027955|Gask1b	87.1	79943175	chr3:79941499-79946280	0.08	0.05	0.09	0.09	0.20	0.12	0.03	0.05	0.09	0.08	NA	0.04
ENSMUST00000029649.2|ENSMUSG00000028015|Ctso	3011.2	81955338	chr3:81954257-81956725	0.06	0.07	0.05	0.05	0.16	0.07	0.05	0.05	0.07	0.06	0.09	0.11
ENSMUST00000029635.13|ENSMUSG00000028005|Gucy1b1	30.5	82032460	chr3:82032005-82033257	0.58	NA	0.88	0.17	0.57	NA	0.50	0.27	0.34	0.53	0.73	0.89
ENSMUST00000193924.5|ENSMUSG00000033910|Gucy1a1	199.9	82094228	chr3:82092426-82094697	0.54	NA	0.66	0.84	1.00	NA	1.00	0.81	1.00	0.85	1.00	0.71
ENSMUST00000029628.10|ENSMUSG00000027998|Plrg1	3416.6	83070774	chr3:83070623-83072289	0.18	0.16	0.15	0.16	0.21	0.20	0.14	0.17	0.15	0.17	0.21	0.21
ENSMUST00000107692.7|ENSMUSG00000027993|Trim2	248.7	84163988	chr3:84160438-84165099	0.29	0.10	0.12	0.17	0.34	0.16	0.12	0.13	0.09	0.09	0.13	0.13
ENSMUST00000107689.6|ENSMUSG00000041842|Fhdc1	5.9	84444171	chr3:84442197-84444469	NA	NA	NA	0.22	NA	0.19	0.57	0.13	0.14	NA	NA	NA
ENSMUST00000098990.9|ENSMUSG00000074513|Arfip1	552.6	84496665	chr3:84496092-84497738	1.00	1.00	0.92	0.95	0.61	0.76	1.00	0.95	0.89	0.85	1.00	1.00
ENSMUST00000154148.7|ENSMUSG00000102805|Gm37240	501.8	84497587	chr3:84496425-84497738	1.00	0.95	0.95	0.86	1.00	1.00	0.93	0.94	0.92	0.93	1.00	1.00
ENSMUST00000107682.1|ENSMUSG00000056498|Tmem154	53.4	84702883	chr3:84701936-84704575	0.36	0.31	0.42	0.55	0.52	0.51	0.49	0.59	0.50	0.50	NA	NA
ENSMUST00000107679.7|ENSMUSG00000028086|Fbxw7	157.1	84977689	chr3:84977538-84979198	1.00	1.00	1.00	NA	1.00	NA	1.00	NA	NA	NA	1.00	1.00
ENSMUST00000127348.7|ENSMUSG00000028085|Gatb	42.1	85654030	chr3:85653849-85655622	0.02	0.08	0.04	0.12	0.04	0.05	0.03	0.06	0.04	0.03	0.04	0.05
ENSMUST00000238443.1|ENSMUSG00000028082|Sh3d19	59.5	86128285	chr3:86126708-86130526	0.19	0.17	0.13	0.08	0.19	0.17	0.10	0.06	0.09	0.08	NA	NA
ENSMUST00000063869.10|ENSMUSG00000028076|Cd1d1	41.5	86996197	chr3:86995833-86996582	0.45	0.39	0.56	0.41	0.63	0.36	0.42	0.34	1.00	0.28	NA	NA
ENSMUST00000159976.7|ENSMUSG00000041734|Kirrel	131.8	87082932	chr3:87078592-87083146	NA	0.29	1.00	1.00	NA	NA	1.00	1.00	0.96	1.00	NA	NA
ENSMUST00000090986.10|ENSMUSG00000015852|Fcrls	40814.5	87251142	chr3:87250757-87251379	0.10	0.17	0.13	0.11	0.23	0.17	0.18	0.10	0.14	0.13	0.15	0.14
ENSMUST00000015998.7|ENSMUSG00000015854|Cd5l	1348.4	87370712	chr3:87370214-87371073	NA	NA	0.52	0.47	1.00	0.69	0.55	0.60	0.63	0.59	NA	NA
ENSMUST00000119109.7|ENSMUSG00000003382|Etv3	37.6	87536986	chr3:87536649-87540156	0.75	1.00	NA	1.00	NA	NA	NA	1.00	1.00	0.68	NA	1.00
ENSMUST00000152006.1|ENSMUSG00000041977|Arhgef11	123.4	87726151	chr3:87725534-87738034	0.56	0.55	0.31	0.51	NA	NA	1.00	0.49	0.39	0.48	0.46	0.40
ENSMUST00000174267.7|ENSMUSG00000028073|Pear1	60684.3	87751109	chr3:87747889-87759162	0.59	0.41	0.45	0.44	0.61	0.45	0.81	0.43	0.44	0.43	NA	0.45
ENSMUST00000005015.9|ENSMUSG00000004895|Prcc	24.5	87859108	chr3:87858902-87859262	0.48	0.38	0.58	0.21	0.62	0.35	0.61	0.39	0.25	0.43	0.40	0.44
ENSMUST00000005017.14|ENSMUSG00000004897|Hdgf	29533.8	87915464	chr3:87914905-87916132	0.33	0.28	0.18	0.19	0.71	0.30	0.26	0.25	0.20	0.21	0.42	0.38
ENSMUST00000019854.12|ENSMUSG00000019710|Mrpl24	140.7	87923494	chr3:87923343-87923672	0.09	0.37	NA	0.05	0.50	0.12	0.40	0.50	NA	0.00	0.00	NA
ENSMUST00000055984.6|ENSMUSG00000048039|Isg20l2	113.8	87939499	chr3:87939348-87940686	1.00	0.97	1.00	0.76	1.00	1.00	1.00	1.00	1.00	0.95	NA	0.66
ENSMUST00000005019.5|ENSMUSG00000004885|Crabp2	3673.8	87953185	chr3:87953034-87953376	0.31	0.29	0.30	0.28	0.37	0.37	0.31	0.31	0.35	0.24	0.35	0.12
ENSMUST00000090973.11|ENSMUSG00000004891|Nes	342.6	87980238	chr3:87980027-87980451	0.37	0.35	0.28	0.19	0.79	0.52	0.33	0.37	0.39	0.11	0.64	0.55
ENSMUST00000090971.10|ENSMUSG00000004892|Bcan	2134.4	87987723	chr3:87987530-87987874	0.36	0.33	0.24	0.26	0.57	0.35	0.32	0.27	0.38	0.33	0.52	0.48
ENSMUST00000166021.7|ENSMUSG00000028069|Gpatch4	63.9	88055877	chr3:88055726-88055993	0.16	0.26	0.23	NA	0.18	NA	0.07	0.03	NA	NA	0.40	0.29
ENSMUST00000001455.12|ENSMUSG00000001419|Mef2d	529.9	88169747	chr3:88168640-88172086	0.19	0.19	0.28	0.30	0.28	0.23	0.25	0.33	0.20	0.27	0.37	0.31
ENSMUST00000177005.7|ENSMUSG00000001418|Glmp	4085.1	88328516	chr3:88328365-88331313	0.02	0.03	0.04	0.03	0.03	0.02	0.03	0.04	0.03	0.03	0.03	0.04
ENSMUST00000001456.10|ENSMUSG00000001420|Tmem79	20.0	88329300	chr3:88328654-88329721	0.13	0.77	0.60	0.57	0.29	NA	0.25	0.59	0.79	0.88	NA	NA
ENSMUST00000147991.1|ENSMUSG00000041423|Paqr6	25.4	88368262	chr3:88367960-88368541	1.00	0.35	0.44	0.46	1.00	0.79	0.54	0.52	0.31	0.57	0.78	0.70
ENSMUST00000192909.1|ENSMUSG00000028066|Pmf1	342.2	88399134	chr3:88396067-88399298	0.00	0.00	0.01	0.02	0.00	0.00	0.00	0.01	0.00	0.01	0.00	NA
ENSMUST00000168755.6|ENSMUSG00000050144|Slc25a44	301.3	88411794	chr3:88410497-88412895	1.00	0.82	0.69	0.66	1.00	0.65	0.82	0.73	0.84	0.83	0.73	0.82
ENSMUST00000184487.7|ENSMUSG00000028064|Sema4a	85.0	88451268	chr3:88450034-88451419	0.31	0.22	0.37	0.17	0.86	0.27	NA	NA	NA	0.22	0.27	0.27
ENSMUST00000029699.12|ENSMUSG00000028063|Lmna	3909.2	88481428	chr3:88481147-88482076	0.60	0.54	0.61	0.47	1.00	0.48	0.63	0.55	0.66	0.60	1.00	0.61
ENSMUST00000008748.7|ENSMUSG00000008604|Ubqln4	1552.6	88568381	chr3:88568230-88569725	1.00	1.00	1.00	0.87	1.00	1.00	1.00	1.00	1.00	0.82	1.00	0.94
ENSMUST00000195014.5|ENSMUSG00000041355|Ssr2	53344.7	88588188	chr3:88587988-88588419	0.37	0.37	0.31	0.34	0.59	0.37	0.33	0.32	0.35	0.34	0.36	0.37
ENSMUST00000176500.7|ENSMUSG00000028059|Arhgef2	367.9	88647743	chr3:88646860-88648052	0.48	0.31	0.65	0.51	1.00	0.97	0.67	0.50	0.39	0.30	0.62	0.78
ENSMUST00000198078.1|ENSMUSG00000028060|Khdc4	958.8	88709058	chr3:88708907-88712003	0.71	0.49	0.65	0.53	0.98	0.56	1.00	0.53	0.40	0.37	NA	NA
ENSMUST00000172333.7|ENSMUSG00000028057|Rit1	3819.1	88717728	chr3:88717577-88729548	0.12	0.13	0.13	0.15	0.10	0.13	0.17	0.15	0.17	0.16	0.09	0.12
ENSMUST00000107503.7|ENSMUSG00000068923|Syt11	1328.7	88746736	chr3:88744699-88747702	0.12	0.16	0.13	0.16	0.25	0.17	0.47	0.16	0.18	0.15	0.25	0.19
ENSMUST00000107498.8|ENSMUSG00000054199|Gon4l	642.6	88909910	chr3:88909384-88910103	0.53	0.30	0.29	0.20	0.45	NA	0.33	0.42	0.44	0.17	0.35	0.21
ENSMUST00000090938.10|ENSMUSG00000068921|Dap3	99.4	88923679	chr3:88920802-88923830	0.02	0.05	0.06	0.05	0.02	0.02	0.00	0.04	0.05	0.05	0.03	0.04
ENSMUST00000186583.6|ENSMUSG00000028053|Ash1l	78.3	89078045	chr3:89077079-89079375	1.00	1.00	0.60	0.55	1.00	NA	1.00	0.88	0.43	0.43	0.81	0.90
ENSMUST00000166687.5|ENSMUSG00000041263|Rusc1	318.9	89084230	chr3:89083980-89084484	0.50	0.54	0.42	0.47	1.00	0.57	0.39	0.37	0.64	0.40	0.49	0.56
ENSMUST00000128318.7|ENSMUSG00000068917|Clk2	849.6	89170409	chr3:89170057-89176921	0.20	0.19	0.21	0.18	0.30	0.21	0.31	0.21	0.26	0.17	0.20	0.24
ENSMUST00000029684.14|ENSMUSG00000028049|Scamp3	5642.3	89182593	chr3:89182442-89182765	0.27	0.28	0.27	0.27	0.48	0.34	0.24	0.28	0.30	0.27	0.39	0.40
ENSMUST00000127982.7|ENSMUSG00000032657|Fam189b	1351.1	89184749	chr3:89184453-89189290	NA	0.59	0.53	0.59	NA	0.63	1.00	0.61	0.58	0.77	0.44	0.69
ENSMUST00000197738.4|ENSMUSG00000028048|Gba	26462.9	89207987	chr3:89207786-89208681	0.21	0.18	0.16	0.17	0.27	0.18	0.17	0.17	0.20	0.17	0.22	0.23
ENSMUST00000129055.1|ENSMUSG00000064068|Mtx1	24079.0	89209954	chr3:89209088-89210105	1.00	1.00	1.00	1.00	1.00	NA	1.00	1.00	1.00	1.00	NA	NA
ENSMUST00000136881.7|ENSMUSG00000028047|Thbs3	1223.4	89225428	chr3:89225277-89226703	0.14	0.39	0.11	0.12	0.66	0.22	0.20	0.13	0.10	0.11	0.52	0.34
ENSMUST00000143637.1|ENSMUSG00000042766|Trim46	243.4	89237616	chr3:89234867-89237901	NA	0.14	0.14	0.10	0.22	0.15	0.11	0.10	0.09	0.09	0.15	0.13
ENSMUST00000040888.11|ENSMUSG00000042747|Krtcap2	690.6	89249839	chr3:89249688-89249906	0.00	0.00	NA	NA	0.00	0.00	0.01	NA	NA	0.00	0.00	NA
ENSMUST00000185119.7|ENSMUSG00000027953|Slc50a1	100196.5	89268957	chr3:89268245-89269108	1.00	1.00	1.00	1.00	1.00	1.00	1.00	0.98	1.00	1.00	1.00	1.00
ENSMUST00000029566.8|ENSMUSG00000027954|Efna1	796.5	89272038	chr3:89271732-89272494	0.59	0.51	0.59	0.43	0.68	0.62	0.45	0.40	0.57	0.54	0.47	0.52
ENSMUST00000029673.9|ENSMUSG00000028039|Efna3	67.1	89314796	chr3:89313898-89315439	NA	0.44	0.44	0.18	NA	0.44	0.35	0.17	NA	NA	0.46	0.40
ENSMUST00000029674.7|ENSMUSG00000028040|Efna4	43.6	89333867	chr3:89333389-89334292	NA	0.16	0.26	0.23	0.21	0.13	0.36	0.18	0.23	0.12	NA	NA
ENSMUST00000184651.7|ENSMUSG00000028041|Adam15	2319.4	89339742	chr3:89338541-89339913	0.05	0.04	0.02	0.05	0.05	0.04	0.02	0.04	0.03	0.03	0.03	0.04
ENSMUST00000107433.7|ENSMUSG00000028042|Zbtb7b	25.3	89379255	chr3:89377643-89379528	0.40	NA	NA	NA	0.37	NA	0.62	NA	NA	1.00	0.47	0.49
ENSMUST00000057431.5|ENSMUSG00000078173|Lenep	29.6	89402105	chr3:89400987-89402456	0.05	0.09	0.09	0.16	0.04	0.13	0.07	0.26	0.05	0.15	0.14	0.24
ENSMUST00000050398.10|ENSMUSG00000042642|Flad1	13.1	89402082	chr3:89401003-89402233	0.06	0.12	0.20	0.20	0.02	0.17	0.14	0.47	NA	0.20	0.15	0.27
ENSMUST00000183484.1|ENSMUSG00000028044|Cks1b	7149.4	89416193	chr3:89415843-89416344	0.26	0.21	0.20	0.22	0.19	0.21	0.23	0.23	0.24	0.21	0.19	0.17
ENSMUST00000191485.6|ENSMUSG00000042626|Shc1	3532.5	89429524	chr3:89428442-89430027	0.75	0.79	0.66	0.63	1.00	1.00	0.71	0.71	0.70	0.65	1.00	1.00
ENSMUST00000060061.10|ENSMUSG00000047824|Pygo2	546.4	89433662	chr3:89433511-89435128	0.91	0.87	0.89	0.89	0.89	1.00	1.00	0.97	0.98	0.97	0.80	0.79
ENSMUST00000038942.9|ENSMUSG00000042613|Pbxip1	709.8	89448914	chr3:89448763-89450952	0.65	0.64	0.67	0.75	0.30	0.51	0.45	0.77	0.40	0.63	0.44	0.37
ENSMUST00000029564.11|ENSMUSG00000027952|Pmvk	2313.5	89468815	chr3:89468647-89469013	0.34	0.36	0.30	0.30	0.69	0.39	0.26	0.26	0.24	0.28	0.50	0.51
ENSMUST00000098924.8|ENSMUSG00000027951|Adar	365.0	89751323	chr3:89751172-89753446	0.69	0.81	0.75	1.00	1.00	0.95	1.00	0.98	0.75	0.94	0.98	1.00
ENSMUST00000038356.12|ENSMUSG00000042572|Ube2q1	225.2	89782601	chr3:89782285-89784000	0.36	0.23	0.22	0.34	0.23	0.30	0.33	0.32	0.24	0.31	0.22	0.20
ENSMUST00000050401.5|ENSMUSG00000046280|She	131.2	89855271	chr3:89854711-89858834	0.43	0.39	0.47	0.50	0.65	0.28	0.67	0.62	0.49	0.40	0.40	0.68
ENSMUST00000197679.4|ENSMUSG00000027947|Il6ra	10.9	89870308	chr3:89864058-89871163	NA	NA	0.03	0.02	NA	0.02	0.03	0.03	0.02	0.02	NA	NA
ENSMUST00000069805.13|ENSMUSG00000060671|Atp8b2	363.9	89941004	chr3:89939480-89941155	1.00	1.00	1.00	0.95	1.00	0.93	1.00	1.00	0.63	0.90	1.00	1.00
ENSMUST00000199163.1|ENSMUSG00000027944|Hax1	10763.5	89997386	chr3:89995893-89998048	0.02	0.00	0.00	0.00	0.02	0.00	0.00	0.01	0.00	0.00	0.00	0.00
ENSMUST00000161918.2|ENSMUSG00000027942|4933434E20Rik	2032.9	90058800	chr3:90058523-90062445	0.06	0.05	0.05	0.07	0.04	0.05	0.06	0.05	0.05	0.06	0.04	0.05
ENSMUST00000239082.1|ENSMUSG00000118504|4933434E20Rik	5590.2	90062330	chr3:90060392-90066069	0.07	0.01	0.03	0.03	NA	0.02	0.01	0.03	0.02	0.03	0.04	0.03
ENSMUST00000029551.2|ENSMUSG00000118506|1700094D03Rik	16.9	90065846	chr3:90065608-90068347	0.01	0.20	0.14	0.16	0.15	NA	0.01	0.10	NA	NA	0.07	0.07
ENSMUST00000118566.7|ENSMUSG00000027940|Tpm3	67734.8	90100345	chr3:90099528-90100896	0.62	0.57	0.55	0.52	0.95	0.68	0.52	0.56	0.52	0.49	0.77	0.64
ENSMUST00000196205.4|ENSMUSG00000090733|Rps27	18707.6	90212576	chr3:90212521-90212727	0.03	0.10	0.03	0.00	0.02	0.01	0.00	0.14	0.07	0.05	0.01	0.01
ENSMUST00000107373.7|ENSMUSG00000027935|Rab13	2077.0	90225783	chr3:90225580-90226385	0.10	0.12	0.11	0.10	0.20	0.11	0.15	0.13	0.12	0.13	0.12	0.09
ENSMUST00000029546.14|ENSMUSG00000027937|Jtb	4922.5	90235687	chr3:90235536-90235838	0.26	0.32	0.23	0.26	0.53	0.34	0.26	0.18	0.26	0.20	0.39	0.34
ENSMUST00000015467.8|ENSMUSG00000052310|Slc39a1	50.8	90252809	chr3:90252339-90253612	0.27	0.32	0.26	0.31	0.54	0.47	0.59	0.26	0.22	0.21	NA	NA
ENSMUST00000156358.7|ENSMUSG00000042404|Dennd4b	77.2	90269478	chr3:90269259-90275644	NA	0.20	NA	0.24	NA	0.22	NA	0.42	0.23	0.35	0.22	0.35
ENSMUST00000199754.4|ENSMUSG00000042390|Gatad2b	100.1	90361436	chr3:90357999-90363407	NA	NA	0.06	NA	0.42	NA	NA	NA	0.08	0.07	NA	NA
ENSMUST00000071488.7|ENSMUSG00000027933|Ints3	124.5	90391641	chr3:90391387-90392030	0.65	0.57	0.37	0.37	0.68	0.73	0.56	0.46	0.43	0.39	0.80	0.37
ENSMUST00000001042.9|ENSMUSG00000001016|Ilf2	1348.4	90487859	chr3:90487616-90488379	0.29	0.34	0.34	0.30	0.57	0.42	0.25	0.38	0.32	0.23	0.45	0.43
ENSMUST00000184877.7|ENSMUSG00000001018|Snapin	64988.6	90490413	chr3:90488372-90490564	1.00	1.00	1.00	1.00	1.00	1.00	1.00	1.00	1.00	1.00	1.00	1.00
ENSMUST00000107343.7|ENSMUSG00000001017|Chtop	1122.1	90499285	chr3:90498955-90499904	0.64	0.70	0.54	0.63	0.89	0.67	0.80	0.57	0.66	0.68	0.86	0.85
ENSMUST00000107340.1|ENSMUSG00000044080|S100a1	108201.0	90511182	chr3:90511036-90511333	0.38	0.36	0.36	0.35	0.54	0.41	0.37	0.32	0.34	0.38	0.38	0.38
ENSMUST00000098910.2|ENSMUSG00000074457|S100a16	113379.2	90542872	chr3:90542583-90543151	0.44	0.47	0.40	0.41	0.75	0.54	0.38	0.39	0.44	0.40	0.59	0.58
ENSMUST00000107330.2|ENSMUSG00000105518|Gm42674	222.8	90605193	chr3:90605042-90605885	NA	0.00	NA	0.00	0.00	0.00	0.44	NA	0.00	NA	0.00	0.00
ENSMUST00000200289.1|ENSMUSG00000001025|S100a6	537.0	90614470	chr3:90614319-90624181	0.00	0.00	0.00	0.00	0.00	0.00	0.00	0.00	0.00	0.00	0.00	0.00
ENSMUST00000058150.7|ENSMUSG00000043165|Lor	228.9	92080368	chr3:92080270-92080519	0.40	0.13	0.30	0.31	0.24	0.60	0.18	0.33	0.29	0.30	0.31	0.43
ENSMUST00000045756.13|ENSMUSG00000041959|S100a10	9389.9	93564552	chr3:93564401-93564643	0.25	0.25	0.26	0.24	0.40	0.26	0.23	0.27	0.26	0.30	0.29	0.35
ENSMUST00000049822.9|ENSMUSG00000028145|Them4	147.5	94332097	chr3:94331577-94332540	0.67	0.54	0.40	0.55	0.77	0.60	0.73	0.60	0.38	0.65	0.62	0.51
ENSMUST00000029785.3|ENSMUSG00000028139|Riiad1	105.1	94465664	chr3:94464982-94465815	NA	0.00	NA	NA	0.00	0.00	NA	NA	NA	NA	0.00	0.00
ENSMUST00000199462.4|ENSMUSG00000028136|Snx27	400.9	94561768	chr3:94501126-94561985	0.03	0.02	0.02	0.02	0.04	0.02	0.02	0.01	0.02	0.02	0.02	0.02
ENSMUST00000107270.8|ENSMUSG00000038902|Pogz	34.5	94880644	chr3:94880329-94882326	0.31	0.34	0.33	0.59	NA	0.28	1.00	0.41	NA	0.35	0.62	0.22
ENSMUST00000005923.6|ENSMUSG00000005779|Psmb4	3373.4	94884279	chr3:94884092-94884430	0.00	0.01	0.00	0.06	0.02	0.00	0.01	0.00	0.04	0.00	0.06	0.00
ENSMUST00000140757.7|ENSMUSG00000068874|Selenbp1	7825.6	94938110	chr3:94937959-94944745	0.16	0.19	0.14	0.14	0.10	0.15	0.15	0.16	0.17	0.14	0.16	0.14
ENSMUST00000072287.11|ENSMUSG00000038861|Pi4kb	46.3	95006436	chr3:95005937-95006843	0.16	0.07	0.20	0.15	0.18	0.33	0.12	0.22	0.37	0.05	0.17	0.22
ENSMUST00000137799.1|ENSMUSG00000019338|Zfp687	147.6	95008584	chr3:95006836-95008853	NA	0.75	0.83	0.99	NA	NA	NA	0.74	0.64	0.83	NA	1.00
ENSMUST00000117355.1|ENSMUSG00000005625|Psmd4	86124.7	95033195	chr3:95032704-95033346	1.00	NA	NA	1.00	1.00	NA	1.00	1.00	NA	NA	NA	NA
ENSMUST00000009102.8|ENSMUSG00000008958|Vps72	1194.6	95122926	chr3:95122775-95123051	0.11	0.22	0.08	0.08	0.16	0.08	0.02	0.04	0.07	0.01	0.05	0.06
ENSMUST00000172572.8|ENSMUSG00000092607|Scnm1	1524.4	95129752	chr3:95129535-95130195	0.15	0.38	0.17	0.13	0.11	0.11	0.20	0.14	0.20	0.19	0.16	0.24
ENSMUST00000066386.5|ENSMUSG00000053769|Lysmd1	74.6	95138814	chr3:95138531-95139518	0.70	0.73	0.67	0.83	1.00	0.68	0.65	0.91	1.00	0.54	0.92	1.00
ENSMUST00000013851.3|ENSMUSG00000013707|Tnfaip8l2	342.6	95139774	chr3:95139520-95139998	NA	0.22	0.33	0.42	0.78	0.47	0.46	0.31	0.41	0.39	0.83	0.41
ENSMUST00000107209.7|ENSMUSG00000038766|Gabpb2	14.4	95187937	chr3:95181765-95188672	NA	NA	0.33	0.25	NA	NA	0.32	0.24	0.34	NA	NA	NA
ENSMUST00000065482.5|ENSMUSG00000053192|Mllt11	1275.8	95220036	chr3:95219134-95220187	0.90	0.86	0.83	0.79	0.81	0.98	1.00	1.00	1.00	0.81	0.85	0.92
ENSMUST00000053872.11|ENSMUSG00000046722|Cdc42se1	38929.2	95233713	chr3:95233562-95236409	1.00	1.00	1.00	1.00	1.00	1.00	1.00	1.00	1.00	1.00	1.00	1.00
ENSMUST00000015855.7|ENSMUSG00000015711|Prune1	51.0	95254032	chr3:95253673-95254998	0.56	0.52	0.63	0.69	0.76	0.73	NA	0.67	0.54	0.61	0.76	0.76
ENSMUST00000039537.13|ENSMUSG00000038712|Mindy1	1508.5	95295922	chr3:95295728-95296166	0.39	0.28	0.27	0.31	0.65	0.43	0.39	0.32	0.34	0.39	0.53	0.46
ENSMUST00000107183.7|ENSMUSG00000015702|Anxa9	5.2	95296599	chr3:95296095-95296792	NA	NA	NA	NA	NA	0.60	0.69	0.36	0.34	0.42	NA	NA
ENSMUST00000015858.11|ENSMUSG00000015714|Cers2	8765.7	95323251	chr3:95322786-95323599	0.50	0.48	0.40	0.46	0.75	0.51	0.45	0.46	0.47	0.49	0.65	0.54
ENSMUST00000107171.9|ENSMUSG00000015697|Setdb1	69.3	95323803	chr3:95323524-95324075	0.49	0.43	0.35	0.24	1.00	0.79	0.57	0.33	0.31	0.43	0.54	0.45
ENSMUST00000090804.11|ENSMUSG00000015522|Arnt	273.9	95496709	chr3:95495390-95497240	0.95	1.00	0.86	0.97	1.00	0.71	1.00	0.70	0.74	0.74	0.76	0.61
ENSMUST00000015664.4|ENSMUSG00000028111|Ctsk	31813.6	95509112	chr3:95508919-95509362	0.46	0.49	0.36	0.38	0.52	0.51	0.37	0.38	0.44	0.44	0.52	NA
ENSMUST00000116304.2|ENSMUSG00000038642|Ctss	465154.7	95556333	chr3:95556182-95556403	0.28	0.21	0.17	0.18	0.27	0.23	0.19	0.16	0.22	0.20	0.21	0.24
ENSMUST00000176541.1|ENSMUSG00000046519|Golph3l	156.9	95617287	chr3:95617079-95619241	0.87	1.00	0.85	0.83	1.00	1.00	0.85	1.00	0.78	0.91	0.80	0.98
ENSMUST00000037983.5|ENSMUSG00000038619|Ensa	2820.5	95630258	chr3:95628708-95632102	0.11	0.12	0.12	0.13	0.18	0.10	0.09	0.10	0.11	0.11	0.15	0.18
ENSMUST00000037947.14|ENSMUSG00000038612|Mcl1	8023.8	95661747	chr3:95660820-95663176	0.41	0.48	0.55	0.57	0.42	0.33	0.67	0.58	0.44	0.50	0.69	0.73
ENSMUST00000117782.7|ENSMUSG00000015850|Adamtsl4	40.8	95676517	chr3:95676200-95676835	0.78	0.21	0.43	0.37	0.83	1.00	0.31	0.55	0.66	0.46	NA	NA
ENSMUST00000199464.4|ENSMUSG00000028107|Tars2	1733.2	95745784	chr3:95739975-95750754	0.37	0.32	0.27	0.27	0.46	0.34	0.44	0.34	0.28	0.30	0.30	0.31
ENSMUST00000090476.9|ENSMUSG00000038543|BC028528	15427.8	95884824	chr3:95883953-95884975	1.00	1.00	NA	NA	1.00	1.00	NA	1.00	NA	NA	NA	1.00
ENSMUST00000015894.11|ENSMUSG00000015750|Aph1a	1837.3	95897310	chr3:95896368-95898288	0.12	0.13	0.12	0.11	0.26	0.09	0.16	0.15	0.10	0.12	0.25	0.24
ENSMUST00000036181.14|ENSMUSG00000038526|Car14	74.1	95897962	chr3:95897767-95898148	0.54	0.81	0.56	0.53	0.80	0.86	0.53	0.46	0.78	0.52	0.51	0.61
ENSMUST00000170213.1|ENSMUSG00000015749|Anp32e	225.5	95938170	chr3:95938019-95945547	0.00	0.00	0.00	0.00	0.00	0.00	0.00	0.00	0.00	0.00	0.00	0.00
ENSMUST00000015891.5|ENSMUSG00000015747|Vps45	261.2	95999915	chr3:95999831-96000066	0.29	0.24	0.11	0.29	0.19	0.12	0.30	0.11	0.24	0.23	0.23	0.20
ENSMUST00000090785.8|ENSMUSG00000038495|Otud7b	23.8	96157013	chr3:96155965-96161129	0.26	0.40	0.34	0.43	NA	0.53	0.70	0.54	0.35	0.41	0.45	0.27
ENSMUST00000129925.7|ENSMUSG00000045934|Mtmr11	1997.2	96165354	chr3:96165203-96171718	0.35	0.35	0.27	0.35	0.46	0.26	0.32	0.31	0.31	0.26	0.29	0.26
ENSMUST00000076372.4|ENSMUSG00000068856|Sf3b4	3898.0	96177314	chr3:96177163-96177564	0.10	0.15	0.11	0.06	0.14	0.13	0.13	0.10	0.07	0.11	0.21	0.11
ENSMUST00000035371.8|ENSMUSG00000038486|Sv2a	103.3	96195001	chr3:96193913-96195521	0.56	0.36	0.26	0.36	NA	0.40	0.44	0.19	NA	NA	0.64	0.61
ENSMUST00000016087.3|ENSMUSG00000015943|Bola1	95.0	96196714	chr3:96196587-96196865	0.18	0.38	0.60	0.07	0.60	0.01	0.17	0.24	NA	NA	0.11	0.38
ENSMUST00000090781.7|ENSMUSG00000068854|H2bc21	45.7	96221776	chr3:96221543-96223738	0.78	0.67	0.83	0.93	0.51	1.00	NA	0.69	1.00	0.86	1.00	0.90
ENSMUST00000167403.3|ENSMUSG00000081058|H3c15	68.4	96238382	chr3:96238107-96238533	NA	0.57	0.47	0.38	1.00	0.22	0.41	0.38	0.46	0.52	0.64	0.55
ENSMUST00000177796.1|ENSMUSG00000093769|H3c14	55.6	96247509	chr3:96247293-96248509	NA	0.59	0.87	0.68	NA	NA	1.00	0.73	0.54	0.74	NA	0.44
ENSMUST00000074519.12|ENSMUSG00000038393|Txnip	5005.7	96560677	chr3:96560526-96561883	1.00	0.95	1.00	0.97	1.00	1.00	1.00	1.00	0.94	0.94	1.00	1.00
ENSMUST00000091924.9|ENSMUSG00000028104|Polr3gl	46.1	96578153	chr3:96577871-96578504	0.48	0.27	0.22	0.37	0.34	0.14	0.45	0.24	0.27	0.29	0.20	0.33
ENSMUST00000058943.7|ENSMUSG00000049097|Ankrd34a	58.6	96599481	chr3:96598966-96599775	NA	1.00	0.55	0.45	NA	0.62	0.80	0.69	NA	0.76	0.85	0.75
ENSMUST00000062058.4|ENSMUSG00000049288|Lix1l	69.8	96624054	chr3:96623903-96626171	NA	NA	1.00	1.00	0.06	0.46	1.00	0.79	0.76	0.77	NA	NA
ENSMUST00000156015.1|ENSMUSG00000028102|Pex11b	577.8	96637332	chr3:96636771-96644033	0.01	0.00	0.00	0.00	0.01	0.00	0.01	0.01	0.00	0.00	0.00	0.00
ENSMUST00000176302.7|ENSMUSG00000028101|Pias3	412.8	96700579	chr3:96699780-96701691	0.08	NA	0.09	0.11	NA	NA	NA	0.08	0.11	0.13	NA	0.08
ENSMUST00000029741.8|ENSMUSG00000028099|Polr3c	184.5	96711764	chr3:96711489-96711981	0.26	0.31	0.32	0.24	0.54	0.66	0.32	0.24	0.36	0.27	0.39	0.35
ENSMUST00000058865.13|ENSMUSG00000038298|Pdzk1	16.0	96870377	chr3:96870160-96870926	NA	0.67	0.91	0.94	0.34	NA	NA	0.94	0.66	0.67	NA	0.44
ENSMUST00000154750.1|ENSMUSG00000028096|Gpr89	149.7	96892777	chr3:96882518-96892928	0.05	0.06	0.06	0.08	0.10	0.04	0.05	0.06	0.05	0.08	0.05	0.06
ENSMUST00000029730.4|ENSMUSG00000028089|Chd1l	52.8	97560866	chr3:97560741-97561017	0.29	0.14	0.35	0.43	0.40	0.23	0.26	0.19	0.19	0.05	0.17	0.65
ENSMUST00000107050.7|ENSMUSG00000028088|Fmo5	23.2	97652414	chr3:97651824-97655282	NA	0.11	0.06	0.07	0.14	0.02	0.10	0.08	0.11	0.09	0.12	0.14
ENSMUST00000130924.7|ENSMUSG00000038205|Prkab2	20.4	97663988	chr3:97663584-97670933	0.10	0.16	0.22	0.12	0.13	0.12	NA	0.10	0.08	0.18	0.07	0.09
ENSMUST00000130778.1|ENSMUSG00000027879|Sec22b	7579.6	97907426	chr3:97907275-97921851	0.12	0.12	0.14	0.12	0.10	0.12	0.15	0.13	0.10	0.13	0.09	0.09
ENSMUST00000079812.7|ENSMUSG00000027878|Notch2	41.4	98147668	chr3:98147441-98150361	0.21	0.08	0.08	0.07	0.08	0.23	0.08	0.07	0.04	0.07	NA	NA
ENSMUST00000090746.2|ENSMUSG00000027875|Hmgcs2	25621.2	98303419	chr3:98303268-98310738	NA	NA	0.62	0.65	0.58	0.72	0.63	0.69	0.62	0.67	NA	NA
ENSMUST00000029462.9|ENSMUSG00000027868|Tbx15	417.4	99352771	chr3:99352620-99354259	0.56	1.00	0.76	0.86	0.51	0.75	1.00	0.71	0.68	0.73	NA	0.24
ENSMUST00000197797.1|ENSMUSG00000027865|Gdap2	33.7	100202252	chr3:100202101-100206655	0.08	0.00	0.01	0.02	0.04	0.04	NA	0.05	0.01	0.04	NA	NA
ENSMUST00000061455.8|ENSMUSG00000044468|Tent5c	102.8	100471786	chr3:100468056-100472265	NA	NA	0.46	0.37	0.55	0.37	0.11	NA	0.40	0.47	0.68	0.77
ENSMUST00000008907.13|ENSMUSG00000008763|Man1a2	120.1	100566331	chr3:100562207-100567612	0.08	0.17	0.21	0.28	0.40	0.30	0.42	0.27	0.15	0.18	0.44	0.26
ENSMUST00000076941.11|ENSMUSG00000033222|Ttf2	19.6	100939216	chr3:100938859-100939970	NA	NA	0.53	0.82	0.82	0.19	NA	NA	0.41	0.49	NA	NA
ENSMUST00000043983.10|ENSMUSG00000042035|Igsf3	2858.4	101462180	chr3:101460034-101463059	NA	NA	0.77	0.90	NA	NA	NA	1.00	0.81	0.65	NA	NA
ENSMUST00000036493.7|ENSMUSG00000033161|Atp1a1	2122.8	101576407	chr3:101576218-101576558	0.17	0.23	0.20	0.16	1.00	0.49	0.17	0.07	0.16	0.11	0.48	0.42
ENSMUST00000029454.11|ENSMUSG00000027861|Casq2	21.0	102146084	chr3:102145427-102146514	0.62	0.40	0.37	NA	0.50	NA	0.09	0.47	NA	NA	0.39	0.46
ENSMUST00000029453.12|ENSMUSG00000027860|Vangl1	192.0	102156912	chr3:102153582-102158239	0.07	0.12	0.08	0.08	0.16	0.06	0.04	0.06	0.06	0.06	NA	0.05
ENSMUST00000029451.11|ENSMUSG00000027858|Tspan2	86.4	102771165	chr3:102768939-102772292	0.75	0.56	0.58	0.48	0.63	0.31	NA	0.66	0.69	0.47	0.64	0.52
ENSMUST00000029447.11|ENSMUSG00000027854|Sike1	598.7	103003234	chr3:103001806-103008459	0.03	0.04	0.04	0.06	0.05	0.03	0.08	0.05	0.04	0.04	0.11	0.11
ENSMUST00000198174.1|ENSMUSG00000068823|Csde1	38847.8	103044942	chr3:103044791-103057786	0.31	0.33	0.31	0.33	0.43	0.29	0.36	0.31	0.32	0.31	0.33	0.31
ENSMUST00000029440.9|ENSMUSG00000027848|Olfml3	12425.1	103735586	chr3:103731664-103735845	0.01	0.02	0.02	0.02	0.03	0.02	0.02	0.02	0.02	0.02	0.02	0.02
ENSMUST00000137078.7|ENSMUSG00000008730|Hipk1	68.1	103749278	chr3:103745155-103754273	0.41	0.08	0.46	0.23	1.00	NA	0.72	NA	0.32	NA	0.13	0.11
ENSMUST00000128716.1|ENSMUSG00000027845|Dclre1b	2.6	103807393	chr3:103804026-103807549	0.04	0.01	0.00	0.01	0.01	0.00	0.01	0.01	0.01	0.01	0.01	0.01
ENSMUST00000199686.1|ENSMUSG00000032952|Ap4b1	427.8	103820517	chr3:103820366-103820684	0.00	0.00	0.03	0.00	0.00	0.00	0.00	0.00	0.00	0.00	0.00	0.00
ENSMUST00000199710.1|ENSMUSG00000105053|Gm43064	1.2	103821908	chr3:103821757-103838648	0.00	0.00	0.00	0.00	0.00	0.00	0.00	0.00	0.00	0.00	NA	0.00
ENSMUST00000145727.7|ENSMUSG00000058388|Phtf1	128.4	104007306	chr3:104007005-104024598	0.13	0.11	0.06	0.06	0.07	0.07	0.10	0.06	0.05	0.04	0.17	0.21
ENSMUST00000046316.10|ENSMUSG00000032913|Lrig2	32.7	104457126	chr3:104453979-104457767	0.21	0.38	0.48	0.25	0.24	NA	0.13	0.31	0.29	0.33	NA	0.25
ENSMUST00000046212.1|ENSMUSG00000032902|Slc16a1	2855.4	104657039	chr3:104655719-104658462	0.05	0.04	0.03	0.04	0.11	0.05	0.07	0.03	0.04	0.04	0.07	0.06
ENSMUST00000002303.11|ENSMUSG00000002233|Rhoc	43842.1	104794234	chr3:104794040-104794459	0.41	0.49	0.36	0.34	0.68	0.49	0.35	0.34	0.38	0.38	0.56	0.48
ENSMUST00000094028.9|ENSMUSG00000070372|Capza1	2121.0	104823326	chr3:104822778-104824986	0.71	0.83	0.75	0.73	0.78	0.78	1.00	0.76	0.74	0.75	1.00	0.69
ENSMUST00000183914.7|ENSMUSG00000045576|St7l	143.7	104895911	chr3:104865457-104927894	0.03	NA	0.08	0.07	0.07	NA	NA	NA	NA	0.05	NA	NA
ENSMUST00000077548.11|ENSMUSG00000062127|Cttnbp2nl	219.2	105003907	chr3:105001914-105004652	0.63	0.75	0.61	0.69	0.48	0.70	0.85	0.79	0.71	0.80	0.89	0.77
ENSMUST00000200078.4|ENSMUSG00000027905|Ddx20	226.0	105682725	chr3:105679619-105683512	0.22	0.24	0.15	0.22	0.22	0.11	0.23	0.18	0.16	0.21	0.16	0.13
ENSMUST00000066610.7|ENSMUSG00000048458|Inka2	141.9	105719168	chr3:105717211-105720842	0.20	0.25	0.27	0.29	0.44	0.23	NA	0.10	NA	NA	0.28	0.31
ENSMUST00000098758.3|ENSMUSG00000074342|I830077J02Rik	18.2	105925792	chr3:105924357-105926442	NA	NA	NA	NA	0.52	0.48	NA	NA	1.00	NA	0.45	NA
ENSMUST00000130994.7|ENSMUSG00000000561|Wdr77	4564.7	105960179	chr3:105960028-105970037	0.33	0.32	0.28	0.28	0.26	0.28	0.42	0.38	0.29	0.30	0.23	0.40
ENSMUST00000063062.8|ENSMUSG00000040809|Chil3	120.5	106147692	chr3:106147553-106147855	0.27	0.35	NA	NA	0.43	0.60	NA	NA	NA	NA	NA	NA
ENSMUST00000137530.1|ENSMUSG00000040774|Cept1	1347.8	106533287	chr3:106531269-106533438	0.03	0.00	0.01	0.02	0.04	0.02	0.05	0.01	0.00	0.01	0.01	0.05
ENSMUST00000067630.12|ENSMUSG00000027900|Dram2	1169.0	106574262	chr3:106573682-106575890	0.16	0.19	0.14	0.16	0.20	0.18	0.22	0.17	0.19	0.17	0.16	0.19
ENSMUST00000038845.9|ENSMUSG00000040747|Cd53	6642.9	106760199	chr3:106759920-106760806	0.53	0.42	0.39	0.47	1.00	0.60	0.38	0.53	0.49	0.46	0.84	0.57
ENSMUST00000038695.5|ENSMUSG00000040724|Kcna2	90.1	107108646	chr3:107105601-107115005	NA	0.18	NA	NA	NA	0.10	NA	0.12	NA	NA	0.19	0.19
ENSMUST00000199317.1|ENSMUSG00000087260|Lamtor5	10227.9	107283885	chr3:107283692-107284082	0.42	0.39	0.37	0.31	0.56	0.46	0.37	0.36	0.49	0.38	0.53	0.49
ENSMUST00000061772.10|ENSMUSG00000048109|Rbm15	5.2	107326070	chr3:107325420-107326284	0.29	0.15	NA	0.28	0.20	0.16	0.21	NA	NA	0.12	NA	NA
ENSMUST00000009617.9|ENSMUSG00000027895|Kcnc4	98.9	107438571	chr3:107438302-107439423	NA	0.83	NA	NA	NA	0.58	0.45	1.00	NA	NA	0.98	0.94
ENSMUST00000014747.2|ENSMUSG00000014603|Alx3	424.3	107605458	chr3:107605076-107605776	0.75	0.39	0.37	0.42	0.98	0.38	0.53	0.51	0.70	0.50	NA	NA
ENSMUST00000064759.6|ENSMUSG00000014601|Strip1	662.5	107612815	chr3:107612531-107613221	0.52	0.53	0.43	0.53	0.88	0.61	0.56	0.31	0.38	0.46	0.91	0.56
ENSMUST00000138091.7|ENSMUSG00000027893|Ahcyl1	77785.1	107670115	chr3:107663117-107670266	0.55	0.51	0.52	0.54	0.45	0.58	0.51	0.53	0.54	0.53	0.54	0.56
ENSMUST00000118593.7|ENSMUSG00000014599|Csf1	13850.7	107746590	chr3:107741047-107746741	1.00	1.00	1.00	1.00	1.00	1.00	1.00	1.00	1.00	1.00	NA	NA
ENSMUST00000037375.9|ENSMUSG00000040600|Eps8l3	15.5	107892742	chr3:107892591-107892900	1.00	1.00	1.00	1.00	NA	0.97	0.54	1.00	1.00	NA	0.99	0.93
ENSMUST00000004137.10|ENSMUSG00000004035|Gstm7	618.1	107926615	chr3:107926333-107926893	0.41	0.43	0.37	0.36	0.51	0.55	0.38	0.37	0.19	0.53	0.49	0.70
ENSMUST00000012348.8|ENSMUSG00000040562|Gstm2	36554.0	107981900	chr3:107981701-107982051	0.31	0.31	0.31	0.33	0.60	0.38	0.28	0.25	0.28	0.27	0.40	0.41
ENSMUST00000004140.10|ENSMUSG00000058135|Gstm1	982370.8	108012501	chr3:108012254-108012691	0.37	0.37	0.34	0.35	0.94	0.42	0.30	0.30	0.38	0.35	0.54	0.53
ENSMUST00000029489.14|ENSMUSG00000027890|Gstm4	284.5	108040754	chr3:108040407-108041238	0.66	0.56	0.54	0.54	1.00	0.75	0.42	0.54	0.57	0.61	0.68	0.53
ENSMUST00000102638.7|ENSMUSG00000027889|Ampd2	371.6	108074380	chr3:108074061-108074917	0.67	0.50	0.44	0.63	1.00	0.58	0.57	0.58	0.64	0.69	0.74	0.79
ENSMUST00000000001.4|ENSMUSG00000000001|Gnai3	7053.1	108109208	chr3:108107279-108109424	1.00	1.00	1.00	1.00	1.00	1.00	1.00	1.00	1.00	1.00	1.00	1.00
ENSMUST00000106656.1|ENSMUSG00000050947|Amigo1	37.4	108188813	chr3:108188662-108192286	NA	0.91	0.88	0.88	NA	NA	0.44	0.74	NA	0.78	0.67	1.00
ENSMUST00000106655.1|ENSMUSG00000048796|Cyb561d1	24.0	108198285	chr3:108195686-108199214	0.48	0.64	1.00	NA	NA	NA	NA	0.89	NA	0.80	0.57	0.83
ENSMUST00000102632.6|ENSMUSG00000068747|Sort1	207.3	108357622	chr3:108357240-108361511	0.56	0.64	0.75	0.89	0.37	0.57	1.00	1.00	0.82	0.54	1.00	1.00
ENSMUST00000102629.7|ENSMUSG00000068744|Psrc1	41.3	108387802	chr3:108387599-108388231	NA	NA	NA	0.47	0.25	0.63	NA	NA	0.26	0.21	0.22	0.21
ENSMUST00000090558.9|ENSMUSG00000068740|Celsr2	56.0	108392482	chr3:108390850-108392633	NA	NA	0.68	NA	NA	0.86	0.53	1.00	NA	NA	0.73	0.96
ENSMUST00000090553.11|ENSMUSG00000068739|Sars	806.0	108426681	chr3:108424864-108426832	0.02	0.02	0.02	0.02	0.02	0.02	0.03	0.03	0.02	0.02	0.03	0.03
ENSMUST00000090546.5|ENSMUSG00000068732|Tmem167b	896.7	108557888	chr3:108556424-108558880	0.93	0.94	0.88	0.98	1.00	0.97	0.83	0.92	0.96	0.98	1.00	1.00
ENSMUST00000143054.1|ENSMUSG00000048100|Taf13	2823.6	108581888	chr3:108581174-108583222	0.03	0.03	0.03	0.03	0.06	0.05	0.02	0.03	0.03	0.02	0.04	0.03
ENSMUST00000124731.2|ENSMUSG00000040389|Wdr47	22.4	108611511	chr3:108611360-108618656	0.06	0.03	0.08	0.05	0.05	0.03	NA	0.05	0.04	0.03	0.03	0.03
ENSMUST00000106609.7|ENSMUSG00000027884|Clcc1	772.3	108677084	chr3:108676933-108678840	0.05	0.08	0.06	0.07	0.11	0.12	0.04	0.10	0.06	0.06	0.03	0.09
ENSMUST00000029482.15|ENSMUSG00000027883|Gpsm2	87.9	108679277	chr3:108678637-108679581	0.38	0.20	0.16	0.21	0.45	0.38	0.08	0.20	0.22	0.20	0.51	0.19
ENSMUST00000046924.9|ENSMUSG00000040339|Fam102b	96.9	108974117	chr3:108970996-108975302	0.38	0.35	0.38	0.45	1.00	0.40	0.31	0.41	0.41	0.46	0.38	0.48
ENSMUST00000140786.2|ENSMUSG00000040322|Slc25a24	529.7	109155164	chr3:109155013-109158540	0.12	0.11	0.12	0.11	0.12	0.11	0.13	0.10	0.09	0.11	0.07	0.13
ENSMUST00000046864.13|ENSMUSG00000033721|Vav3	18.5	109683917	chr3:109683606-109685698	NA	1.00	0.89	1.00	NA	0.74	NA	0.98	0.86	0.81	0.75	0.70
ENSMUST00000168412.2|ENSMUSG00000049300|Prmt6	80.1	110248969	chr3:110246108-110249837	0.43	0.34	0.40	0.37	0.19	0.26	0.09	0.38	0.28	0.40	0.34	0.35
ENSMUST00000055676.3|ENSMUSG00000045092|S1pr1	27324.6	115711239	chr3:115710432-115711797	0.72	0.70	0.43	0.49	1.00	0.86	0.50	0.52	0.45	0.45	0.73	0.82
ENSMUST00000106505.7|ENSMUSG00000033554|Dph5	50.1	115900455	chr3:115899869-115901142	0.65	0.48	0.35	NA	0.58	0.92	NA	0.78	0.32	NA	0.58	NA
ENSMUST00000067485.3|ENSMUSG00000054414|Slc30a7	103.8	115946238	chr3:115938972-115946666	0.04	0.04	0.09	0.10	0.10	0.04	0.05	0.11	0.10	0.08	0.10	0.12
ENSMUST00000029575.11|ENSMUSG00000027963|Extl2	343.7	116028170	chr3:116027495-116029017	0.66	0.76	0.59	0.57	0.84	0.68	0.61	0.64	0.59	0.62	0.43	0.49
ENSMUST00000196449.4|ENSMUSG00000027962|Vcam1	588.4	116123535	chr3:116122279-116123686	0.09	0.13	0.17	0.12	0.06	0.15	0.07	0.15	0.08	0.06	0.19	0.15
ENSMUST00000090473.6|ENSMUSG00000068696|Gpr88	499.0	116250220	chr3:116249653-116251508	1.00	0.82	0.52	0.53	0.68	1.00	0.94	0.58	0.47	0.50	0.97	0.69
ENSMUST00000197830.4|ENSMUSG00000033502|Cdc14a	2.5	116392738	chr3:116322209-116392889	0.02	0.01	0.03	0.02	0.04	0.01	NA	0.02	NA	NA	NA	NA
ENSMUST00000140677.7|ENSMUSG00000000339|Rtca	3331.4	116506832	chr3:116494150-116506983	0.09	0.07	0.08	0.07	0.05	0.08	0.10	0.10	0.07	0.09	0.07	0.06
ENSMUST00000199614.1|ENSMUSG00000000340|Dbt	135.3	116533436	chr3:116533259-116539179	0.04	0.05	0.05	0.04	0.04	0.04	0.04	0.04	0.04	0.04	0.03	0.03
ENSMUST00000029570.8|ENSMUSG00000089911|Mfsd14a	543.2	116631629	chr3:116631163-116632276	0.70	0.60	0.58	0.60	0.84	0.70	0.65	0.49	0.59	0.59	0.56	0.78
ENSMUST00000029569.8|ENSMUSG00000027957|Slc35a3	51.2	116673277	chr3:116669469-116673630	0.58	0.53	0.48	0.56	1.00	0.52	0.34	0.59	0.52	0.55	0.22	NA
ENSMUST00000199626.1|ENSMUSG00000033386|Frrs1	46.9	116885313	chr3:116885162-116890973	0.03	0.01	0.02	0.01	0.04	0.01	0.03	0.00	0.01	0.00	NA	NA
ENSMUST00000061071.12|ENSMUSG00000044667|Plppr4	39.1	117321342	chr3:117319138-117321908	NA	NA	0.22	0.23	0.00	NA	0.07	NA	NA	NA	0.35	0.34
ENSMUST00000029639.11|ENSMUSG00000028007|Snx7	1739.9	117782095	chr3:117781646-117782301	0.28	0.22	0.18	0.23	0.42	0.36	0.14	0.19	0.24	0.20	0.47	0.27
ENSMUST00000039177.11|ENSMUSG00000033308|Dpyd	48.1	119432619	chr3:119431654-119432924	NA	NA	0.20	0.74	NA	0.52	1.00	0.70	0.46	0.74	NA	NA
ENSMUST00000197833.4|ENSMUSG00000028134|Ptbp2	41.4	119724011	chr3:119720319-119724162	0.01	0.01	0.01	0.02	NA	0.01	0.00	0.00	NA	NA	0.01	0.01
ENSMUST00000128909.7|ENSMUSG00000028132|Tlcd4	34.1	121205202	chr3:121202007-121207154	0.84	0.61	0.80	NA	NA	0.62	NA	NA	NA	NA	0.96	0.93
ENSMUST00000198235.1|ENSMUSG00000039887|Alg14	33.4	121298767	chr3:121298616-121320197	0.00	0.00	0.00	0.00	0.00	0.00	0.00	0.00	0.00	0.00	0.00	0.00
ENSMUST00000029773.12|ENSMUSG00000053931|Cnn3	109558.8	121457774	chr3:121457423-121458207	0.42	0.40	0.37	0.40	0.64	0.47	0.37	0.39	0.45	0.39	0.47	0.48
ENSMUST00000029771.12|ENSMUSG00000028128|F3	23075.2	121734709	chr3:121734236-121735048	0.57	0.53	0.43	0.41	0.86	0.69	0.41	0.41	0.45	0.44	0.62	0.77
ENSMUST00000197662.4|ENSMUSG00000028127|Abcd3	1622.8	121768621	chr3:121759755-121792838	0.03	0.00	0.00	0.05	0.00	0.00	0.20	0.02	0.00	0.00	0.02	0.00
ENSMUST00000037958.13|ENSMUSG00000039831|Arhgap29	804.7	122015955	chr3:122014972-122016753	0.15	0.23	0.12	0.13	0.19	0.19	0.21	0.12	0.17	0.13	0.10	0.24
ENSMUST00000029769.13|ENSMUSG00000028124|Gclm	5208.6	122266745	chr3:122266394-122270732	0.06	0.11	0.14	0.15	0.10	0.09	0.06	0.13	0.15	0.14	0.20	0.26
ENSMUST00000029766.8|ENSMUSG00000028121|Bcar3	209.4	122529962	chr3:122529757-122530191	0.42	0.18	0.27	0.32	1.00	0.53	0.35	0.17	0.29	0.30	0.69	0.22
ENSMUST00000106429.5|ENSMUSG00000054091|1810037I17Rik	150346.5	122925735	chr3:122924654-122926184	0.74	1.00	NA	NA	0.72	0.85	0.55	1.00	NA	NA	1.00	1.00
ENSMUST00000051443.7|ENSMUSG00000050315|Synpo2	31.7	123111204	chr3:123106602-123112404	NA	NA	0.20	0.24	0.15	NA	NA	0.26	0.22	0.20	NA	0.27
ENSMUST00000047923.11|ENSMUSG00000039234|Sec24d	1233.5	123365312	chr3:123364958-123365641	0.46	0.49	0.45	0.39	1.00	0.87	0.46	0.44	0.59	0.52	0.80	0.99
ENSMUST00000058994.5|ENSMUSG00000044528|Tram1l1	17.2	124322687	chr3:124322281-124324743	0.06	0.01	0.01	0.01	0.05	0.03	0.06	0.01	0.02	0.02	0.06	0.07
ENSMUST00000057944.11|ENSMUSG00000032854|Ugt8a	27.4	125866718	chr3:125865270-125867218	NA	NA	0.75	NA	NA	0.92	NA	NA	NA	NA	0.74	0.70
ENSMUST00000044443.14|ENSMUSG00000032826|Ank2	671.7	126923642	chr3:126921611-126923959	0.89	0.79	0.78	0.74	1.00	1.00	0.91	0.86	0.73	0.72	1.00	0.96
ENSMUST00000029588.9|ENSMUSG00000027968|Larp7	107.4	127536805	chr3:127536713-127536956	0.15	0.14	0.28	0.02	0.47	0.24	0.14	0.24	0.31	0.02	0.27	NA
ENSMUST00000054483.13|ENSMUSG00000046688|Tifa	404.5	127797639	chr3:127797133-127798389	0.64	0.75	0.56	0.65	1.00	0.95	0.75	0.70	0.68	0.72	0.96	0.83
ENSMUST00000196392.1|ENSMUSG00000074238|Ap1ar	2819.0	127823150	chr3:127820782-127823301	0.23	0.07	0.12	0.14	0.08	0.07	0.14	0.07	0.11	0.10	0.07	0.06
ENSMUST00000199273.1|ENSMUSG00000050549|Fam241a	157.1	127870080	chr3:127869057-127870757	0.17	0.19	0.10	0.10	0.47	0.15	0.03	0.24	0.13	0.17	0.26	0.17
ENSMUST00000170918.7|ENSMUSG00000028024|Enpep	2540.7	129283867	chr3:129270276-129284167	0.10	0.11	0.11	0.11	0.12	0.08	0.14	0.11	0.11	0.14	NA	NA
ENSMUST00000071402.6|ENSMUSG00000041220|Elovl6	179.7	129634743	chr3:129633487-129638495	0.04	0.10	0.07	0.07	NA	0.09	0.10	0.07	0.11	0.07	0.05	0.09
ENSMUST00000029643.14|ENSMUSG00000028010|Gar1	866.8	129825047	chr3:129824911-129825198	0.27	0.20	0.27	0.12	0.38	0.31	0.25	0.14	0.23	0.23	0.31	0.42
ENSMUST00000029626.8|ENSMUSG00000027997|Casp6	1149.1	129913741	chr3:129913570-129914103	0.21	0.28	0.17	0.25	0.34	0.24	0.19	0.15	0.15	0.22	0.35	0.23
ENSMUST00000122961.1|ENSMUSG00000027994|Mcub	4.3	129933582	chr3:129926450-129933750	0.00	0.00	0.00	0.00	0.00	0.00	0.00	0.00	0.00	0.00	0.00	0.00
ENSMUST00000001079.14|ENSMUSG00000001052|Sec24b	200.8	129983417	chr3:129982758-129983894	0.34	0.27	0.21	0.22	0.61	0.68	0.34	0.26	0.18	0.25	0.36	0.45
ENSMUST00000072271.12|ENSMUSG00000019232|Etnppl	95.8	130635565	chr3:130634674-130637521	0.12	0.11	NA	0.21	NA	0.06	0.32	0.10	NA	NA	0.11	0.10
ENSMUST00000043937.8|ENSMUSG00000041084|Ostc	28291.3	130696215	chr3:130695911-130696462	0.35	0.35	0.30	0.34	0.94	0.45	0.30	0.31	0.32	0.32	0.61	0.40
ENSMUST00000029610.8|ENSMUSG00000027984|Hadh	4225.4	131233745	chr3:131233418-131234171	0.45	0.52	0.42	0.47	0.77	0.59	0.40	0.38	0.50	0.48	0.65	0.57
ENSMUST00000090246.4|ENSMUSG00000050931|Sgms2	71.8	131322883	chr3:131318984-131323109	0.23	0.45	0.96	0.68	0.42	0.25	NA	0.76	NA	0.68	0.48	0.35
ENSMUST00000042744.15|ENSMUSG00000040998|Npnt	50.8	132883069	chr3:132881744-132884432	NA	NA	0.32	0.75	0.77	0.32	NA	0.26	0.36	0.42	0.44	0.55
ENSMUST00000029650.8|ENSMUSG00000028016|Ints12	18.3	133109572	chr3:133109416-133110988	0.63	0.56	NA	NA	0.37	0.48	NA	0.73	0.85	0.37	0.43	0.63
ENSMUST00000181904.2|ENSMUSG00000044365|Cxxc4	13.1	134258245	chr3:134258094-134262161	NA	NA	NA	NA	NA	0.19	NA	NA	NA	0.42	0.16	0.47
ENSMUST00000120397.7|ENSMUSG00000028167|Bdh2	760.8	135304369	chr3:135304218-135304426	0.19	0.32	0.15	0.24	0.08	0.14	0.10	0.09	0.13	0.15	0.02	NA
ENSMUST00000145195.7|ENSMUSG00000037994|Slc9b2	414.9	135332552	chr3:135326213-135342535	0.29	0.30	0.26	0.24	0.36	0.33	0.27	0.28	0.23	0.33	NA	NA
ENSMUST00000029815.7|ENSMUSG00000028165|Cisd2	1101.6	135408452	chr3:135406411-135408803	0.23	0.29	0.40	0.39	0.23	0.19	0.31	0.32	0.41	0.37	0.37	0.50
ENSMUST00000180196.7|ENSMUSG00000053897|Slc39a8	130.9	135888068	chr3:135886951-135888572	0.53	0.41	0.39	0.48	0.89	0.69	0.68	0.54	0.77	0.49	0.77	0.70
ENSMUST00000070198.13|ENSMUSG00000028161|Ppp3ca	4513.7	136935623	chr3:136935222-136937727	0.23	0.21	0.28	0.23	0.22	0.28	0.33	0.23	0.17	0.16	0.29	0.21
ENSMUST00000122064.7|ENSMUSG00000054690|Emcn	39009.9	137427487	chr3:137427336-137432185	0.28	0.24	0.26	0.27	0.39	0.26	0.23	0.25	0.27	0.25	0.32	0.29
ENSMUST00000053855.7|ENSMUSG00000046818|Ddit4l	118.4	137626747	chr3:137626453-137628333	0.78	0.73	0.60	0.62	0.63	0.63	0.57	0.81	0.39	0.92	0.74	0.76
ENSMUST00000041045.13|ENSMUSG00000037894|H2az1	154469.4	137866686	chr3:137866444-137866922	0.24	0.21	0.20	0.16	0.52	0.28	0.15	0.20	0.23	0.20	0.35	0.33
ENSMUST00000090178.9|ENSMUSG00000074212|Dnajb14	67.5	137908842	chr3:137908466-137916557	0.22	0.21	0.23	0.24	0.46	0.16	0.25	0.36	0.26	0.22	0.24	0.28
ENSMUST00000168345.5|ENSMUSG00000091512|Lamtor3	3001.1	137928431	chr3:137928017-137928765	0.48	0.48	0.39	0.38	0.86	0.45	0.38	0.40	0.54	0.42	0.62	0.66
ENSMUST00000029806.12|ENSMUSG00000028159|Dapp1	55.1	137932747	chr3:137931006-137933123	0.47	0.59	0.62	0.64	0.69	0.79	1.00	0.77	0.45	0.60	0.43	0.51
ENSMUST00000029805.12|ENSMUSG00000028158|Mttp	12.8	138090311	chr3:138089853-138091057	NA	NA	0.37	0.94	NA	NA	NA	0.33	NA	NA	1.00	0.63
ENSMUST00000040321.12|ENSMUSG00000004127|Trmt10a	20.8	138158012	chr3:138156940-138159821	0.12	0.14	NA	0.12	0.17	0.08	0.04	0.03	NA	0.08	NA	0.31
ENSMUST00000159159.1|ENSMUSG00000074207|Adh1	1107.9	138282834	chr3:138282619-138290698	0.04	NA	0.05	0.07	0.07	0.04	0.07	0.06	0.03	NA	0.06	0.06
ENSMUST00000198126.1|ENSMUSG00000028138|Adh5	37318.3	138451504	chr3:138447905-138454803	0.01	0.00	0.00	0.01	0.00	0.00	0.00	0.01	0.00	0.00	0.00	0.00
ENSMUST00000029803.11|ENSMUSG00000028156|Eif4e	8488.3	138556272	chr3:138555501-138559696	0.04	0.05	0.04	0.04	0.06	0.06	0.04	0.05	0.05	0.04	0.09	0.08
ENSMUST00000127772.1|ENSMUSG00000028152|Tspan5	765.7	138868506	chr3:138868355-138896861	0.04	0.03	0.04	0.03	0.03	0.03	0.06	0.04	0.03	0.03	0.03	0.03
ENSMUST00000196106.4|ENSMUSG00000028149|Rap1gds1	404.1	139015499	chr3:138940762-139015650	0.03	0.02	0.02	0.03	0.03	0.02	0.03	0.02	0.02	0.03	0.02	0.02
ENSMUST00000131273.7|ENSMUSG00000052430|Bmpr1b	32.6	141870721	chr3:141840319-141871369	NA	0.19	NA	NA	NA	0.09	NA	0.09	NA	NA	0.10	NA
ENSMUST00000029941.15|ENSMUSG00000028273|Pdlim5	557.8	142242363	chr3:142239589-142242682	0.58	0.61	0.81	0.80	0.56	0.53	1.00	0.98	0.80	0.95	0.88	0.77
ENSMUST00000045097.10|ENSMUSG00000040253|Gbp7	147.4	142547321	chr3:142546571-142550149	0.14	0.14	0.13	0.16	0.24	0.21	0.11	0.13	0.14	0.16	0.18	0.17
ENSMUST00000029935.13|ENSMUSG00000028268|Gbp3	1601.3	142572927	chr3:142572689-142573209	0.28	0.44	0.37	0.37	0.81	0.36	0.42	0.35	0.46	0.38	0.45	0.58
ENSMUST00000169572.1|ENSMUSG00000028270|Gbp2	1414.4	142625736	chr3:142625585-142630585	0.01	0.00	0.00	0.00	0.00	0.00	0.01	0.00	0.00	0.00	0.00	0.00
ENSMUST00000029938.9|ENSMUSG00000028271|Gtf2b	941.0	142783477	chr3:142783326-142783606	0.25	0.19	0.22	0.20	0.46	0.30	0.16	0.20	0.21	0.14	0.30	0.29
ENSMUST00000173913.7|ENSMUSG00000004591|Pkn2	205.9	142839148	chr3:142793708-142839299	0.06	0.06	0.06	0.09	0.07	0.06	0.06	0.05	0.05	0.06	0.07	0.08
ENSMUST00000121796.7|ENSMUSG00000028266|Lmo4	2351.0	144189148	chr3:144188529-144189299	0.47	0.50	0.52	0.54	1.00	0.66	0.44	0.45	0.54	0.43	0.78	0.71
ENSMUST00000151086.2|ENSMUSG00000037072|Selenof	48189.9	144590795	chr3:144590644-144595432	0.00	0.00	0.00	0.00	0.00	0.00	0.00	0.00	0.00	0.00	0.00	0.00
ENSMUST00000199531.4|ENSMUSG00000037062|Sh3glb1	1105.3	144691186	chr3:144683677-144691457	0.04	0.07	0.12	0.13	0.04	0.05	0.10	0.09	0.08	0.10	0.13	0.18
ENSMUST00000197940.4|ENSMUSG00000074182|Znhit6	118.9	145578530	chr3:145578278-145582636	0.00	0.00	0.00	0.00	0.00	0.00	0.00	0.01	0.00	0.00	0.00	0.00
ENSMUST00000029846.4|ENSMUSG00000028195|Ccn1	98739.0	145647368	chr3:145646975-145647668	0.38	0.41	0.44	0.42	0.69	0.46	0.40	0.37	0.49	0.38	0.53	0.47
ENSMUST00000029845.14|ENSMUSG00000028194|Ddah1	1572.7	145893051	chr3:145891555-145894277	0.46	0.42	0.50	0.62	0.57	0.55	0.93	0.53	0.55	0.51	0.57	0.64
ENSMUST00000029842.8|ENSMUSG00000028191|Bcl10	784.2	145934009	chr3:145933303-145934356	0.62	0.55	0.58	0.40	0.64	0.66	0.64	0.47	0.56	0.41	0.62	0.67
ENSMUST00000134575.7|ENSMUSG00000036873|2410004B18Rik	1018.6	145939096	chr3:145938566-145944827	0.00	0.01	0.00	0.01	0.07	0.00	0.00	0.00	0.00	0.00	0.00	0.00
ENSMUST00000039517.10|ENSMUSG00000036863|Syde2	15.3	146021123	chr3:146020296-146021720	NA	NA	NA	1.00	0.70	NA	NA	0.74	NA	0.98	NA	NA
ENSMUST00000039450.4|ENSMUSG00000036853|Mcoln3	30.0	146141236	chr3:146140595-146141806	NA	NA	0.26	0.20	0.53	NA	0.76	0.78	0.36	0.32	NA	NA
ENSMUST00000011152.13|ENSMUSG00000011008|Mcoln2	272.2	146195185	chr3:146194788-146195513	0.92	0.28	0.54	0.63	0.83	0.46	0.53	0.38	0.36	0.32	NA	NA
ENSMUST00000106153.8|ENSMUSG00000036825|Ssx2ip	186.1	146439153	chr3:146438827-146440144	0.85	0.74	0.61	0.94	1.00	1.00	1.00	0.76	0.78	0.61	0.86	0.79
ENSMUST00000090031.11|ENSMUSG00000068523|Gng5	27325.3	146503533	chr3:146503382-146505572	0.19	0.02	0.01	0.03	0.03	0.01	0.02	0.03	0.01	0.00	0.01	0.01
ENSMUST00000102515.9|ENSMUSG00000005034|Prkacb	1277.6	146731438	chr3:146729573-146732590	0.82	0.94	0.85	0.71	1.00	1.00	1.00	0.84	0.75	0.78	1.00	0.93
ENSMUST00000029671.8|ENSMUSG00000028037|Ifi44	131.0	151732215	chr3:151730921-151732382	0.59	0.66	0.60	0.75	0.81	0.73	0.72	0.74	1.00	0.64	0.63	0.49
ENSMUST00000029670.6|ENSMUSG00000028036|Ptgfr	79.5	151801009	chr3:151796501-151801626	NA	NA	0.26	0.30	0.09	0.09	0.18	0.33	0.29	0.33	NA	NA
ENSMUST00000050073.12|ENSMUSG00000028035|Dnajb4	481.7	152184314	chr3:152183954-152185149	0.52	0.49	0.31	0.41	1.00	0.60	0.50	0.41	0.48	0.39	0.52	0.58
ENSMUST00000196265.4|ENSMUSG00000054942|Miga1	16.6	152320547	chr3:152297172-152320698	0.02	0.01	0.01	0.02	0.02	0.01	0.01	0.02	0.02	0.01	0.01	0.01
ENSMUST00000123237.7|ENSMUSG00000025437|Usp33	819.1	152360513	chr3:152360362-152371905	0.24	0.27	0.20	0.29	0.16	0.19	0.21	0.20	0.26	0.26	0.23	0.20
ENSMUST00000106100.8|ENSMUSG00000039068|Zzz3	66.6	152459273	chr3:152458395-152462826	0.03	0.04	0.06	0.07	0.07	0.03	0.05	0.06	0.08	0.06	0.08	0.25
ENSMUST00000045262.10|ENSMUSG00000039058|Ak5	142.2	152463224	chr3:152462814-152463950	0.91	0.83	0.60	0.77	0.60	0.96	0.57	0.79	0.79	0.55	0.79	0.80
ENSMUST00000044278.5|ENSMUSG00000039037|St6galnac5	61.3	152820122	chr3:152817080-152821513	0.21	0.14	0.14	0.09	0.05	0.07	0.06	0.20	NA	0.03	0.15	0.19
ENSMUST00000200397.4|ENSMUSG00000052544|St6galnac3	38.2	153203625	chr3:153198265-153205407	0.01	0.01	0.01	0.02	0.02	NA	0.00	0.02	0.00	0.01	0.02	0.00
ENSMUST00000156310.1|ENSMUSG00000062908|Acadm	5934.5	153937702	chr3:153936310-153938572	0.14	0.00	0.07	0.04	0.03	0.01	0.03	0.04	0.00	0.02	0.00	0.01
ENSMUST00000170461.7|ENSMUSG00000047583|Tyw3	38.2	154579999	chr3:154576519-154580285	0.11	0.37	0.49	0.64	0.15	0.07	0.13	0.50	0.40	0.48	0.72	0.35
ENSMUST00000066568.5|ENSMUSG00000053870|Fpgt	47.1	155086388	chr3:155084917-155086618	0.75	0.60	0.78	1.00	NA	0.66	NA	1.00	0.58	0.91	NA	1.00
ENSMUST00000074015.10|ENSMUSG00000040037|Negr1	176.8	157313105	chr3:157312907-157316445	NA	1.00	0.89	0.72	NA	NA	NA	1.00	NA	NA	1.00	1.00
ENSMUST00000184802.7|ENSMUSG00000028180|Zranb2	1950.2	157537748	chr3:157537597-157548336	0.19	0.17	0.20	0.19	0.10	0.12	0.11	0.23	0.19	0.16	0.09	0.11
ENSMUST00000118539.1|ENSMUSG00000028179|Cth	46.9	157894530	chr3:157894247-157894821	0.30	0.25	0.19	0.20	1.00	0.66	0.11	0.15	NA	NA	0.55	0.36
ENSMUST00000199727.4|ENSMUSG00000039988|Ankrd13c	662.9	157988807	chr3:157988656-158007428	0.04	0.04	0.04	0.04	0.05	0.03	0.04	0.03	0.04	0.04	0.04	0.04
ENSMUST00000126716.8|ENSMUSG00000055436|Srsf11	14173.1	158021375	chr3:158019390-158024211	0.01	0.00	0.00	0.00	0.01	NA	0.01	0.00	0.00	0.00	0.00	NA
ENSMUST00000200191.1|ENSMUSG00000028173|Wls	9058.4	159848720	chr3:159848569-159934903	0.44	NA	1.00	1.00	0.46	NA	1.00	1.00	1.00	1.00	NA	NA
