Gene	fit_value	Predicted_Proximal_APA	Loci	/home/taylor/stroke_APA_work/bedgraph/day1_rep1_PDUI	/home/taylor/stroke_APA_work/bedgraph/day1_rep2_PDUI	/home/taylor/stroke_APA_work/bedgraph/day21_rep1_PDUI	/home/taylor/stroke_APA_work/bedgraph/day21_rep2_PDUI	/home/taylor/stroke_APA_work/bedgraph/day3_rep1_PDUI	/home/taylor/stroke_APA_work/bedgraph/day3_rep2_PDUI	/home/taylor/stroke_APA_work/bedgraph/day60_rep1_PDUI	/home/taylor/stroke_APA_work/bedgraph/day60_rep2_PDUI	/home/taylor/stroke_APA_work/bedgraph/day7_rep1_PDUI	/home/taylor/stroke_APA_work/bedgraph/day7_rep2_PDUI	/home/taylor/stroke_APA_work/bedgraph/sham1_PDUI	/home/taylor/stroke_APA_work/bedgraph/sham2_PDUI
ENSMUST00000052712.5|ENSMUSG00000028233|Tgs1	44.9	3615171	chr4:3615002-3616619	0.90	1.00	0.70	0.55	0.80	1.00	0.91	1.00	0.76	0.92	0.73	NA
ENSMUST00000041377.12|ENSMUSG00000042228|Lyn	1317.0	3790867	chr4:3789941-3791613	0.20	0.15	0.18	0.08	0.25	0.17	0.16	0.05	0.11	0.15	0.14	0.17
ENSMUST00000138502.1|ENSMUSG00000028234|Rps20	124.6	3834352	chr4:3831333-3834503	0.02	0.12	NA	NA	0.02	0.13	0.03	NA	NA	NA	0.10	0.17
ENSMUST00000070375.7|ENSMUSG00000045573|Penk	1892.4	4133690	chr4:4133530-4133841	0.27	0.34	0.39	0.15	0.58	0.40	0.23	0.26	0.21	0.26	0.48	0.40
ENSMUST00000084949.2|ENSMUSG00000066324|Impad1	218.0	4766444	chr4:4762483-4767706	0.31	0.33	0.29	0.28	0.44	0.25	0.43	0.40	0.31	0.36	0.43	0.36
ENSMUST00000054857.12|ENSMUSG00000049119|Fam110b	127.4	5799850	chr4:5799681-5801101	0.22	0.16	0.12	0.19	0.06	0.10	0.06	0.26	0.12	0.13	0.23	0.20
ENSMUST00000029907.5|ENSMUSG00000028243|Ubxn2b	161.1	6216371	chr4:6216071-6221688	0.07	0.26	0.28	0.25	0.11	0.11	0.14	0.25	0.31	0.36	0.55	0.48
ENSMUST00000029912.10|ENSMUSG00000028249|Sdcbp	181906.5	6395412	chr4:6394561-6396284	0.14	0.12	0.13	0.13	0.25	0.16	0.12	0.12	0.15	0.13	0.19	0.17
ENSMUST00000029910.11|ENSMUSG00000028245|Nsmaf	128.3	6396433	chr4:6396206-6396725	0.45	0.39	0.38	0.56	0.34	0.22	0.45	0.42	0.65	0.53	0.51	0.47
ENSMUST00000066674.7|ENSMUSG00000041261|Car8	48.6	8169482	chr4:8143361-8169633	0.00	0.00	0.00	0.00	0.00	0.00	0.00	0.00	NA	NA	0.00	0.00
ENSMUST00000060232.7|ENSMUSG00000047187|Rab2a	9703.3	8607373	chr4:8606500-8607778	0.54	0.57	0.53	0.52	0.76	0.48	0.50	0.55	0.54	0.53	0.60	0.65
ENSMUST00000038841.13|ENSMUSG00000041216|Clvs1	48.1	9449877	chr4:9449474-9451691	NA	NA	1.00	0.69	NA	0.63	0.12	0.77	0.96	0.66	1.00	1.00
ENSMUST00000078139.12|ENSMUSG00000028207|Asph	341.8	9451546	chr4:9449078-9453297	0.17	0.27	0.22	0.16	0.15	0.20	0.13	0.16	0.15	0.13	1.00	1.00
ENSMUST00000101504.2|ENSMUSG00000059482|2610301B20Rik	313.5	10898466	chr4:10898049-10899425	0.94	0.94	0.76	0.71	1.00	1.00	1.00	0.60	0.83	0.90	0.93	0.80
ENSMUST00000054776.3|ENSMUSG00000049969|Plekhf2	270.0	10990377	chr4:10988661-10990593	0.91	0.74	0.82	0.84	1.00	0.73	0.91	0.92	0.92	0.81	0.98	0.85
ENSMUST00000029865.3|ENSMUSG00000028211|Trp53inp1	143.9	11170107	chr4:11169956-11174379	0.97	0.83	1.00	1.00	1.00	0.64	1.00	0.88	0.87	1.00	NA	NA
ENSMUST00000029866.15|ENSMUSG00000028212|Ccne2	85.7	11203778	chr4:11203095-11204779	NA	NA	NA	NA	0.95	0.67	NA	0.42	0.70	0.70	NA	NA
ENSMUST00000044616.9|ENSMUSG00000040738|Ints8	134.1	11202984	chr4:11199157-11204469	0.17	NA	NA	NA	0.10	0.09	NA	NA	NA	0.19	0.22	0.22
ENSMUST00000059914.12|ENSMUSG00000040720|Virma	18.1	11549847	chr4:11549696-11550684	NA	0.74	0.85	NA	0.44	0.33	0.44	0.81	0.49	1.00	0.81	0.32
ENSMUST00000178725.1|ENSMUSG00000078773|Rad54b	39.6	11601813	chr4:11601662-11606144	0.09	NA	0.08	NA	0.14	NA	NA	0.09	NA	NA	0.06	0.09
ENSMUST00000108304.8|ENSMUSG00000028214|Gem	197.1	11714319	chr4:11713750-11714752	0.59	0.63	0.74	0.57	1.00	1.00	0.61	0.62	0.55	0.40	1.00	0.39
ENSMUST00000108297.2|ENSMUSG00000049225|Pdp1	111.0	11960001	chr4:11958183-11960575	0.20	0.21	0.22	0.32	0.24	0.31	0.19	0.25	0.29	0.23	0.38	0.55
ENSMUST00000131145.8|ENSMUSG00000049488|Tmem67	111.8	12068867	chr4:12039362-12075483	0.47	NA	0.62	NA	NA	NA	NA	0.70	NA	0.52	NA	NA
ENSMUST00000063839.5|ENSMUSG00000052137|Rbm12b2	15.8	12096032	chr4:12095644-12096243	1.00	1.00	0.50	0.60	0.23	0.43	NA	0.42	NA	NA	0.59	NA
ENSMUST00000126012.2|ENSMUSG00000028218|Fam92a	5209.6	12168222	chr4:12164120-12169046	0.05	0.01	0.03	0.02	0.05	0.02	0.01	0.03	0.01	0.02	0.00	0.00
ENSMUST00000183345.1|ENSMUSG00000055963|Triqk	76.0	12981265	chr4:12980515-12983553	0.09	0.20	0.09	0.09	0.14	0.07	0.02	0.15	0.15	0.15	0.13	0.22
ENSMUST00000006761.9|ENSMUSG00000006586|Runx1t1	81.9	13890436	chr4:13889884-13893649	NA	0.15	0.16	0.13	0.36	0.22	0.14	0.21	0.13	0.15	0.24	0.22
ENSMUST00000042221.13|ENSMUSG00000040569|Slc26a7	86.9	14505271	chr4:14502429-14505469	NA	NA	0.72	0.83	NA	0.95	NA	0.80	0.78	0.76	NA	NA
ENSMUST00000029875.3|ENSMUSG00000028221|Pip4p2	516.1	14914412	chr4:14913864-14915176	0.67	0.80	0.78	0.79	1.00	0.84	1.00	0.96	0.94	0.86	1.00	0.91
ENSMUST00000041606.13|ENSMUSG00000040536|Necab1	69.8	14955264	chr4:14952244-14955895	NA	NA	NA	0.59	NA	0.85	NA	1.00	NA	NA	0.99	0.78
ENSMUST00000062684.8|ENSMUSG00000043252|Tmem64	1769.2	15285082	chr4:15283347-15286753	0.32	0.45	0.25	0.25	0.37	0.19	0.38	0.29	0.27	0.28	0.59	0.58
ENSMUST00000029876.1|ENSMUSG00000028222|Calb1	427.2	15905409	chr4:15904760-15908064	0.08	0.06	0.07	0.04	0.11	0.06	0.06	0.14	NA	NA	0.07	0.09
ENSMUST00000029877.8|ENSMUSG00000028223|Decr1	150.5	15918886	chr4:15917239-15919037	0.51	0.64	1.00	0.68	0.38	0.71	0.66	0.67	0.82	0.78	0.65	0.80
ENSMUST00000037198.9|ENSMUSG00000041153|Osgin2	199.8	15997522	chr4:15997120-15997970	0.38	0.31	0.37	0.37	1.00	0.32	0.30	0.31	0.24	0.24	0.30	0.20
ENSMUST00000029885.4|ENSMUSG00000028228|Cpne3	135.6	19522261	chr4:19519253-19523186	0.44	0.42	0.43	0.44	1.00	0.38	0.44	0.51	0.41	0.42	0.45	0.51
ENSMUST00000108246.8|ENSMUSG00000041058|Wwp1	41.0	19611565	chr4:19608302-19611716	0.30	0.40	0.31	0.59	0.48	0.44	0.26	0.58	0.51	0.59	0.82	0.48
ENSMUST00000029900.5|ENSMUSG00000028238|Atp6v0d2	414.6	19877794	chr4:19876840-19878221	NA	NA	0.55	0.73	0.82	NA	0.48	0.54	0.65	0.75	NA	NA
ENSMUST00000117632.7|ENSMUSG00000073988|Ttpa	44.6	20029627	chr4:20028531-20030785	1.00	1.00	NA	NA	NA	0.55	NA	NA	NA	NA	0.82	0.77
ENSMUST00000098242.3|ENSMUSG00000073987|Ggh	417.9	20066009	chr4:20065858-20066750	0.03	0.08	0.03	0.06	0.04	0.07	0.08	0.06	0.05	0.07	0.08	0.12
ENSMUST00000065928.10|ENSMUSG00000028252|Ccnc	185.7	21747717	chr4:21747531-21750546	0.53	1.00	0.60	0.79	0.51	0.48	0.40	0.41	0.73	0.47	0.90	0.83
ENSMUST00000029915.5|ENSMUSG00000028251|Tstd3	181.2	21757697	chr4:21757381-21758405	0.58	0.59	0.41	0.55	0.46	0.75	0.64	0.23	0.68	0.36	0.65	0.69
ENSMUST00000137293.7|ENSMUSG00000040455|Usp45	9.0	21804388	chr4:21804237-21837870	0.13	NA	0.06	NA	NA	NA	0.10	0.10	0.13	0.09	0.08	0.09
ENSMUST00000185001.7|ENSMUSG00000028248|Pnisr	727.1	21871608	chr4:21869632-21873755	0.10	NA	NA	NA	0.13	NA	0.33	0.14	NA	NA	NA	NA
ENSMUST00000029909.2|ENSMUSG00000028247|Coq3	14.9	21910847	chr4:21910636-21912162	0.51	0.33	0.49	0.32	0.47	0.31	0.29	0.75	0.30	NA	0.72	0.76
ENSMUST00000184455.7|ENSMUSG00000040410|Fbxl4	21.7	22390921	chr4:22390725-22434088	0.01	0.01	0.01	0.01	0.01	0.01	0.02	0.01	0.01	0.01	0.01	0.01
ENSMUST00000029925.9|ENSMUSG00000028261|Ndufaf4	208.9	24903306	chr4:24901972-24905001	0.04	0.04	0.05	0.07	0.10	0.06	0.11	0.03	0.11	0.05	0.10	0.10
ENSMUST00000102994.9|ENSMUSG00000040359|Ufl1	71.7	25250321	chr4:25248604-25250472	0.52	0.40	0.54	0.62	0.46	0.46	0.21	0.47	0.47	0.51	0.59	0.66
ENSMUST00000084770.4|ENSMUSG00000055373|Fut9	31.0	25614872	chr4:25609331-25619735	NA	0.13	NA	NA	NA	0.14	NA	NA	NA	NA	0.16	0.21
ENSMUST00000041374.7|ENSMUSG00000040520|Manea	88.9	26327053	chr4:26324505-26327653	1.00	0.85	1.00	1.00	0.80	0.91	1.00	0.82	0.87	0.81	0.92	0.93
ENSMUST00000029964.11|ENSMUSG00000028289|Epha7	20.1	28964506	chr4:28964000-28967499	0.18	0.07	0.20	0.13	NA	0.13	0.04	0.21	0.15	0.17	NA	NA
ENSMUST00000108183.7|ENSMUSG00000028284|Map3k7	184.1	32020534	chr4:32019530-32023467	0.22	0.26	0.28	0.31	0.41	0.14	0.09	0.31	0.33	0.28	0.33	0.32
ENSMUST00000035719.10|ENSMUSG00000040183|Ankrd6	51.5	32805949	chr4:32804034-32806115	0.33	0.82	1.00	0.75	NA	0.77	NA	0.65	0.42	0.48	0.66	0.77
ENSMUST00000098190.9|ENSMUSG00000028278|Rragd	527.7	33019109	chr4:33018795-33022180	1.00	0.71	0.84	0.74	0.72	1.00	0.82	1.00	0.64	0.36	0.69	0.67
ENSMUST00000124992.7|ENSMUSG00000028277|Ube2j1	656.6	33050191	chr4:33049957-33052363	0.85	0.99	1.00	0.98	1.00	0.91	1.00	1.00	0.87	1.00	1.00	0.93
ENSMUST00000067864.7|ENSMUSG00000054679|Srsf12	27.6	33232203	chr4:33231290-33233340	NA	0.49	NA	0.66	NA	NA	NA	0.84	0.78	NA	1.00	0.80
ENSMUST00000049357.9|ENSMUSG00000040128|Pnrc1	14063.1	33245735	chr4:33245422-33246066	0.54	0.59	0.41	0.41	0.76	0.55	0.45	0.43	0.50	0.43	0.67	0.63
ENSMUST00000108153.8|ENSMUSG00000028274|Rngtt	51.3	33500689	chr4:33500398-33502614	0.30	0.52	0.50	0.40	0.23	0.23	NA	0.48	0.44	0.45	0.67	0.87
ENSMUST00000084299.5|ENSMUSG00000028291|Akirin2	1163.1	34566457	chr4:34566222-34566908	0.60	0.54	0.54	0.62	0.77	0.78	0.56	0.58	0.67	0.57	0.80	0.69
ENSMUST00000029970.13|ENSMUSG00000028293|Slc35a1	434.7	34663957	chr4:34663256-34664108	1.00	0.88	0.97	1.00	0.82	0.60	1.00	0.81	1.00	0.83	1.00	1.00
ENSMUST00000108132.7|ENSMUSG00000028295|Smim8	528.8	34768840	chr4:34768663-34768991	0.36	0.32	0.25	0.24	0.51	0.30	0.25	0.29	0.32	0.34	0.44	0.38
ENSMUST00000102975.9|ENSMUSG00000073910|Mob3b	22.6	34953677	chr4:34949073-34954020	NA	0.23	NA	NA	NA	0.30	NA	0.45	0.20	0.18	NA	0.57
ENSMUST00000102973.3|ENSMUSG00000028405|Aco1	648.0	40198015	chr4:40197664-40198338	0.45	0.59	0.50	0.42	0.97	0.54	0.54	0.35	0.41	0.41	0.67	0.65
ENSMUST00000037907.12|ENSMUSG00000040296|Ddx58	144.5	40205248	chr4:40204848-40205812	0.76	0.91	0.46	0.44	1.00	1.00	0.86	0.85	0.61	0.60	NA	0.92
ENSMUST00000042575.6|ENSMUSG00000036822|Topors	126.0	40259856	chr4:40259600-40260183	0.45	0.28	0.43	0.43	0.80	0.43	0.63	0.24	0.60	0.31	0.51	0.41
ENSMUST00000129758.2|ENSMUSG00000028407|Smim27	23105.6	40270290	chr4:40270139-40270940	NA	NA	NA	NA	1.00	1.00	NA	NA	NA	NA	1.00	1.00
ENSMUST00000129021.8|ENSMUSG00000028411|Aptx	1192.7	40694851	chr4:40686241-40695404	0.15	0.14	NA	NA	0.10	0.15	0.16	0.17	NA	0.15	0.15	0.12
ENSMUST00000164233.7|ENSMUSG00000028410|Dnaja1	2366.4	40733681	chr4:40732943-40737149	0.03	0.03	0.03	0.05	0.03	0.02	0.05	0.03	0.03	0.03	0.03	0.05
ENSMUST00000030117.4|ENSMUSG00000028409|Smu1	548.1	40737148	chr4:40736541-40737299	0.19	0.42	0.37	0.45	0.21	0.27	0.23	0.23	0.20	0.36	0.43	0.37
ENSMUST00000030121.12|ENSMUSG00000028413|B4galt1	359.0	40806544	chr4:40804601-40807187	0.61	0.87	0.80	0.96	0.62	0.61	0.86	0.73	0.89	0.84	NA	0.99
ENSMUST00000030128.5|ENSMUSG00000028419|Chmp5	16793.6	40964915	chr4:40964642-40965303	0.53	0.51	0.50	0.54	0.67	0.53	0.43	0.44	0.51	0.47	0.54	0.55
ENSMUST00000030133.14|ENSMUSG00000028423|Nfx1	77.1	41012437	chr4:41012105-41013871	0.12	0.09	0.13	0.08	0.05	0.10	0.18	0.20	0.10	0.13	0.20	0.17
ENSMUST00000030138.8|ENSMUSG00000028430|Nol6	129.3	41114751	chr4:41114426-41115359	0.76	0.75	0.59	0.54	0.68	0.47	0.91	0.59	0.69	0.52	0.64	0.66
ENSMUST00000040008.3|ENSMUSG00000036241|Ube2r2	7650.4	41191090	chr4:41190821-41193380	0.03	0.03	0.03	0.03	0.08	0.04	0.03	0.02	0.02	0.03	0.04	0.04
ENSMUST00000108068.7|ENSMUSG00000028433|Ubap2	295.3	41194624	chr4:41194312-41195153	0.96	0.46	0.61	0.65	0.98	0.86	0.51	0.42	0.56	0.43	1.00	0.80
ENSMUST00000030145.8|ENSMUSG00000028436|Dcaf12	472.7	41292806	chr4:41291299-41293058	0.57	0.81	0.80	0.73	0.88	0.62	0.82	0.71	0.67	0.76	0.74	0.76
ENSMUST00000072866.11|ENSMUSG00000028437|Ubap1	956.0	41389520	chr4:41388818-41390525	0.06	0.08	0.05	0.07	0.23	0.11	0.09	0.06	0.07	0.05	0.09	0.10
ENSMUST00000030154.6|ENSMUSG00000028443|Nudt2	598.6	41480710	chr4:41480559-41480926	0.34	0.36	0.28	0.21	0.80	0.34	0.25	0.29	0.35	0.26	0.52	0.51
ENSMUST00000054920.4|ENSMUSG00000046312|Myorg	94.8	41497264	chr4:41495603-41497480	0.79	0.82	0.94	0.94	NA	1.00	1.00	1.00	1.00	0.83	1.00	1.00
ENSMUST00000108049.8|ENSMUSG00000028439|Fam219a	104.4	41519180	chr4:41517690-41520242	0.04	0.06	0.14	0.05	0.18	0.11	0.22	0.06	0.05	0.09	0.13	0.19
ENSMUST00000127306.1|ENSMUSG00000028445|Enho	57661.2	41638395	chr4:41638143-41638614	0.30	0.28	0.28	0.27	0.65	0.30	0.23	0.23	0.30	0.36	0.36	0.38
ENSMUST00000102961.9|ENSMUSG00000028444|Cntfr	4955.0	41657761	chr4:41657497-41658242	NA	0.56	0.74	0.50	NA	0.74	0.53	0.47	0.44	0.51	0.90	0.60
ENSMUST00000108041.7|ENSMUSG00000073889|Il11ra1	29231.2	41769268	chr4:41769117-41769474	0.41	0.39	0.30	0.27	0.67	0.44	0.32	0.32	0.34	0.31	0.56	0.49
ENSMUST00000038434.3|ENSMUSG00000036114|Rpp25l	1055.8	41712133	chr4:41712032-41712284	0.28	0.23	0.26	0.23	0.39	0.33	0.17	0.18	0.14	0.21	0.36	0.43
ENSMUST00000171641.1|ENSMUSG00000028447|Dctn3	16585.1	41715021	chr4:41714797-41715172	0.07	0.05	0.06	0.07	0.11	0.07	0.05	0.07	0.05	0.07	0.11	0.09
ENSMUST00000059354.14|ENSMUSG00000036078|Sigmar1	1607.5	41738874	chr4:41738492-41739356	0.26	0.33	0.33	0.30	0.36	0.23	0.34	0.29	0.38	0.30	0.32	0.34
ENSMUST00000108038.1|ENSMUSG00000036073|Galt	10395.0	41758601	chr4:41758304-41758695	1.00	NA	NA	NA	1.00	NA	NA	1.00	NA	NA	1.00	1.00
ENSMUST00000151142.7|ENSMUSG00000073888|Ccl27a	31515.4	41771058	chr4:41769466-41771209	0.22	0.20	0.24	0.17	0.21	0.18	0.17	0.18	0.23	0.15	0.19	0.20
ENSMUST00000098128.3|ENSMUSG00000094065|Ccl21d	1465.9	41904531	chr4:41904347-41904743	0.21	0.37	0.33	0.33	0.75	0.45	0.28	0.22	0.39	0.62	0.43	0.47
ENSMUST00000098123.3|ENSMUSG00000073878|Gm13304	1496.2	42115704	chr4:42115521-42115917	0.21	0.37	0.32	0.33	0.75	0.45	0.28	0.21	0.39	0.60	0.43	0.47
ENSMUST00000098121.3|ENSMUSG00000073876|Gm13305	43.8	42159047	chr4:42158841-42159198	0.00	0.29	0.38	0.03	0.37	0.22	0.38	0.28	0.24	0.00	0.26	NA
ENSMUST00000178864.2|ENSMUSG00000095675|Ccl21b	1626.5	42256612	chr4:42256429-42256825	0.21	0.36	0.32	0.32	0.76	0.44	0.28	0.21	0.37	0.60	0.42	0.47
ENSMUST00000178168.2|ENSMUSG00000096596|Gm10591	1745.0	42613036	chr4:42612857-42613253	0.21	0.36	0.33	0.32	0.76	0.44	0.29	0.21	0.35	0.63	0.42	0.47
ENSMUST00000238770.1|ENSMUSG00000078735|Il11ra2	43.0	42656206	chr4:42656000-42656357	0.00	0.29	0.41	0.03	0.37	0.22	0.38	0.28	0.21	0.00	0.26	NA
ENSMUST00000140546.2|ENSMUSG00000071005|Ccl19	79473.0	42754645	chr4:42754530-42754796	0.17	0.31	0.31	0.36	0.52	0.21	0.34	0.34	0.34	0.33	0.48	0.51
ENSMUST00000095114.4|ENSMUSG00000094686|Ccl21a	1066.8	42773104	chr4:42772859-42773255	0.05	0.05	0.23	0.28	0.30	0.06	0.04	0.17	0.00	0.11	0.03	0.04
ENSMUST00000124380.1|ENSMUSG00000036062|Phf24	2609.2	42934926	chr4:42934775-42940357	NA	0.40	0.52	0.48	NA	0.41	NA	0.43	NA	NA	0.55	0.47
ENSMUST00000037872.9|ENSMUSG00000036052|Dnajb5	72.1	42958480	chr4:42957548-42959425	0.09	0.06	0.06	0.07	0.36	0.14	0.08	0.07	0.10	0.14	0.07	0.09
ENSMUST00000030164.7|ENSMUSG00000028452|Vcp	23162.9	42980380	chr4:42979962-42980531	0.36	0.34	0.33	0.29	0.44	0.40	0.35	0.35	0.33	0.32	0.42	0.36
ENSMUST00000030165.4|ENSMUSG00000028453|Fancg	50.2	43002690	chr4:43002342-43002986	0.70	0.55	0.27	0.51	1.00	0.52	0.57	0.39	0.47	0.31	0.43	0.52
ENSMUST00000149333.7|ENSMUSG00000028454|Pigo	35.0	43017760	chr4:43017634-43017911	0.02	NA	0.11	0.22	0.47	0.43	0.20	0.24	0.11	0.26	NA	0.26
ENSMUST00000030169.14|ENSMUSG00000028455|Stoml2	2699.7	43028016	chr4:43027689-43028167	0.05	0.08	0.26	0.14	0.02	0.08	0.04	0.11	0.02	0.03	0.07	0.14
ENSMUST00000207569.1|ENSMUSG00000028456|Unc13b	41.4	43264149	chr4:43263582-43264871	1.00	1.00	0.89	0.60	0.97	NA	1.00	1.00	1.00	0.40	NA	0.98
ENSMUST00000173682.7|ENSMUSG00000035969|Rusc2	3137.4	43422859	chr4:43422497-43426649	0.55	0.59	0.51	0.47	0.44	0.51	0.48	0.45	0.49	0.43	0.52	0.44
ENSMUST00000138981.7|ENSMUSG00000028458|Tesk1	119635.4	43445606	chr4:43445364-43447794	1.00	1.00	1.00	1.00	1.00	1.00	1.00	1.00	1.00	1.00	1.00	1.00
ENSMUST00000098104.9|ENSMUSG00000028459|Cd72	47594.1	43448116	chr4:43446461-43448267	NA	NA	1.00	1.00	1.00	1.00	1.00	1.00	1.00	1.00	NA	NA
ENSMUST00000030184.11|ENSMUSG00000028464|Tpm2	11.4	43515770	chr4:43514710-43515923	0.70	0.22	NA	NA	NA	NA	0.38	0.45	NA	NA	0.21	0.11
ENSMUST00000030187.13|ENSMUSG00000028465|Tln1	1502.1	43531752	chr4:43531518-43531962	0.44	0.34	0.39	0.37	0.73	0.60	0.33	0.31	0.28	0.42	0.52	0.44
ENSMUST00000102944.10|ENSMUSG00000028466|Creb3	1475.0	43566945	chr4:43566794-43567060	0.26	0.29	0.34	0.37	0.59	0.30	0.29	0.24	0.20	0.34	0.41	0.48
ENSMUST00000030189.13|ENSMUSG00000028467|Gba2	207.6	43567040	chr4:43566927-43567191	0.87	0.62	0.71	0.59	1.00	0.68	0.58	0.41	0.49	0.55	0.42	0.27
ENSMUST00000107886.8|ENSMUSG00000028468|Rgp1	11.5	43584096	chr4:43583080-43587487	NA	0.06	0.11	0.09	NA	NA	NA	0.17	0.07	0.12	NA	0.12
ENSMUST00000107874.8|ENSMUSG00000028469|Npr2	1724.5	43651075	chr4:43650750-43651244	1.00	0.56	0.62	0.69	1.00	0.53	0.55	0.50	0.49	0.63	NA	0.40
ENSMUST00000107865.8|ENSMUSG00000078716|Tmem8b	430.5	43690581	chr4:43690359-43692668	NA	1.00	1.00	1.00	NA	0.98	NA	1.00	0.77	1.00	1.00	0.85
ENSMUST00000095109.4|ENSMUSG00000071001|Hrct1	859.2	43727963	chr4:43727688-43728639	0.07	0.05	0.04	0.05	0.14	0.16	0.05	0.05	0.08	0.08	0.11	0.09
ENSMUST00000131248.1|ENSMUSG00000028475|Spaar	31.5	43731878	chr4:43731189-43734534	0.08	0.05	0.06	0.06	NA	NA	0.04	0.03	NA	NA	0.11	0.10
ENSMUST00000030198.6|ENSMUSG00000028476|Reck	101.0	43944121	chr4:43943362-43944806	0.76	0.88	0.49	0.95	1.00	1.00	0.95	0.69	0.78	0.70	NA	1.00
ENSMUST00000030202.13|ENSMUSG00000028480|Glipr2	1341.2	43978455	chr4:43977620-43979118	0.86	0.89	0.90	1.00	0.91	0.80	1.00	0.90	1.00	0.90	0.73	0.73
ENSMUST00000107846.9|ENSMUSG00000028478|Clta	20341.3	44032720	chr4:44032569-44032846	0.29	0.20	0.23	0.23	0.47	0.34	0.23	0.17	0.22	0.22	0.33	0.30
ENSMUST00000174522.7|ENSMUSG00000028479|Gne	519.8	44052770	chr4:44036809-44052962	0.07	0.07	0.06	0.07	0.08	0.09	0.08	0.07	0.06	0.08	0.05	0.07
ENSMUST00000098098.8|ENSMUSG00000035696|Rnf38	58.7	44129445	chr4:44126209-44129596	1.00	NA	1.00	1.00	NA	1.00	NA	1.00	0.95	1.00	NA	1.00
ENSMUST00000142714.7|ENSMUSG00000035649|Zcchc7	35.9	44895989	chr4:44893538-44909816	0.17	NA	0.08	0.03	0.01	NA	0.01	0.08	NA	0.04	NA	NA
ENSMUST00000055028.8|ENSMUSG00000049657|Zbtb5	21.5	44993207	chr4:44991241-44993372	0.81	0.43	0.53	0.59	NA	0.43	0.46	0.66	0.33	0.36	0.28	0.47
ENSMUST00000133157.7|ENSMUSG00000028318|Polr1e	28.7	45032248	chr4:45032097-45033692	0.14	0.15	NA	0.06	0.01	0.04	0.27	0.22	0.09	0.06	0.19	0.15
ENSMUST00000052236.12|ENSMUSG00000048232|Fbxo10	72.0	45035336	chr4:45034246-45035910	0.92	0.64	0.76	1.00	NA	1.00	1.00	0.87	1.00	0.95	0.81	0.55
ENSMUST00000107809.8|ENSMUSG00000078713|Tomm5	2403.0	45105394	chr4:45105211-45105632	0.48	0.45	0.44	0.49	0.62	0.51	0.43	0.47	0.50	0.40	0.48	0.42
ENSMUST00000044673.8|ENSMUSG00000035601|Trmt10b	32.8	45315269	chr4:45315118-45316131	0.16	0.39	0.42	0.31	0.23	0.22	0.34	0.49	0.36	0.20	0.45	0.35
ENSMUST00000155551.7|ENSMUSG00000035572|Dcaf10	29.4	45374593	chr4:45374274-45379759	0.10	0.17	0.14	0.15	0.11	0.09	0.13	0.13	0.19	0.20	0.25	0.40
ENSMUST00000107796.7|ENSMUSG00000045973|Slc25a51	451.1	45398633	chr4:45395922-45399243	0.06	0.11	0.21	0.22	0.22	0.13	0.26	0.12	0.21	0.22	0.19	0.18
ENSMUST00000061986.11|ENSMUSG00000044813|Shb	40.5	45423767	chr4:45423277-45423942	0.27	0.48	0.41	0.65	0.83	1.00	0.59	0.31	0.51	0.37	0.33	NA
ENSMUST00000044384.4|ENSMUSG00000035561|Aldh1b1	18.4	45804335	chr4:45804020-45804604	NA	0.64	0.56	0.23	0.86	0.42	0.55	0.51	0.47	0.21	NA	0.50
ENSMUST00000107777.8|ENSMUSG00000035517|Tdrd7	148.0	46034664	chr4:46034513-46034761	0.26	0.13	0.05	0.17	0.42	0.58	0.23	0.18	0.08	0.23	0.24	0.30
ENSMUST00000107773.2|ENSMUSG00000028328|Tmod1	390.3	46114526	chr4:46114375-46116032	1.00	1.00	1.00	1.00	1.00	1.00	1.00	1.00	NA	NA	0.79	0.83
ENSMUST00000107772.7|ENSMUSG00000035495|Tstd2	157.0	46116020	chr4:46114745-46116847	0.65	0.92	0.65	0.74	1.00	1.00	0.64	0.66	0.64	0.77	0.98	1.00
ENSMUST00000030014.8|ENSMUSG00000028330|Ncbp1	280.9	46172169	chr4:46172003-46172403	0.33	0.44	0.34	0.41	0.65	0.45	0.26	0.33	0.40	0.42	0.60	0.66
ENSMUST00000102926.4|ENSMUSG00000028333|Anp32b	7283.0	46472382	chr4:46472151-46472657	0.21	0.24	0.20	0.18	0.33	0.25	0.23	0.17	0.18	0.22	0.35	0.47
ENSMUST00000184112.7|ENSMUSG00000039853|Trim14	4244.4	46499042	chr4:46493780-46510526	0.02	NA	0.00	0.01	0.00	0.00	NA	0.00	0.01	0.00	NA	NA
ENSMUST00000030021.13|ENSMUSG00000028337|Coro2a	96.2	46538495	chr4:46536936-46539138	NA	NA	0.86	NA	NA	NA	0.93	1.00	NA	NA	0.89	1.00
ENSMUST00000107749.3|ENSMUSG00000039809|Gabbr2	210.7	46662962	chr4:46662304-46664786	0.67	0.75	0.50	0.41	NA	1.00	1.00	0.93	0.22	NA	0.92	0.72
ENSMUST00000045041.11|ENSMUSG00000039774|Galnt12	39.2	47122728	chr4:47122574-47123070	0.15	NA	0.34	0.30	0.24	0.31	NA	0.18	0.47	0.31	NA	NA
ENSMUST00000007757.14|ENSMUSG00000007613|Tgfbr1	242.8	47411163	chr4:47410774-47414931	1.00	1.00	0.89	0.89	1.00	1.00	NA	0.91	0.85	0.87	1.00	0.98
ENSMUST00000044148.2|ENSMUSG00000039740|Alg2	542.3	47471410	chr4:47469832-47471561	0.84	1.00	1.00	0.96	1.00	0.85	1.00	0.90	0.93	0.90	1.00	0.90
ENSMUST00000107720.8|ENSMUSG00000061455|Stx17	123.2	48182250	chr4:48181735-48186507	0.25	0.20	0.24	0.26	0.44	0.17	0.11	0.29	0.24	0.23	0.14	0.39
ENSMUST00000030028.4|ENSMUSG00000028343|Erp44	967.5	48194459	chr4:48193322-48194610	0.41	0.39	0.36	0.40	0.32	0.30	0.33	0.32	0.41	0.43	0.44	0.56
ENSMUST00000155905.7|ENSMUSG00000028345|Tex10	85.2	48458537	chr4:48430857-48459983	0.08	0.07	0.06	0.06	0.09	0.07	0.12	0.06	0.06	0.07	0.07	0.07
ENSMUST00000107704.1|ENSMUSG00000039693|Msantd3	353.7	48561584	chr4:48561250-48561919	0.68	0.47	0.45	0.38	0.92	0.52	0.71	0.37	0.45	0.40	0.60	0.63
ENSMUST00000030032.12|ENSMUSG00000028347|Tmeff1	172.8	48662797	chr4:48662082-48663131	0.83	0.87	0.71	0.50	0.97	0.89	0.61	0.61	0.54	0.58	0.81	0.92
ENSMUST00000057829.3|ENSMUSG00000044018|Mrpl50	218.2	49513554	chr4:49512595-49514192	0.77	0.91	0.80	0.77	0.84	0.80	0.95	0.74	0.74	0.84	0.98	1.00
ENSMUST00000042964.12|ENSMUSG00000039634|Zfp189	15.7	49531010	chr4:49530722-49531517	0.58	NA	0.99	NA	0.54	0.40	NA	1.00	1.00	NA	0.84	0.64
ENSMUST00000042750.2|ENSMUSG00000039611|Tmem246	172.9	49585580	chr4:49584505-49585957	0.03	0.06	0.04	0.06	0.07	0.07	0.06	0.08	0.01	0.07	0.11	0.08
ENSMUST00000029989.10|ENSMUSG00000028309|Rnf20	150.4	49656541	chr4:49655974-49656887	0.63	0.49	0.49	0.32	1.00	1.00	0.82	0.77	0.66	0.30	1.00	0.51
ENSMUST00000015391.9|ENSMUSG00000015247|Nipsnap3b	1688.6	53021694	chr4:53021357-53022060	0.44	0.43	0.29	0.40	1.00	0.79	0.27	0.32	0.47	0.33	0.56	0.69
ENSMUST00000030010.3|ENSMUSG00000015243|Abca1	5641.1	53033794	chr4:53030786-53033945	1.00	1.00	1.00	1.00	1.00	1.00	1.00	1.00	1.00	1.00	NA	NA
ENSMUST00000107651.8|ENSMUSG00000028412|Slc44a1	557.3	53565568	chr4:53565417-53567818	1.00	1.00	1.00	1.00	1.00	1.00	1.00	1.00	1.00	1.00	1.00	1.00
ENSMUST00000030127.12|ENSMUSG00000028420|Tmem38b	112.3	53860375	chr4:53860097-53862019	0.32	0.20	0.28	0.42	0.31	0.25	0.20	0.35	0.34	0.46	0.47	0.79
ENSMUST00000030134.8|ENSMUSG00000028426|Rad23b	204.0	55391135	chr4:55389994-55392237	0.11	0.13	0.11	0.08	0.13	0.10	0.18	0.14	0.10	0.16	0.18	0.18
ENSMUST00000107619.2|ENSMUSG00000003032|Klf4	127.9	55527976	chr4:55527142-55528127	1.00	1.00	0.81	0.89	0.94	1.00	1.00	0.84	1.00	0.73	0.56	0.75
ENSMUST00000030140.2|ENSMUSG00000028431|Elp1	49.5	56751192	chr4:56749679-56751654	0.11	0.07	0.08	0.06	0.15	0.10	0.03	0.13	0.06	0.10	0.08	0.12
ENSMUST00000131520.7|ENSMUSG00000038827|Abitram	429.6	56803666	chr4:56803515-56809601	1.00	NA	1.00	1.00	0.55	NA	NA	NA	1.00	NA	1.00	1.00
ENSMUST00000045142.14|ENSMUSG00000038816|Ctnnal1	55.6	56811568	chr4:56810934-56812331	0.74	NA	0.82	0.75	0.45	0.37	0.86	0.61	0.57	0.67	NA	0.58
ENSMUST00000068792.12|ENSMUSG00000055296|Tmem245	23.5	56879056	chr4:56866922-56880249	0.15	0.13	0.08	0.08	NA	0.08	0.20	0.15	0.09	0.08	0.27	0.20
ENSMUST00000128276.1|ENSMUSG00000045589|Frrs1l	1697.4	56972169	chr4:56960135-56972320	0.12	0.15	0.18	0.19	NA	0.18	0.13	0.15	0.16	NA	0.15	0.16
ENSMUST00000095076.9|ENSMUSG00000028434|Epb41l4b	33.2	56995302	chr4:56991971-56995736	NA	0.27	0.17	0.15	NA	0.20	0.11	0.50	NA	NA	0.21	0.31
ENSMUST00000102903.7|ENSMUSG00000038729|Pakap	1245.4	57893039	chr4:57892888-57896982	0.06	0.04	0.08	0.08	0.06	0.07	0.12	0.07	0.04	0.05	0.07	0.07
ENSMUST00000030051.5|ENSMUSG00000028367|Txn1	23730.1	57943756	chr4:57943372-57943907	0.01	0.01	0.03	0.00	0.00	0.00	0.00	0.00	0.00	0.00	0.03	0.01
ENSMUST00000042850.8|ENSMUSG00000028369|Svep1	36.4	58042964	chr4:58042441-58043149	NA	NA	0.20	0.22	NA	0.14	0.22	0.13	0.30	0.16	NA	NA
ENSMUST00000107570.1|ENSMUSG00000038668|Lpar1	1227.1	58436786	chr4:58435254-58437335	0.64	0.65	0.59	0.46	0.70	0.53	0.45	0.52	0.47	0.56	0.55	0.64
ENSMUST00000030069.6|ENSMUSG00000028378|Ptgr1	47.5	58966504	chr4:58965438-58966655	NA	NA	0.13	0.15	0.05	0.01	0.50	0.20	NA	0.04	NA	NA
ENSMUST00000150309.8|ENSMUSG00000070972|Dnajc25	588.1	59020529	chr4:59013760-59023740	0.05	0.03	0.01	0.00	0.00	0.00	0.03	0.00	NA	0.05	NA	NA
ENSMUST00000174664.1|ENSMUSG00000092345|Gm20503	105037.4	59039500	chr4:59039349-59041888	1.00	1.00	1.00	1.00	1.00	1.00	1.00	1.00	1.00	1.00	1.00	1.00
ENSMUST00000041160.12|ENSMUSG00000038607|Gng10	108432.3	59039500	chr4:59039349-59041903	1.00	1.00	1.00	1.00	1.00	1.00	1.00	1.00	1.00	1.00	1.00	1.00
ENSMUST00000030074.7|ENSMUSG00000028381|Ugcg	288.3	59220541	chr4:59220390-59222833	0.81	1.00	0.82	1.00	1.00	0.86	1.00	1.00	0.94	1.00	0.90	1.00
ENSMUST00000174748.7|ENSMUSG00000028382|Ptbp3	186.5	59514249	chr4:59481447-59514400	0.03	0.02	0.03	0.04	0.03	0.02	0.04	0.03	0.03	0.03	0.03	0.03
ENSMUST00000030078.11|ENSMUSG00000028383|Hsdl2	1250.1	59618304	chr4:59617744-59618689	0.54	0.58	0.53	0.40	0.99	0.53	0.58	0.65	0.50	0.43	0.69	0.69
ENSMUST00000070150.10|ENSMUSG00000045071|E130308A19Rik	9.8	59753187	chr4:59753036-59761439	NA	0.12	0.08	0.02	0.15	0.05	0.08	0.06	0.03	0.05	NA	0.02
ENSMUST00000095063.10|ENSMUSG00000038544|Inip	146.7	59771570	chr4:59769636-59772366	0.30	0.30	0.46	0.39	0.25	0.23	0.29	0.53	0.32	0.42	0.38	0.67
ENSMUST00000030080.6|ENSMUSG00000028385|Snx30	20.5	59899520	chr4:59898964-59904737	NA	0.41	0.28	0.36	NA	0.11	0.14	0.29	0.37	0.29	0.25	0.25
ENSMUST00000068822.3|ENSMUSG00000028389|Zfp37	33.9	62190985	chr4:62189539-62191166	NA	1.00	0.72	0.90	0.51	0.70	NA	1.00	NA	0.75	1.00	0.73
ENSMUST00000084530.8|ENSMUSG00000066152|Slc31a2	975.1	62297935	chr4:62297140-62298411	0.66	0.65	0.68	0.54	0.90	0.60	0.77	0.66	0.63	0.58	0.58	0.76
ENSMUST00000134727.7|ENSMUSG00000066149|Cdc26	13539.8	62387866	chr4:62383653-62394847	0.13	0.09	0.10	0.10	0.13	0.10	0.08	0.10	0.12	0.09	0.11	0.09
ENSMUST00000084524.3|ENSMUSG00000066148|Prpf4	64.6	62424303	chr4:62423408-62426990	0.12	0.18	0.10	0.13	0.23	0.14	0.33	0.08	0.18	0.12	0.18	0.18
ENSMUST00000065870.13|ENSMUSG00000059810|Rgs3	75.9	62657480	chr4:62657207-62659840	0.88	0.97	0.81	0.63	1.00	0.69	0.48	1.00	0.65	0.96	0.61	0.64
ENSMUST00000035724.4|ENSMUSG00000039158|Akna	19.7	63367548	chr4:63367124-63368048	NA	NA	0.72	0.64	0.69	NA	0.76	NA	0.23	0.76	NA	0.90
ENSMUST00000035301.6|ENSMUSG00000039105|Atp6v1g1	60486.1	63550411	chr4:63550115-63550750	0.40	0.41	0.35	0.29	0.55	0.44	0.31	0.29	0.38	0.32	0.48	0.48
ENSMUST00000077709.10|ENSMUSG00000045917|Tmem268	60.4	63584792	chr4:63583962-63586357	0.32	0.46	0.33	0.34	0.81	0.42	0.08	0.31	0.35	0.37	0.60	0.45
ENSMUST00000030047.2|ENSMUSG00000028362|Tnfsf8	27.7	63833341	chr4:63831307-63834109	0.74	0.48	NA	NA	0.30	NA	NA	NA	0.51	0.60	NA	NA
ENSMUST00000030056.11|ENSMUSG00000028364|Tnc	2762.4	63960066	chr4:63959784-63960435	0.32	0.29	NA	NA	0.53	0.42	NA	0.17	0.59	0.35	NA	NA
ENSMUST00000050850.13|ENSMUSG00000051675|Trim32	334.8	65615323	chr4:65615172-65616238	0.77	1.00	0.86	0.84	1.00	1.00	0.79	0.86	0.87	1.00	0.93	1.00
ENSMUST00000048096.11|ENSMUSG00000039005|Tlr4	44.7	66841857	chr4:66841476-66842800	0.57	0.80	0.41	0.44	0.66	0.65	0.38	0.55	0.41	0.33	NA	NA
ENSMUST00000030036.5|ENSMUSG00000028351|Brinp1	70.2	68761761	chr4:68761513-68762011	NA	0.46	0.22	0.44	0.51	0.53	0.32	0.18	NA	NA	0.48	0.48
ENSMUST00000076541.12|ENSMUSG00000039298|Cdk5rap2	8.5	70363943	chr4:70223022-70364094	0.02	0.02	0.04	0.02	0.01	0.02	0.01	0.02	0.03	0.03	0.01	0.03
ENSMUST00000107359.8|ENSMUSG00000039270|Megf9	55.3	70432077	chr4:70427064-70433082	0.16	0.18	0.34	0.39	NA	0.21	NA	0.24	0.23	0.37	0.30	0.32
ENSMUST00000074216.13|ENSMUSG00000008305|Tle1	186.5	72117966	chr4:72117141-72118286	0.05	0.26	0.14	0.11	0.20	0.07	0.09	0.07	0.09	0.15	0.12	0.13
ENSMUST00000077851.9|ENSMUSG00000028397|Kdm4c	117.5	74405145	chr4:74404994-74405860	0.68	0.83	0.56	0.89	1.00	1.00	0.77	0.78	1.00	0.65	1.00	1.00
ENSMUST00000030103.8|ENSMUSG00000028398|Dmac1	1735.2	75277556	chr4:75277353-75277707	0.33	0.32	0.30	0.30	0.37	0.24	0.32	0.31	0.36	0.26	0.35	0.31
ENSMUST00000107289.8|ENSMUSG00000028399|Ptprd	68.3	75943086	chr4:75941237-75944960	NA	NA	NA	0.30	NA	NA	0.88	0.31	NA	0.30	1.00	0.57
ENSMUST00000055922.3|ENSMUSG00000048706|Lurap1l	18.6	80954178	chr4:80953934-80955628	0.01	0.20	0.07	0.06	0.07	0.00	0.00	0.14	0.03	0.09	0.06	0.09
ENSMUST00000107262.7|ENSMUSG00000028402|Mpdz	37.6	81278896	chr4:81278499-81279625	0.43	1.00	0.59	0.32	0.95	0.56	0.85	0.89	0.59	0.48	1.00	1.00
ENSMUST00000107245.8|ENSMUSG00000008575|Nfib	480.8	82296298	chr4:82290172-82296796	0.08	0.08	0.08	0.11	0.14	0.08	0.09	0.08	0.11	0.08	0.08	0.08
ENSMUST00000173741.7|ENSMUSG00000028403|Zdhhc21	0.9	82820261	chr4:82804046-82820412	0.01	0.00	NA	0.00	NA	NA	NA	0.01	NA	NA	NA	NA
ENSMUST00000102823.9|ENSMUSG00000038172|Ttc39b	28.0	83226678	chr4:83220299-83227136	0.17	0.39	1.00	0.45	0.21	0.19	0.32	0.43	0.45	0.57	NA	0.72
ENSMUST00000137512.7|ENSMUSG00000028483|Snapc3	191.2	83435354	chr4:83435203-83454033	0.05	0.04	0.07	0.06	0.05	0.04	0.07	0.04	0.05	0.05	0.05	0.05
ENSMUST00000030207.14|ENSMUSG00000028484|Psip1	57.7	83456450	chr4:83455679-83457021	0.69	0.74	0.90	1.00	0.94	0.87	1.00	0.80	0.86	1.00	0.80	0.96
ENSMUST00000176346.7|ENSMUSG00000028487|Bnc2	0.7	84546204	chr4:84390926-84546383	NA	NA	0.01	0.01	NA	0.00	0.02	0.01	0.00	0.00	NA	NA
ENSMUST00000091064.7|ENSMUSG00000070934|Rraga	1342.1	86577040	chr4:86576857-86577285	0.55	0.38	0.36	0.40	0.56	0.40	0.35	0.37	0.36	0.26	0.39	0.56
ENSMUST00000070607.8|ENSMUSG00000038047|Haus6	6.1	86581396	chr4:86578854-86581971	0.06	0.25	0.18	NA	0.05	0.19	NA	NA	0.16	NA	NA	NA
ENSMUST00000000466.12|ENSMUSG00000028494|Plin2	107046.8	86656840	chr4:86656564-86657035	0.15	0.14	0.13	0.11	0.25	0.17	0.13	0.12	0.14	0.14	0.15	0.27
ENSMUST00000082026.13|ENSMUSG00000038024|Dennd4c	47.5	86849104	chr4:86848903-86850603	0.95	NA	1.00	1.00	NA	1.00	1.00	1.00	0.53	0.63	NA	NA
ENSMUST00000045224.13|ENSMUSG00000038007|Acer2	318.6	86918396	chr4:86917577-86920875	0.95	0.88	0.91	1.00	1.00	1.00	1.00	1.00	0.71	1.00	0.96	1.00
ENSMUST00000107147.1|ENSMUSG00000038368|Focad	26.3	88410838	chr4:88410687-88411011	0.36	0.40	0.49	1.00	0.52	0.90	0.75	0.97	0.95	0.68	0.37	0.78
ENSMUST00000151280.7|ENSMUSG00000028497|Hacd4	114.2	88414062	chr4:88410340-88414266	NA	NA	1.00	0.92	1.00	0.91	0.95	1.00	1.00	0.75	NA	NA
ENSMUST00000094993.2|ENSMUSG00000070923|Klhl9	478.9	88720000	chr4:88718291-88720151	1.00	0.94	1.00	1.00	0.89	1.00	1.00	1.00	1.00	1.00	1.00	0.77
ENSMUST00000058030.9|ENSMUSG00000062937|Mtap	663.8	89179941	chr4:89179503-89181081	0.29	0.40	0.35	0.40	0.43	0.48	0.33	0.27	0.40	0.37	0.39	0.30
ENSMUST00000097981.5|ENSMUSG00000073802|Cdkn2b	337.2	89306672	chr4:89306298-89307056	0.46	0.41	0.74	0.39	0.58	0.70	0.49	0.49	0.48	0.47	0.44	0.81
ENSMUST00000066774.5|ENSMUSG00000054000|Tusc1	110.1	93334524	chr4:93334137-93334805	0.14	0.24	0.28	0.24	0.72	0.41	0.12	0.27	0.25	0.17	0.28	0.23
ENSMUST00000030313.8|ENSMUSG00000028578|Caap1	86.2	94500605	chr4:94500080-94501027	0.57	0.40	0.72	0.70	1.00	0.44	0.82	0.48	0.51	0.69	0.58	0.84
ENSMUST00000073939.12|ENSMUSG00000006386|Tek	553.2	94874661	chr4:94873995-94874976	0.57	0.53	0.37	0.45	1.00	0.74	0.50	0.46	0.65	0.32	0.63	0.62
ENSMUST00000107094.1|ENSMUSG00000052684|Jun	55753.6	95049965	chr4:95049033-95050269	0.24	0.27	0.23	0.21	0.27	0.24	0.20	0.24	0.23	0.20	0.37	0.32
ENSMUST00000131654.8|ENSMUSG00000028573|Fggy	8.3	95601220	chr4:95601069-95812169	0.01	0.01	0.01	0.01	0.01	0.01	0.01	0.01	0.01	NA	0.01	0.01
ENSMUST00000030303.5|ENSMUSG00000052914|Cyp2j6	175.9	96517816	chr4:96516137-96518029	0.12	0.19	0.29	0.26	0.16	0.22	0.21	0.28	0.24	0.24	0.18	0.49
ENSMUST00000055693.8|ENSMUSG00000015224|Cyp2j9	568.3	96568575	chr4:96568428-96568726	0.32	0.17	0.35	0.21	0.05	0.40	0.25	0.24	0.15	0.28	0.33	0.38
ENSMUST00000092532.12|ENSMUSG00000028565|Nfia	234.7	98112625	chr4:98111232-98118874	NA	0.78	0.36	0.37	NA	0.37	0.56	0.51	0.37	0.45	0.43	0.48
ENSMUST00000125034.1|ENSMUSG00000028563|Tm2d1	3534.5	98365436	chr4:98355369-98365587	0.10	0.09	0.10	0.09	0.09	0.10	0.10	0.09	0.09	0.09	0.10	0.10
ENSMUST00000030289.8|ENSMUSG00000028560|Usp1	99.7	98935231	chr4:98934802-98935543	0.50	0.64	0.48	0.58	0.54	0.74	0.56	0.60	0.43	0.63	0.95	1.00
ENSMUST00000030279.14|ENSMUSG00000028550|Atg4c	18.0	99259098	chr4:99258561-99259787	NA	NA	0.85	0.59	NA	NA	NA	0.17	0.45	0.46	0.58	0.33
ENSMUST00000097961.8|ENSMUSG00000073792|Alg6	55.4	99762236	chr4:99762065-99763460	1.00	0.95	1.00	1.00	1.00	0.91	0.98	0.88	1.00	0.80	NA	NA
ENSMUST00000058351.15|ENSMUSG00000025791|Pgm1	2091.7	99987019	chr4:99986761-99987294	0.54	0.45	0.38	0.32	0.62	0.57	0.32	0.40	0.46	0.29	0.64	0.55
ENSMUST00000039630.5|ENSMUSG00000035305|Ror1	110.0	100442393	chr4:100442242-100444765	NA	NA	0.73	0.72	NA	0.47	1.00	0.72	0.64	0.73	NA	NA
ENSMUST00000030257.14|ENSMUSG00000028532|Cachd1	69.5	101003510	chr4:101003097-101004544	0.32	0.37	0.55	0.46	0.74	0.43	0.28	0.50	0.36	0.58	0.50	0.47
ENSMUST00000038463.14|ENSMUSG00000035275|Raver2	57.0	101150742	chr4:101150475-101152370	0.40	0.89	0.81	1.00	1.00	1.00	NA	1.00	NA	NA	0.95	0.87
ENSMUST00000102781.9|ENSMUSG00000028530|Jak1	1147.4	101153270	chr4:101152366-101153497	0.62	0.52	0.57	0.58	0.54	0.53	0.65	0.65	0.63	0.56	0.46	0.56
ENSMUST00000102780.7|ENSMUSG00000028527|Ak4	66.8	101464286	chr4:101463664-101466995	0.74	0.69	0.95	0.60	0.73	0.66	0.54	0.80	1.00	0.93	0.42	0.59
ENSMUST00000106930.7|ENSMUSG00000028528|Dnajc6	382.1	101640721	chr4:101640570-101642799	NA	NA	1.00	0.96	NA	NA	NA	0.75	NA	0.81	1.00	1.00
ENSMUST00000030254.14|ENSMUSG00000035212|Leprot	3041.8	101658370	chr4:101657951-101659364	0.90	0.85	0.90	0.82	0.91	0.75	0.96	0.83	0.88	0.86	0.96	0.90
ENSMUST00000106921.8|ENSMUSG00000057722|Lepr	293.4	101811733	chr4:101811362-101813667	0.71	1.00	0.70	0.66	1.00	0.63	1.00	0.87	0.52	0.52	NA	NA
ENSMUST00000106858.7|ENSMUSG00000028522|Mier1	69.4	103163040	chr4:103162748-103165754	0.97	0.61	1.00	0.91	1.00	NA	NA	0.93	0.97	0.85	1.00	0.78
ENSMUST00000035780.3|ENSMUSG00000035069|Oma1	119.4	103366333	chr4:103366182-103366443	0.13	0.07	0.01	0.01	0.41	0.24	0.04	0.09	0.08	0.11	0.29	0.07
ENSMUST00000030243.7|ENSMUSG00000028518|Prkaa2	27.9	105034951	chr4:105029873-105036094	NA	0.16	NA	0.12	0.17	0.11	0.20	0.09	NA	NA	0.08	0.16
ENSMUST00000064139.7|ENSMUSG00000028517|Plpp3	34667.9	105232153	chr4:105231019-105232764	0.84	0.73	0.66	0.69	1.00	1.00	0.80	0.71	0.69	0.74	0.95	1.00
ENSMUST00000094933.4|ENSMUSG00000028514|Usp24	34.7	106439059	chr4:106438836-106441322	0.65	0.66	NA	0.87	0.52	0.68	1.00	0.97	0.60	1.00	NA	0.65
ENSMUST00000058905.7|ENSMUSG00000043572|Pars2	13.9	106655001	chr4:106654555-106655282	1.00	0.26	0.42	0.83	0.91	0.90	0.87	0.38	0.58	NA	NA	NA
ENSMUST00000026480.12|ENSMUSG00000025413|Ttc4	226.6	106662566	chr4:106662255-106663137	0.59	0.59	0.56	0.57	1.00	0.74	0.55	0.45	0.49	0.57	0.99	0.68
ENSMUST00000140541.7|ENSMUSG00000034853|Acot11	164.3	106752826	chr4:106747390-106763440	0.00	0.03	0.03	0.00	NA	0.00	NA	0.03	NA	0.05	0.00	0.06
ENSMUST00000030367.14|ENSMUSG00000061887|Ssbp3	1004.1	107048340	chr4:107048050-107049694	0.18	0.28	0.25	0.27	0.30	0.28	0.24	0.28	0.18	0.25	0.21	0.28
ENSMUST00000127720.7|ENSMUSG00000028619|Tceanc2	1.6	107147514	chr4:107139269-107147699	0.00	0.01	0.00	0.00	0.01	0.00	0.00	0.00	0.00	0.00	0.00	0.00
ENSMUST00000154007.7|ENSMUSG00000028618|Tmem59	417624.6	107193380	chr4:107187699-107200506	0.42	0.41	0.45	0.45	0.36	0.39	0.47	0.44	0.42	0.43	0.38	0.42
ENSMUST00000030360.10|ENSMUSG00000028617|Lrrc42	250.3	107233582	chr4:107233513-107233733	0.22	0.22	0.19	0.16	0.47	0.23	0.19	0.13	0.15	0.21	0.24	0.33
ENSMUST00000075693.11|ENSMUSG00000057375|Yipf1	128.0	107350651	chr4:107350500-107359822	0.03	0.00	0.01	0.00	0.00	0.00	0.01	0.00	0.00	0.00	0.00	0.00
ENSMUST00000030357.14|ENSMUSG00000028614|Ndc1	177.3	107395832	chr4:107371327-107414333	0.00	0.00	NA	NA	NA	0.00	NA	NA	0.00	NA	NA	NA
ENSMUST00000238658.1|ENSMUSG00000028613|Lrp8	206.6	107857389	chr4:107857238-107864077	0.21	0.17	0.17	0.22	0.13	0.10	0.14	0.16	0.17	0.14	0.23	0.13
ENSMUST00000030345.14|ENSMUSG00000028607|Cpt2	338.4	107904083	chr4:107903980-107904234	0.20	0.20	0.28	0.19	0.35	0.43	0.27	0.34	0.21	0.28	0.22	0.32
ENSMUST00000106709.8|ENSMUSG00000028600|Podn	876.0	108017584	chr4:108014790-108017735	NA	NA	0.56	0.60	NA	NA	0.68	0.67	0.56	0.71	NA	NA
ENSMUST00000030340.14|ENSMUSG00000028603|Scp2	53354.7	108044505	chr4:108043838-108044752	0.57	0.60	0.52	0.55	0.99	0.83	0.52	0.55	0.56	0.51	0.72	0.75
ENSMUST00000130942.7|ENSMUSG00000028601|Echdc2	1490.5	108174174	chr4:108169992-108179071	0.15	NA	NA	NA	0.10	NA	0.17	0.20	NA	0.17	NA	NA
ENSMUST00000043616.6|ENSMUSG00000034636|Zyg11b	55.5	108233176	chr4:108229723-108236006	0.64	0.59	0.67	0.73	0.95	NA	0.66	0.79	0.56	0.67	1.00	0.79
ENSMUST00000131656.1|ENSMUSG00000048351|Coa7	73.1	108339903	chr4:108338568-108341544	0.25	0.18	0.15	0.23	0.62	0.21	0.20	0.18	0.16	0.27	0.26	0.39
ENSMUST00000030332.6|ENSMUSG00000028597|Gpx7	11854.0	108400632	chr4:108400389-108400836	0.43	0.34	0.32	0.35	0.59	0.43	0.30	0.31	0.35	0.32	0.40	0.58
ENSMUST00000097925.8|ENSMUSG00000034610|Tut4	18.0	108559040	chr4:108558782-108559421	0.62	0.32	0.20	0.46	NA	NA	0.38	0.31	NA	0.51	0.29	0.24
ENSMUST00000079213.5|ENSMUSG00000063800|Prpf38a	917.9	108565076	chr4:108564869-108565227	0.35	0.36	0.24	0.23	0.57	0.42	0.20	0.27	0.31	0.21	0.46	0.47
ENSMUST00000102742.10|ENSMUSG00000028568|Btf3l4	1980.5	108816616	chr4:108814294-108816842	0.21	0.26	0.36	0.32	0.29	0.26	0.21	0.31	0.39	0.33	0.37	0.38
ENSMUST00000030296.8|ENSMUSG00000028567|Txndc12	1710.4	108861776	chr4:108861443-108862127	0.36	0.28	0.30	0.35	0.55	0.43	0.39	0.30	0.41	0.38	0.50	0.44
ENSMUST00000102738.3|ENSMUSG00000073775|Kti12	555.1	108849155	chr4:108848943-108849413	0.38	0.45	0.37	0.29	0.64	0.43	0.33	0.36	0.35	0.30	0.59	0.53
ENSMUST00000106650.8|ENSMUSG00000003411|Rab3b	49.6	108941057	chr4:108940810-108943324	0.00	0.03	0.01	0.03	0.03	0.02	0.04	0.01	0.07	0.06	0.04	0.03
ENSMUST00000065977.10|ENSMUSG00000053510|Nrd1	20.0	109061278	chr4:109061127-109061777	0.64	0.63	0.50	0.65	1.00	0.57	0.46	0.98	NA	NA	0.64	1.00
ENSMUST00000159545.7|ENSMUSG00000028559|Osbpl9	730.7	109133630	chr4:109061654-109133781	0.19	0.25	0.13	0.15	0.13	0.18	0.13	0.19	0.10	0.13	0.09	0.11
ENSMUST00000176251.7|ENSMUSG00000028552|Eps15	617.5	109383011	chr4:109382860-109385687	0.02	0.01	0.00	0.00	0.00	0.00	0.00	0.00	0.00	0.00	0.00	0.00
ENSMUST00000030284.9|ENSMUSG00000028557|Rnf11	15570.6	109452737	chr4:109451097-109454253	0.07	0.05	0.06	0.06	0.09	0.06	0.03	0.05	0.06	0.07	0.07	0.08
ENSMUST00000063531.4|ENSMUSG00000028551|Cdkn2c	582.9	109661082	chr4:109660875-109661251	0.31	0.49	0.39	0.38	0.94	0.55	0.27	0.38	0.32	0.24	0.46	0.48
ENSMUST00000102724.4|ENSMUSG00000010517|Faf1	35.2	109962030	chr4:109961879-109963960	0.23	0.19	0.45	0.22	0.13	0.20	0.05	0.25	0.27	0.28	0.12	0.15
ENSMUST00000106598.7|ENSMUSG00000028546|Elavl4	52.5	110206183	chr4:110203721-110206334	NA	0.23	0.28	NA	0.31	0.54	NA	0.38	NA	NA	0.20	0.42
ENSMUST00000030274.6|ENSMUSG00000028545|Bend5	25.0	111460055	chr4:111459904-111460298	NA	NA	0.49	NA	0.00	NA	0.34	0.34	NA	NA	1.00	0.43
ENSMUST00000084354.3|ENSMUSG00000034401|Spata6	287.1	111828813	chr4:111828363-111829184	0.43	0.39	0.28	0.40	0.69	0.43	0.22	0.38	0.38	0.42	0.62	0.98
ENSMUST00000094894.3|ENSMUSG00000070867|Trabd2b	32.1	114610376	chr4:114610126-114615098	0.08	0.12	0.13	0.07	0.19	0.09	0.08	0.11	0.09	0.09	NA	0.08
ENSMUST00000068654.4|ENSMUSG00000055210|Foxd2	58.8	114906696	chr4:114906281-114907345	NA	NA	0.47	0.35	NA	0.39	0.64	0.38	0.48	0.32	NA	NA
ENSMUST00000106548.8|ENSMUSG00000028716|Pdzk1ip1	163.7	115093696	chr4:115093545-115093899	NA	NA	0.24	0.22	0.39	0.16	0.27	0.23	0.24	0.38	0.08	NA
ENSMUST00000074425.12|ENSMUSG00000034210|Efcab14	159.5	115775486	chr4:115775200-115777327	0.84	1.00	0.75	0.74	0.63	1.00	1.00	0.98	0.71	0.77	1.00	1.00
ENSMUST00000137401.2|ENSMUSG00000028710|Atpaf1	57.3	115811731	chr4:115811193-115822655	0.01	0.01	0.01	0.01	0.01	0.01	0.01	0.01	0.01	0.01	0.01	0.01
ENSMUST00000030477.3|ENSMUSG00000028709|Mob3c	126.8	115834920	chr4:115834148-115836185	0.45	0.36	0.45	0.35	0.64	0.39	0.57	0.31	0.24	0.42	0.28	NA
ENSMUST00000019677.11|ENSMUSG00000028708|Mknk1	296.7	115878772	chr4:115878181-115879250	0.89	0.60	0.52	0.46	1.00	0.85	0.45	0.60	0.47	0.54	1.00	0.84
ENSMUST00000049095.5|ENSMUSG00000034171|Faah	131.6	115997928	chr4:115996668-115998489	0.07	0.10	0.31	0.14	NA	0.14	0.21	0.22	0.03	0.24	0.19	0.24
ENSMUST00000030471.8|ENSMUSG00000028703|Lrrc41	1230.7	116096784	chr4:116096539-116097043	0.57	0.49	0.43	0.45	0.52	0.57	0.37	0.39	0.54	0.46	0.57	0.49
ENSMUST00000120083.7|ENSMUSG00000028700|Pomgnt1	1086.2	116159564	chr4:116159264-116159848	0.53	0.47	0.49	0.33	0.81	0.61	0.39	0.31	0.44	0.45	0.75	0.56
ENSMUST00000030469.4|ENSMUSG00000028701|Lurap1	33.7	116136829	chr4:116132405-116137315	0.27	0.30	0.34	0.44	0.42	0.22	0.21	0.36	0.51	0.41	0.27	0.46
ENSMUST00000030464.13|ENSMUSG00000028698|Pik3r3	234.1	116300120	chr4:116299829-116303056	0.88	0.92	1.00	0.99	0.91	1.00	1.00	1.00	1.00	0.96	1.00	1.00
ENSMUST00000030461.4|ENSMUSG00000028696|Ipp	13.5	116538172	chr4:116538021-116538243	0.71	1.00	0.59	NA	0.60	0.71	0.59	0.67	0.29	NA	NA	0.49
ENSMUST00000106478.8|ENSMUSG00000055900|Tmem69	53.4	116552885	chr4:116551632-116553036	0.15	0.34	NA	0.21	0.16	0.28	NA	0.13	0.35	0.37	NA	0.12
ENSMUST00000030460.14|ENSMUSG00000034042|Gpbp1l1	97.2	116593441	chr4:116592955-116593882	0.31	0.23	0.23	0.27	0.60	0.60	0.23	0.23	0.32	0.28	0.24	0.23
ENSMUST00000030457.11|ENSMUSG00000028693|Nasp	32.9	116601348	chr4:116601051-116601718	0.43	0.39	0.38	0.74	1.00	0.33	0.54	0.50	0.40	0.25	1.00	NA
ENSMUST00000135573.7|ENSMUSG00000028691|Prdx1	325400.0	116699404	chr4:116699253-116700822	0.04	0.04	0.03	0.03	0.04	0.04	0.03	0.04	0.03	0.03	0.05	0.06
ENSMUST00000030453.4|ENSMUSG00000028690|Mmachc	101.3	116702934	chr4:116702278-116703459	0.59	0.52	0.54	0.41	0.40	0.47	0.70	0.45	0.42	0.52	0.68	0.23
ENSMUST00000155391.7|ENSMUSG00000028689|Ccdc163	47.3	116711458	chr4:116711307-116715104	0.32	NA	0.26	0.28	0.23	0.35	0.24	0.32	NA	NA	NA	NA
ENSMUST00000106459.7|ENSMUSG00000033985|Tesk2	1056.4	116805294	chr4:116804920-116805956	0.79	0.72	0.72	0.68	0.70	0.58	0.85	0.81	0.57	0.84	0.74	0.47
ENSMUST00000030446.14|ENSMUSG00000028684|Urod	398.0	116990138	chr4:116989964-116990289	0.06	0.09	0.17	0.17	0.08	0.11	0.08	0.11	0.05	0.09	0.10	0.05
ENSMUST00000050067.9|ENSMUSG00000046861|Hectd3	118.2	117003957	chr4:117003363-117005277	0.16	0.37	0.20	0.30	0.60	0.16	0.20	0.25	0.20	0.21	0.31	0.24
ENSMUST00000076859.11|ENSMUSG00000028680|Plk3	660.2	117128838	chr4:117128654-117128989	0.46	0.24	0.33	0.40	0.58	0.37	0.36	0.38	0.30	0.43	0.47	0.30
ENSMUST00000065896.8|ENSMUSG00000028678|Kif2c	78.3	117159842	chr4:117159638-117160169	NA	NA	NA	NA	0.77	0.35	NA	0.47	0.06	0.30	NA	NA
ENSMUST00000030439.14|ENSMUSG00000028677|Rnf220	5688.5	117271750	chr4:117271462-117272306	0.55	0.56	0.51	0.56	1.00	0.59	0.51	0.51	0.62	0.56	0.67	0.68
ENSMUST00000037127.14|ENSMUSG00000033423|Eri3	12603.6	117674052	chr4:117673820-117674297	0.36	0.34	0.32	0.34	0.64	0.40	0.34	0.31	0.38	0.39	0.45	0.45
ENSMUST00000149168.1|ENSMUSG00000028542|Slc6a9	37.5	117857495	chr4:117857344-117875196	0.16	0.42	NA	NA	NA	0.23	NA	0.20	0.08	0.15	0.34	0.32
ENSMUST00000084325.9|ENSMUSG00000028541|B4galt2	10104.3	117873307	chr4:117869259-117873855	0.02	0.01	0.02	0.02	0.03	0.02	0.01	0.01	0.02	0.02	0.02	0.02
ENSMUST00000036380.13|ENSMUSG00000033379|Atp6v0b	34932.5	117884466	chr4:117884325-117884617	0.32	0.30	0.27	0.29	0.45	0.39	0.30	0.27	0.27	0.29	0.34	0.33
ENSMUST00000183773.1|ENSMUSG00000028540|Dph2	390.8	117890894	chr4:117888915-117891047	0.70	0.74	1.00	0.88	0.68	0.68	0.98	0.95	0.83	0.80	0.69	1.00
ENSMUST00000030263.8|ENSMUSG00000028538|St3gal3	98.4	117932786	chr4:117932153-117933049	0.81	0.76	0.77	0.52	1.00	0.69	0.89	0.71	0.88	0.70	0.84	0.69
ENSMUST00000049074.12|ENSMUSG00000033295|Ptprf	79.7	118209248	chr4:118208212-118209823	0.38	0.40	0.48	0.54	1.00	0.36	0.89	0.32	0.37	0.31	0.49	0.51
ENSMUST00000106393.7|ENSMUSG00000006395|Hyi	1508.1	118361774	chr4:118361623-118362744	0.84	0.90	0.68	0.83	0.73	0.73	0.89	0.76	0.68	0.85	0.59	0.79
ENSMUST00000106384.9|ENSMUSG00000006392|Med8	569.3	118414968	chr4:118414785-118415782	0.10	0.11	0.05	0.17	0.16	0.06	0.10	0.14	0.11	0.06	0.12	0.15
ENSMUST00000006557.12|ENSMUSG00000006390|Elovl1	12553.1	118432410	chr4:118432116-118432953	0.12	0.11	0.08	0.11	0.29	0.15	0.10	0.09	0.11	0.09	0.26	0.13
ENSMUST00000183942.1|ENSMUSG00000006398|Cdc20	5750.2	118434625	chr4:118433104-118434776	NA	NA	NA	NA	0.57	0.52	NA	NA	0.43	0.48	NA	NA
ENSMUST00000030501.14|ENSMUSG00000028729|Ebna1bp2	147.0	118626018	chr4:118625867-118627776	0.42	0.50	0.48	0.66	0.19	0.34	0.66	0.64	0.48	0.60	0.59	0.79
ENSMUST00000174372.2|ENSMUSG00000028645|Slc2a1	1900968.4	119133539	chr4:119133354-119137330	0.26	0.25	0.24	0.24	0.31	0.26	0.29	0.25	0.24	0.25	0.28	0.27
ENSMUST00000106345.2|ENSMUSG00000028643|Svbp	5185.0	119201107	chr4:119200943-119201298	0.37	0.37	0.37	0.32	0.65	0.37	0.32	0.35	0.35	0.38	0.46	0.39
ENSMUST00000141112.1|ENSMUSG00000078584|AU022252	112.4	119225645	chr4:119219841-119226344	0.30	0.51	0.42	0.50	0.44	0.36	0.46	0.54	0.49	0.46	0.39	0.40
ENSMUST00000079644.12|ENSMUSG00000028639|Ybx1	230267.4	119278816	chr4:119277980-119278967	1.00	0.96	0.80	0.78	1.00	1.00	0.90	0.88	0.88	0.86	1.00	1.00
ENSMUST00000056458.13|ENSMUSG00000060288|Ppih	20.8	119310630	chr4:119300009-119310781	0.14	0.14	0.09	NA	0.09	0.06	0.09	0.11	NA	NA	0.02	NA
ENSMUST00000106316.1|ENSMUSG00000028636|Ppcs	253.2	119418765	chr4:119418529-119418972	0.40	0.57	0.36	0.33	0.67	0.43	0.39	0.43	0.44	0.43	0.53	0.45
ENSMUST00000079611.12|ENSMUSG00000087385|Frg2f1	5.3	119530468	chr4:119530307-119530619	NA	NA	NA	0.38	NA	NA	0.38	NA	0.07	0.06	NA	0.72
ENSMUST00000044564.14|ENSMUSG00000032998|Foxj3	96.2	119626757	chr4:119626401-119629119	1.00	0.87	1.00	0.97	0.65	0.90	NA	1.00	1.00	1.00	1.00	0.99
ENSMUST00000106307.8|ENSMUSG00000028634|Hivep3	67.7	120134499	chr4:120134348-120138045	NA	0.12	0.11	0.25	NA	NA	0.18	NA	NA	NA	0.16	0.08
ENSMUST00000102656.3|ENSMUSG00000052135|Foxo6	88.7	120267370	chr4:120267078-120267919	NA	0.71	0.42	0.50	NA	NA	0.54	0.51	NA	0.43	0.80	0.74
ENSMUST00000000087.12|ENSMUSG00000000085|Scmh1	347.5	120529874	chr4:120529256-120530184	0.67	0.55	0.51	0.55	0.81	0.73	0.59	0.55	0.57	0.55	0.91	0.63
ENSMUST00000030381.7|ENSMUSG00000028633|Ctps	33985.0	120541148	chr4:120539867-120541299	1.00	1.00	1.00	1.00	1.00	1.00	NA	1.00	NA	NA	NA	NA
ENSMUST00000094814.5|ENSMUSG00000070803|Cited4	3859.3	120667549	chr4:120667348-120667820	0.65	0.30	0.40	0.33	0.77	0.39	0.37	0.30	0.47	0.30	0.30	0.47
ENSMUST00000030376.7|ENSMUSG00000028631|Kcnq4	24.5	120697191	chr4:120696137-120697896	NA	NA	1.00	1.00	0.50	NA	NA	0.97	NA	NA	0.99	NA
ENSMUST00000120779.7|ENSMUSG00000032897|Nfyc	1446.8	120757982	chr4:120757437-120758179	0.62	0.49	0.63	0.50	1.00	0.73	0.72	0.58	0.64	0.57	0.68	0.62
ENSMUST00000071093.8|ENSMUSG00000032890|Rims3	1022.5	120891655	chr4:120891504-120896579	NA	1.00	1.00	1.00	NA	0.94	0.68	1.00	NA	NA	1.00	1.00
ENSMUST00000144114.1|ENSMUSG00000028629|Exo5	28.2	120921396	chr4:120921195-120921547	NA	0.30	0.23	0.10	0.45	0.74	0.36	0.40	0.36	0.36	0.43	0.41
ENSMUST00000043200.7|ENSMUSG00000032870|Smap2	281.0	120969390	chr4:120968316-120969541	0.90	0.83	1.00	1.00	1.00	1.00	1.00	1.00	0.99	1.00	1.00	1.00
ENSMUST00000030372.5|ENSMUSG00000028626|Col9a2	42.1	121055077	chr4:121054792-121055322	NA	0.40	0.55	0.52	0.66	0.43	0.54	0.43	0.42	0.55	0.95	0.35
ENSMUST00000058754.8|ENSMUSG00000043207|Zmpste24	592.9	121060761	chr4:121059236-121060998	1.00	1.00	1.00	1.00	0.68	0.87	1.00	1.00	1.00	0.90	0.91	0.81
ENSMUST00000069533.11|ENSMUSG00000028656|Cap1	136.1	122859501	chr4:122859046-122860136	0.53	0.66	0.60	0.63	0.99	0.84	0.80	0.49	0.73	0.43	1.00	0.61
ENSMUST00000030408.11|ENSMUSG00000028655|Mfsd2a	633.8	122947072	chr4:122946849-122947243	0.40	0.35	0.29	0.25	0.57	0.56	0.31	0.31	0.32	0.41	0.70	0.53
ENSMUST00000106252.8|ENSMUSG00000028654|Mycl	26.2	123000668	chr4:123000512-123002485	NA	NA	1.00	0.95	NA	0.79	NA	1.00	NA	NA	0.72	0.82
ENSMUST00000102649.3|ENSMUSG00000028653|Trit1	83.1	123054682	chr4:123054289-123054949	0.38	0.50	0.61	0.24	1.00	0.22	0.23	0.17	0.48	0.52	0.50	0.68
ENSMUST00000030404.4|ENSMUSG00000028651|Ppie	1158.0	123127229	chr4:123127114-123127380	0.43	0.34	0.36	0.31	0.56	0.36	0.33	0.32	0.33	0.27	0.51	0.27
ENSMUST00000059667.8|ENSMUSG00000046093|Hpcal4	319877.2	123191641	chr4:123190852-123194701	0.24	0.23	0.23	0.19	0.29	0.20	0.12	0.26	0.19	0.24	0.19	0.28
ENSMUST00000040821.4|ENSMUSG00000032744|Heyl	285.7	123248484	chr4:123246627-123249875	0.44	0.26	0.29	0.44	0.28	0.43	0.06	0.30	0.55	0.49	0.18	0.24
ENSMUST00000123765.7|ENSMUSG00000028649|Macf1	306.6	123350590	chr4:123349632-123350891	1.00	1.00	0.88	0.90	0.56	1.00	1.00	0.82	1.00	1.00	1.00	0.64
ENSMUST00000102636.3|ENSMUSG00000023075|Akirin1	4955.2	123735544	chr4:123734558-123736856	0.08	0.07	0.07	0.06	0.21	0.10	0.05	0.04	0.06	0.08	0.11	0.11
ENSMUST00000030400.13|ENSMUSG00000028647|Mycbp	85.3	123911329	chr4:123911134-123912269	1.00	0.66	1.00	1.00	0.29	0.72	0.77	0.89	0.92	0.71	0.62	0.94
ENSMUST00000053491.8|ENSMUSG00000090125|Pou3f1	57.0	124659204	chr4:124659053-124660655	NA	NA	0.28	0.43	NA	0.75	0.79	0.27	NA	NA	0.38	0.32
ENSMUST00000030738.7|ENSMUSG00000028907|Utp11	249.9	124678754	chr4:124678159-124678905	0.22	0.15	0.21	0.11	0.28	0.20	0.02	0.18	0.21	0.12	0.22	0.24
ENSMUST00000030723.2|ENSMUSG00000028890|Mtf1	16.6	124844675	chr4:124844340-124849800	0.36	NA	NA	NA	NA	0.19	NA	NA	0.25	NA	0.08	0.25
ENSMUST00000163946.1|ENSMUSG00000078570|1110065P20Rik	9249.9	124849675	chr4:124849484-124849869	0.41	0.41	0.38	0.38	0.70	0.43	0.41	0.41	0.37	0.44	0.49	0.49
ENSMUST00000102628.10|ENSMUSG00000028889|Yrdc	2118.2	124854753	chr4:124854544-124855242	0.42	0.50	0.49	0.36	0.87	0.41	0.42	0.46	0.52	0.43	0.56	0.60
ENSMUST00000064444.7|ENSMUSG00000042763|Maneal	71.1	124856236	chr4:124855238-124856605	0.92	0.55	1.00	0.96	NA	1.00	NA	1.00	NA	NA	1.00	0.92
ENSMUST00000084296.9|ENSMUSG00000028873|Cdca8	167.5	124918717	chr4:124918464-124918988	0.22	0.16	0.23	0.30	0.50	0.50	NA	0.37	0.46	0.25	NA	0.77
ENSMUST00000094769.12|ENSMUSG00000044730|9930104L06Rik	41.4	124942839	chr4:124942659-124944656	1.00	0.66	1.00	0.68	1.00	1.00	NA	0.88	NA	1.00	0.66	0.84
ENSMUST00000030687.7|ENSMUSG00000028871|Rspo1	102.6	125008868	chr4:125008542-125009099	0.19	0.51	0.30	0.64	NA	0.51	0.42	0.30	0.03	NA	0.49	0.65
ENSMUST00000036383.3|ENSMUSG00000042707|Dnali1	12.9	125055836	chr4:125055337-125056591	NA	NA	0.31	1.00	NA	NA	NA	1.00	NA	NA	NA	0.72
ENSMUST00000052183.6|ENSMUSG00000050213|Snip1	68.2	125073662	chr4:125072927-125074042	0.51	0.66	0.62	0.69	1.00	0.70	0.90	0.52	0.65	0.74	0.94	0.73
ENSMUST00000154689.7|ENSMUSG00000028863|Meaf6	151.6	125109751	chr4:125109304-125113238	0.05	0.18	0.15	0.18	0.05	0.07	0.02	0.24	0.11	0.11	0.35	0.59
ENSMUST00000036188.7|ENSMUSG00000042677|Zc3h12a	58.8	125118863	chr4:125118422-125119281	NA	NA	0.23	0.32	0.70	NA	0.44	0.40	0.27	0.29	NA	NA
ENSMUST00000106162.7|ENSMUSG00000028859|Csf3r	86.2	126044142	chr4:126043835-126044440	0.38	0.69	0.60	0.53	0.84	0.68	0.29	0.68	0.51	0.30	NA	0.57
ENSMUST00000035497.4|ENSMUSG00000042616|Oscp1	24.3	126089281	chr4:126088435-126092195	0.43	0.02	0.07	0.08	0.00	0.03	0.08	0.03	NA	0.03	0.07	0.11
ENSMUST00000055575.7|ENSMUSG00000050188|Lsm10	908.4	126098369	chr4:126098218-126098584	0.39	0.39	0.30	0.32	0.49	0.46	0.37	0.39	0.34	0.33	0.79	0.41
ENSMUST00000094761.10|ENSMUSG00000042608|Stk40	517.6	126139189	chr4:126139025-126141029	1.00	0.87	0.93	0.97	1.00	0.94	1.00	0.96	0.80	0.94	1.00	0.97
ENSMUST00000106152.2|ENSMUSG00000050212|Eva1b	5288.7	126149811	chr4:126149660-126149875	0.20	0.23	0.16	0.20	0.31	0.19	0.21	0.12	0.20	0.20	0.13	0.34
ENSMUST00000125981.7|ENSMUSG00000028849|Map7d1	3670.1	126232440	chr4:126232166-126232758	0.43	0.46	0.34	0.35	0.68	0.51	0.45	0.40	0.45	0.41	0.59	0.55
ENSMUST00000030660.8|ENSMUSG00000028847|Trappc3	8084.0	126275559	chr4:126275258-126275883	0.47	0.45	0.37	0.45	0.91	0.55	0.38	0.42	0.48	0.50	0.67	0.69
ENSMUST00000070132.6|ENSMUSG00000056174|Col8a2	1758.8	126312531	chr4:126312295-126314330	NA	1.00	0.92	1.00	NA	0.92	1.00	1.00	1.00	0.97	NA	NA
ENSMUST00000102617.4|ENSMUSG00000042558|Adprhl2	1093.1	126316323	chr4:126316046-126316575	0.49	0.38	0.36	0.41	0.87	0.55	0.43	0.33	0.44	0.39	0.63	0.78
ENSMUST00000097886.3|ENSMUSG00000073755|5730409E04Rik	52.2	126613275	chr4:126612370-126614371	0.02	0.04	0.08	0.10	NA	0.12	0.20	0.05	0.04	0.01	0.16	0.22
ENSMUST00000030637.13|ENSMUSG00000028833|Ncdn	11121.1	126744211	chr4:126743749-126744837	0.67	0.70	0.75	0.57	1.00	0.83	0.85	0.69	0.61	0.59	0.80	0.74
ENSMUST00000047431.10|ENSMUSG00000028830|AU040320	158.3	126853501	chr4:126853350-126854336	0.74	0.80	0.97	0.93	1.00	1.00	1.00	0.82	0.76	0.96	0.89	0.76
ENSMUST00000135003.1|ENSMUSG00000042446|Zmym4	46.6	126862811	chr4:126861938-126864112	0.64	1.00	0.35	0.99	NA	NA	1.00	0.57	0.97	1.00	NA	0.76
ENSMUST00000030623.7|ENSMUSG00000028820|Sfpq	481.9	127030632	chr4:127029961-127031236	0.30	0.29	0.16	0.21	0.26	0.22	0.14	0.34	0.29	0.12	0.19	0.30
ENSMUST00000106097.8|ENSMUSG00000070737|Tmem35b	232.2	127129338	chr4:127129017-127129644	0.50	0.33	0.32	0.50	0.59	0.43	0.33	0.35	0.43	0.40	0.66	0.84
ENSMUST00000046659.13|ENSMUSG00000042388|Dlgap3	4686.4	127236770	chr4:127236365-127237022	0.87	0.46	0.39	0.48	1.00	0.74	0.34	0.39	0.41	0.45	0.66	0.64
ENSMUST00000142029.1|ENSMUSG00000042380|Smim12	3143.0	127247515	chr4:127247183-127247809	0.41	0.42	0.36	0.38	1.00	0.35	0.49	0.34	0.49	0.39	0.55	0.56
ENSMUST00000053753.7|ENSMUSG00000050234|Gja4	824.4	127311682	chr4:127311420-127311969	0.43	0.44	0.33	0.35	0.84	0.56	0.33	0.36	0.45	0.29	0.53	0.39
ENSMUST00000106091.8|ENSMUSG00000042367|Gjb3	303.0	127325479	chr4:127325234-127325927	0.51	0.43	NA	NA	0.92	0.59	NA	NA	NA	NA	NA	NA
ENSMUST00000046498.2|ENSMUSG00000042357|Gjb5	21.6	127355355	chr4:127354808-127355536	0.11	0.06	NA	NA	NA	0.09	NA	NA	0.00	NA	NA	NA
ENSMUST00000074829.3|ENSMUSG00000062545|Tlr12	21.9	128615586	chr4:128615442-128615737	NA	NA	0.24	NA	NA	NA	0.35	0.21	NA	0.28	NA	NA
ENSMUST00000143632.7|ENSMUSG00000028796|Phc2	41659.6	128748284	chr4:128745063-128752881	0.00	0.00	0.00	0.00	0.01	0.00	0.01	0.00	0.00	0.00	0.00	0.00
ENSMUST00000106072.8|ENSMUSG00000028799|Zfp362	225.1	128773607	chr4:128773087-128774523	0.86	0.81	0.78	0.82	1.00	0.81	0.91	0.83	0.64	0.60	0.64	0.74
ENSMUST00000030584.10|ENSMUSG00000028793|Rnf19b	95.0	129084400	chr4:129084187-129085735	0.01	0.01	0.02	0.03	0.04	0.05	0.01	0.01	0.05	0.04	0.03	0.05
ENSMUST00000095807.9|ENSMUSG00000028785|Hpca	30387.8	129111910	chr4:129111569-129112430	0.50	0.44	0.41	0.39	0.93	0.60	0.43	0.40	0.46	0.37	0.64	0.60
ENSMUST00000102600.3|ENSMUSG00000001334|Fndc5	2529.7	129143044	chr4:129142537-129144593	0.13	0.13	0.11	0.09	0.24	0.14	0.11	0.08	0.09	0.08	0.14	0.13
ENSMUST00000133992.7|ENSMUSG00000028811|Yars	1926.7	129200953	chr4:129200802-129210578	0.07	0.06	0.06	0.06	0.07	0.07	0.07	0.07	0.06	0.06	0.06	0.07
ENSMUST00000106051.7|ENSMUSG00000050390|C77080	77.8	129221306	chr4:129219577-129221457	1.00	NA	NA	1.00	NA	NA	NA	NA	0.95	0.72	1.00	1.00
ENSMUST00000102599.3|ENSMUSG00000001333|Sync	30.6	129308217	chr4:129308049-129308559	0.71	0.71	0.76	0.76	NA	1.00	0.72	0.64	0.86	0.63	0.78	0.99
ENSMUST00000102598.3|ENSMUSG00000057236|Rbbp4	7211.2	129309642	chr4:129307099-129310094	0.03	0.04	0.07	0.08	0.03	0.05	0.10	0.09	0.05	0.07	0.05	0.11
ENSMUST00000106047.3|ENSMUSG00000057572|Zbtb8os	513.1	129341823	chr4:129341544-129347033	0.06	0.04	0.05	0.06	0.06	0.04	0.05	0.05	0.06	0.06	0.05	0.05
ENSMUST00000030610.2|ENSMUSG00000028807|Zbtb8a	51.6	129353894	chr4:129353627-129354174	0.24	0.12	0.37	0.17	0.70	0.58	0.30	0.39	0.33	0.37	0.91	NA
ENSMUST00000048162.9|ENSMUSG00000040859|Bsdc1	228.5	129488136	chr4:129487070-129488498	0.58	0.54	0.56	0.65	1.00	0.56	0.90	0.78	0.52	0.62	0.84	0.74
ENSMUST00000062356.6|ENSMUSG00000047945|Marcksl1	20520.1	129515628	chr4:129515229-129515985	0.68	0.48	0.47	0.44	0.98	0.63	0.54	0.47	0.46	0.52	0.75	0.65
ENSMUST00000102597.4|ENSMUSG00000028800|Hdac1	3160.8	129516392	chr4:129516103-129516611	0.52	0.49	0.28	0.42	0.76	0.44	0.40	0.32	0.40	0.37	0.55	0.50
ENSMUST00000167288.7|ENSMUSG00000000409|Lck	8.1	129548625	chr4:129548343-129548800	0.49	0.34	NA	0.17	NA	0.47	0.27	NA	NA	NA	NA	NA
ENSMUST00000174073.7|ENSMUSG00000028797|Tmem234	11998.1	129608436	chr4:129601176-129624059	0.13	0.10	0.16	0.23	0.12	0.13	0.13	0.16	0.17	0.17	0.09	0.10
ENSMUST00000046675.11|ENSMUSG00000040795|Iqcc	87.7	129615820	chr4:129615125-129616466	0.07	0.28	0.26	0.25	0.60	0.27	0.23	0.11	0.22	0.16	0.23	0.39
ENSMUST00000151838.7|ENSMUSG00000028795|Ccdc28b	662.5	129620586	chr4:129619275-129620737	0.33	0.22	0.41	0.33	0.31	0.30	0.29	0.42	0.19	0.25	0.20	0.26
ENSMUST00000046425.15|ENSMUSG00000053841|Txlna	458.2	129628318	chr4:129626077-129628883	0.50	0.53	0.62	0.57	0.68	0.53	0.60	0.66	0.63	0.66	0.70	0.74
ENSMUST00000102590.10|ENSMUSG00000003731|Kpna6	58.3	129647700	chr4:129643979-129647994	0.16	0.46	NA	1.00	NA	0.77	NA	0.49	0.65	0.72	0.94	1.00
ENSMUST00000129342.7|ENSMUSG00000028790|Khdrbs1	305.7	129715053	chr4:129703163-129716091	0.01	0.01	0.01	0.01	0.01	0.01	0.03	0.01	0.01	0.01	0.01	0.01
ENSMUST00000165853.1|ENSMUSG00000028788|Ptp4a2	4197.9	129848183	chr4:129847819-129850003	0.27	0.27	0.27	0.31	0.27	0.21	0.33	0.27	0.28	0.28	0.28	0.32
ENSMUST00000120204.7|ENSMUSG00000028782|Adgrb2	1514.7	130022486	chr4:130022335-130022633	NA	0.38	0.52	0.35	0.52	0.52	0.32	0.28	0.23	0.43	0.37	0.44
ENSMUST00000118199.7|ENSMUSG00000028779|Pef1	3470.9	130127787	chr4:130127479-130128135	0.55	0.53	0.42	0.43	0.77	0.55	0.46	0.47	0.40	0.47	0.71	0.71
ENSMUST00000030560.8|ENSMUSG00000028776|Tinagl1	2621.4	130165779	chr4:130164453-130166067	0.04	0.03	0.03	0.03	0.04	0.06	0.02	0.03	0.02	0.04	0.04	0.04
ENSMUST00000122374.7|ENSMUSG00000023232|Serinc2	1987.0	130253758	chr4:130253494-130253932	NA	0.38	0.25	0.33	0.49	0.30	0.20	0.19	0.34	0.26	NA	0.25
ENSMUST00000070532.7|ENSMUSG00000028773|Fabp3	1975.1	130315373	chr4:130315222-130315463	0.17	0.22	0.20	0.23	0.54	0.33	0.15	0.21	0.11	0.23	0.29	0.37
ENSMUST00000134159.2|ENSMUSG00000028772|Zcchc17	2887.9	130316252	chr4:130315382-130316649	0.14	0.12	0.13	0.14	0.29	0.17	0.12	0.14	0.12	0.20	0.15	0.16
ENSMUST00000105994.3|ENSMUSG00000074088|Snrnp40	1066.7	130389795	chr4:130389590-130390026	0.42	0.39	0.23	0.28	0.86	0.41	0.32	0.34	0.33	0.31	0.55	0.39
ENSMUST00000180884.7|ENSMUSG00000078532|Nkain1	13.4	130533847	chr4:130531601-130534029	NA	NA	NA	0.04	NA	0.12	NA	NA	0.05	0.08	NA	0.07
ENSMUST00000030315.12|ENSMUSG00000028580|Pum1	261.1	130780074	chr4:130779900-130781564	0.58	0.60	0.42	0.46	0.72	0.70	0.53	0.48	0.42	0.44	0.64	0.58
ENSMUST00000070478.3|ENSMUSG00000025743|Sdc3	4238.1	130822997	chr4:130822806-130826319	1.00	0.87	0.85	0.89	1.00	0.99	1.00	1.00	0.77	0.91	1.00	0.76
ENSMUST00000151698.7|ENSMUSG00000028581|Laptm5	184598.7	130935615	chr4:130934547-130936141	1.00	0.75	0.62	0.72	1.00	1.00	0.96	0.93	0.70	0.93	1.00	1.00
ENSMUST00000105987.8|ENSMUSG00000028909|Ptpru	78.6	131768798	chr4:131768456-131769500	NA	NA	0.55	0.80	1.00	NA	0.85	0.61	0.31	0.67	0.98	0.97
ENSMUST00000134943.6|ENSMUSG00000028911|Srsf4	809.2	131892194	chr4:131884387-131897834	0.00	0.00	0.02	0.01	0.00	0.04	0.19	0.01	0.02	0.00	0.00	0.00
ENSMUST00000094666.3|ENSMUSG00000070720|Tmem200b	61.1	131922800	chr4:131922622-131923140	0.98	1.00	1.00	0.84	0.93	1.00	0.93	0.91	1.00	0.99	1.00	0.79
ENSMUST00000152796.7|ENSMUSG00000040025|Ythdf2	257.1	132186221	chr4:132184911-132186926	0.09	0.13	0.06	0.07	0.07	0.06	0.08	0.06	0.03	0.11	0.06	0.05
ENSMUST00000030731.10|ENSMUSG00000028899|Taf12	531.8	132293012	chr4:132292659-132295766	0.08	0.06	0.07	0.10	0.04	0.03	0.06	0.07	0.11	0.06	0.09	0.17
ENSMUST00000147652.7|ENSMUSG00000028898|Trnau1ap	2774.8	132325207	chr4:132311864-132325456	0.13	0.14	0.11	NA	0.14	0.11	0.14	0.12	NA	0.10	0.11	0.09
ENSMUST00000084250.10|ENSMUSG00000028896|Rcc1	152.2	132332607	chr4:132331918-132332829	0.84	0.72	0.83	0.72	1.00	0.76	0.60	0.70	0.73	0.89	0.69	0.68
ENSMUST00000102568.9|ENSMUSG00000066043|Phactr4	63.8	132358120	chr4:132355922-132358271	1.00	0.84	0.84	1.00	1.00	NA	1.00	NA	NA	1.00	NA	NA
ENSMUST00000102567.3|ENSMUSG00000066042|Med18	47.5	132459109	chr4:132458730-132459562	0.44	0.57	0.46	0.56	1.00	0.71	0.35	0.53	0.49	0.47	0.66	0.53
ENSMUST00000030724.8|ENSMUSG00000028893|Sesn2	161.1	132493091	chr4:132492031-132493718	0.30	0.31	0.15	0.23	0.71	0.31	0.15	0.19	0.28	0.28	0.22	0.38
ENSMUST00000139074.7|ENSMUSG00000054405|Dnajc8	7846.5	132538288	chr4:132536012-132546646	0.79	0.64	NA	0.78	0.46	0.72	0.58	0.66	NA	NA	0.45	0.42
ENSMUST00000070690.7|ENSMUSG00000056529|Ptafr	19.9	132580806	chr4:132580323-132582683	NA	NA	0.56	0.65	0.43	0.32	NA	NA	0.90	0.65	NA	NA
ENSMUST00000081726.12|ENSMUSG00000028886|Eya3	20.6	132721910	chr4:132721356-132724765	0.01	0.03	0.01	0.03	0.11	0.05	0.02	0.01	0.02	0.02	NA	NA
ENSMUST00000045550.4|ENSMUSG00000037752|Xkr8	18.9	132727421	chr4:132724896-132727857	0.12	0.30	0.34	0.25	0.17	0.12	0.12	0.24	0.19	0.19	NA	NA
ENSMUST00000030709.8|ENSMUSG00000028885|Smpdl3b	12.4	132733207	chr4:132732965-132733396	0.51	0.32	0.81	0.07	NA	0.15	0.25	0.24	NA	NA	NA	NA
ENSMUST00000102561.10|ENSMUSG00000028884|Rpa2	767.3	132778250	chr4:132777871-132778752	0.16	0.19	0.15	0.19	0.39	0.22	0.16	0.15	0.21	0.13	0.20	0.20
ENSMUST00000045154.5|ENSMUSG00000037731|Themis2	48.3	132782254	chr4:132781842-132782898	NA	NA	0.55	1.00	0.56	0.63	0.91	NA	0.68	0.64	NA	NA
ENSMUST00000030702.13|ENSMUSG00000028882|Ppp1r8	166.4	132827228	chr4:132826928-132827855	0.61	0.52	0.54	0.55	0.94	0.91	0.46	0.47	0.57	0.48	0.75	0.55
ENSMUST00000030698.4|ENSMUSG00000028879|Stx12	2791.2	132854399	chr4:132853500-132855468	0.29	0.31	0.24	0.30	0.31	0.31	0.39	0.25	0.27	0.29	0.37	0.43
ENSMUST00000030696.10|ENSMUSG00000028878|Fam76a	332.0	132901056	chr4:132899212-132901224	0.59	0.65	0.54	0.52	0.79	0.42	0.37	0.53	0.39	0.50	0.43	0.61
ENSMUST00000030693.12|ENSMUSG00000028874|Fgr	29.3	133000638	chr4:133000340-133001910	0.30	0.30	0.82	0.41	0.51	0.25	0.59	NA	0.42	0.22	NA	NA
ENSMUST00000084241.11|ENSMUSG00000028868|Wasf2	380.7	133196022	chr4:133195871-133199756	NA	1.00	1.00	1.00	1.00	1.00	1.00	1.00	1.00	1.00	NA	0.87
ENSMUST00000105910.1|ENSMUSG00000028865|Cd164l2	52.3	133224406	chr4:133224255-133224555	0.08	0.39	0.35	NA	0.15	0.33	0.22	0.21	NA	NA	0.53	0.32
ENSMUST00000134781.7|ENSMUSG00000028857|Tmem222	29159.3	133268195	chr4:133266886-133270775	0.06	0.00	NA	NA	NA	NA	NA	NA	NA	NA	0.00	0.00
ENSMUST00000030669.7|ENSMUSG00000028854|Slc9a1	272.2	133422475	chr4:133422324-133423702	1.00	0.83	1.00	0.96	1.00	1.00	1.00	0.93	0.94	0.93	NA	0.96
ENSMUST00000125541.1|ENSMUSG00000056596|Trnp1	36.1	133497627	chr4:133491099-133497788	0.00	0.00	0.00	0.00	0.01	0.00	0.01	0.00	0.00	0.00	0.00	0.00
ENSMUST00000030665.6|ENSMUSG00000028851|Nudc	68538.7	133532599	chr4:133532541-133532750	0.24	0.20	0.23	0.27	0.28	0.24	0.21	0.21	0.25	0.23	0.28	0.24
ENSMUST00000030662.2|ENSMUSG00000028850|Gpatch3	19.9	133584012	chr4:133583829-133584243	0.23	0.27	0.48	0.46	0.84	0.45	0.37	0.34	0.84	0.30	0.69	0.38
ENSMUST00000030661.13|ENSMUSG00000028848|Gpn2	129.7	133591546	chr4:133591395-133591735	0.31	0.39	0.25	0.37	0.24	0.27	0.30	0.23	0.25	0.26	0.35	0.38
ENSMUST00000084238.4|ENSMUSG00000037553|Zdhhc18	435.1	133607198	chr4:133605298-133608658	0.09	0.07	0.11	0.09	0.15	0.10	0.10	0.11	0.10	0.06	0.23	0.32
ENSMUST00000062118.10|ENSMUSG00000043257|Pigv	168.3	133661688	chr4:133660386-133662512	0.20	0.27	0.15	0.15	0.48	0.14	0.06	0.18	0.18	0.13	0.21	0.34
ENSMUST00000145664.8|ENSMUSG00000007880|Arid1a	266.0	133680177	chr4:133679007-133680333	0.75	0.56	0.46	0.54	0.92	0.47	0.31	0.47	0.55	0.35	0.49	0.39
ENSMUST00000105894.10|ENSMUSG00000003644|Rps6ka1	323.2	133847608	chr4:133847289-133848054	0.51	0.41	0.47	0.55	1.00	0.53	0.63	0.44	0.51	0.52	0.47	0.52
ENSMUST00000102553.10|ENSMUSG00000003038|Hmgn2	130383.4	133965032	chr4:133964737-133965540	0.60	0.58	0.53	0.48	0.93	0.58	0.49	0.52	0.55	0.51	0.70	0.71
ENSMUST00000144668.7|ENSMUSG00000012117|Dhdds	268.2	133970833	chr4:133969027-133971019	0.40	0.38	0.57	0.61	0.30	0.47	0.51	0.60	0.62	0.63	0.58	0.59
ENSMUST00000030651.8|ENSMUSG00000028843|Sh3bgrl3	132846.5	134127570	chr4:134127405-134127743	0.36	0.34	0.32	0.32	0.60	0.41	0.30	0.28	0.33	0.35	0.46	0.46
ENSMUST00000137388.7|ENSMUSG00000037443|Cep85	5733.0	134159425	chr4:134156096-134164731	0.01	0.01	0.00	NA	0.01	0.01	0.01	0.01	NA	NA	0.00	0.01
ENSMUST00000030644.7|ENSMUSG00000028840|Zfp593	84.5	134244640	chr4:134243288-134244791	0.88	0.85	0.92	1.00	0.33	0.90	1.00	1.00	1.00	0.84	0.61	0.71
ENSMUST00000124452.7|ENSMUSG00000086322|E130218I03Rik	1050.8	134244930	chr4:134244378-134245873	0.32	0.34	0.24	0.37	1.00	0.69	0.35	0.26	0.41	0.23	0.53	0.42
ENSMUST00000060050.5|ENSMUSG00000050105|Grrp1	5005.2	134251201	chr4:134251109-134251352	0.28	0.17	0.28	0.21	0.30	0.29	0.19	0.10	0.20	0.28	0.38	0.37
ENSMUST00000105877.8|ENSMUSG00000050890|Pdik1l	38.7	134276918	chr4:134275001-134278378	0.41	0.45	0.45	0.54	0.96	0.73	0.32	0.36	0.46	0.37	0.35	0.61
ENSMUST00000030643.2|ENSMUSG00000028838|Extl1	115.8	134356923	chr4:134356371-134357650	NA	0.91	0.41	0.45	NA	0.57	0.81	0.56	NA	NA	0.70	0.59
ENSMUST00000105870.7|ENSMUSG00000037366|Pafah2	61.5	134426648	chr4:134425564-134427413	1.00	0.76	0.66	0.46	0.95	1.00	0.51	0.62	0.55	0.84	NA	0.48
ENSMUST00000030636.10|ENSMUSG00000028832|Stmn1	262711.4	134473615	chr4:134473400-134473843	0.35	0.30	0.31	0.25	0.71	0.43	0.27	0.27	0.26	0.29	0.45	0.43
ENSMUST00000095074.3|ENSMUSG00000037348|Paqr7	847.8	134508610	chr4:134507868-134510235	0.12	0.18	0.25	0.20	0.30	0.24	0.19	0.19	0.18	0.24	0.23	0.30
ENSMUST00000131613.7|ENSMUSG00000046671|Mtfr1l	52898.3	134528986	chr4:134525563-134529137	0.27	0.26	0.27	0.28	0.26	0.27	0.28	0.26	0.29	0.26	0.31	0.28
ENSMUST00000060435.6|ENSMUSG00000050989|Selenon	1574.3	134538915	chr4:134537891-134539618	0.92	0.87	0.89	0.79	1.00	1.00	1.00	0.88	0.78	0.82	1.00	0.99
ENSMUST00000054096.12|ENSMUSG00000037306|Man1c1	1760.0	134563372	chr4:134561689-134563708	0.28	0.42	0.31	0.23	0.32	0.27	0.35	0.30	0.26	0.27	0.33	0.37
ENSMUST00000037828.7|ENSMUSG00000037295|Ldlrap1	313.2	134745614	chr4:134741553-134747054	0.03	0.03	0.03	0.03	0.05	0.02	0.02	0.02	0.03	0.04	0.02	0.02
ENSMUST00000030626.11|ENSMUSG00000028822|Tmem50a	75032.3	134898189	chr4:134897848-134898433	0.31	0.43	0.34	0.38	0.71	0.41	0.30	0.33	0.40	0.38	0.54	0.46
ENSMUST00000078084.6|ENSMUSG00000037266|Rsrp1	17798.8	134927224	chr4:134927044-134927671	0.17	0.18	0.14	0.15	0.20	0.17	0.15	0.14	0.13	0.13	0.17	0.23
ENSMUST00000030622.2|ENSMUSG00000028821|Syf2	4406.0	134937227	chr4:134937002-134937548	0.39	0.36	0.32	0.29	0.88	0.55	0.30	0.32	0.36	0.42	0.63	0.60
ENSMUST00000037099.8|ENSMUSG00000037242|Clic4	33105.1	135215598	chr4:135213968-135217103	0.83	0.85	0.83	0.85	0.88	0.78	1.00	0.87	0.88	0.90	0.78	0.90
ENSMUST00000030606.13|ENSMUSG00000059713|Rcan3	68.7	135416220	chr4:135412307-135416422	0.80	0.66	1.00	0.63	0.53	0.68	0.82	0.77	0.78	0.70	1.00	0.83
ENSMUST00000105854.1|ENSMUSG00000037139|Myom3	37.7	135814905	chr4:135814416-135815564	NA	0.61	1.00	0.59	NA	1.00	0.47	0.62	NA	NA	1.00	0.79
ENSMUST00000126641.1|ENSMUSG00000028676|Srsf10	158.8	135868421	chr4:135867183-135869908	0.22	0.40	0.47	0.59	0.37	0.30	0.25	0.48	0.50	0.35	0.19	0.61
ENSMUST00000030436.11|ENSMUSG00000028675|Pnrc2	2339.2	135871260	chr4:135870917-135872016	0.60	0.63	0.55	0.65	1.00	0.58	0.67	0.52	0.55	0.50	0.76	0.73
ENSMUST00000030434.4|ENSMUSG00000028673|Fuca1	537.3	135939362	chr4:135939211-135940311	0.21	0.29	0.41	0.39	0.32	0.31	0.31	0.48	0.46	0.52	0.42	0.42
ENSMUST00000030432.7|ENSMUSG00000028672|Hmgcl	1761.5	135962411	chr4:135962207-135962617	0.34	0.33	0.26	0.31	0.84	0.43	0.34	0.34	0.34	0.35	0.49	0.67
ENSMUST00000102541.9|ENSMUSG00000028671|Gale	135.0	135968007	chr4:135967856-135968178	0.31	0.25	0.18	0.23	0.41	0.40	0.36	0.15	0.32	0.43	0.45	0.35
ENSMUST00000105852.7|ENSMUSG00000028670|Lypla2	5149.3	135968546	chr4:135968223-135969019	0.54	0.53	0.41	0.55	0.93	0.56	0.43	0.43	0.53	0.48	0.59	0.65
ENSMUST00000105851.8|ENSMUSG00000028669|Pithd1	3974.4	135975848	chr4:135975459-135976397	0.36	0.29	0.20	0.26	0.72	0.34	0.19	0.22	0.30	0.29	0.37	0.41
ENSMUST00000030427.5|ENSMUSG00000028668|Eloa	208.9	136005467	chr4:136003367-136005618	0.33	0.48	0.41	0.68	0.45	0.40	0.41	0.61	0.45	0.52	0.85	1.00
ENSMUST00000102536.10|ENSMUSG00000059291|Rpl11	808.1	136049838	chr4:136049730-136049989	0.23	0.70	NA	0.27	0.10	0.18	0.45	0.51	0.92	NA	0.24	0.40
ENSMUST00000008016.2|ENSMUSG00000007872|Id3	16526893.0	136144501	chr4:136144350-136145392	1.00	1.00	1.00	1.00	1.00	1.00	1.00	1.00	1.00	1.00	1.00	1.00
ENSMUST00000047526.7|ENSMUSG00000036995|Asap3	301.9	136244632	chr4:136243857-136245216	0.40	0.59	0.49	0.46	0.56	0.71	0.28	0.52	0.46	0.60	NA	0.60
ENSMUST00000069195.4|ENSMUSG00000051351|Zfp46	92.6	136291376	chr4:136291212-136293942	0.79	1.00	1.00	1.00	0.57	1.00	NA	0.85	0.74	0.81	1.00	1.00
ENSMUST00000148843.9|ENSMUSG00000066037|Hnrnpr	85.7	136340503	chr4:136340025-136359447	0.01	0.01	0.01	0.01	0.01	0.00	0.01	0.01	0.00	0.00	0.01	0.01
ENSMUST00000168936.1|ENSMUSG00000001089|Luzp1	1491.4	136549158	chr4:136545390-136554780	0.78	0.80	0.54	0.60	1.00	1.00	0.49	0.61	1.00	0.81	0.68	0.45
ENSMUST00000116273.8|ENSMUSG00000036940|Kdm1a	423.6	136550699	chr4:136550539-136550850	0.31	0.23	0.34	0.19	0.40	0.45	0.42	0.27	0.34	0.27	0.28	0.44
ENSMUST00000046332.5|ENSMUSG00000036896|C1qc	809818.4	136889894	chr4:136889803-136890045	0.37	0.28	0.24	0.22	0.44	0.32	0.24	0.27	0.23	0.25	0.32	0.31
ENSMUST00000046285.5|ENSMUSG00000036887|C1qa	344764.5	136896005	chr4:136895916-136896156	0.20	0.27	0.19	0.21	0.35	0.26	0.18	0.15	0.22	0.20	0.25	0.20
ENSMUST00000045747.4|ENSMUSG00000036856|Wnt4	27.2	137296927	chr4:137296776-137299726	NA	0.04	NA	0.16	0.14	0.08	0.09	NA	NA	NA	0.06	0.08
ENSMUST00000051477.12|ENSMUSG00000006699|Cdc42	48083.0	137320680	chr4:137319695-137321105	0.89	0.88	0.96	0.88	0.73	0.68	1.00	0.91	0.91	0.97	0.84	0.82
ENSMUST00000105840.7|ENSMUSG00000043411|Usp48	122.8	137656292	chr4:137656141-137658531	1.00	0.57	1.00	0.85	0.34	0.63	1.00	1.00	0.66	0.92	NA	1.00
ENSMUST00000097837.10|ENSMUSG00000041351|Rap1gap	1850.1	137728684	chr4:137728533-137729861	NA	NA	1.00	1.00	NA	1.00	1.00	1.00	NA	NA	1.00	1.00
ENSMUST00000030551.10|ENSMUSG00000028766|Alpl	239722.3	137742095	chr4:137741732-137742439	0.50	0.45	0.45	0.46	0.49	0.62	0.46	0.44	0.48	0.48	0.53	0.64
ENSMUST00000102518.9|ENSMUSG00000057530|Ece1	3807.5	137963206	chr4:137962903-137965229	0.78	0.79	0.87	0.85	0.96	0.99	1.00	0.78	0.68	0.75	0.88	0.90
ENSMUST00000084215.11|ENSMUSG00000028760|Eif4g3	201.8	138206318	chr4:138206151-138208508	0.17	0.13	0.07	0.12	0.15	0.18	0.07	0.14	0.11	0.09	0.13	0.15
ENSMUST00000105827.7|ENSMUSG00000028759|Hp1bp3	1459.6	138242947	chr4:138241737-138244683	0.05	0.04	0.02	0.02	0.08	0.04	0.04	0.03	0.04	0.03	0.06	0.05
ENSMUST00000105824.7|ENSMUSG00000045349|Sh2d5	211.6	138259873	chr4:138259254-138261332	0.56	0.42	0.46	0.37	0.75	0.48	0.20	0.43	NA	NA	0.62	0.59
ENSMUST00000105818.7|ENSMUSG00000028758|Kif17	35.8	138301725	chr4:138301272-138301967	NA	0.64	NA	NA	NA	NA	NA	0.54	NA	NA	0.95	0.69
ENSMUST00000030538.4|ENSMUSG00000028757|Ddost	35557.1	138312131	chr4:138311980-138312628	0.50	0.41	0.32	0.29	0.34	0.42	0.34	0.38	0.31	0.32	0.57	0.54
ENSMUST00000105816.7|ENSMUSG00000028756|Pink1	66635.0	138313650	chr4:138313408-138313958	0.43	0.43	0.41	0.35	0.75	0.51	0.39	0.37	0.41	0.35	0.60	0.56
ENSMUST00000030535.3|ENSMUSG00000028755|Cda	90.1	138338735	chr4:138338527-138338886	0.37	0.38	0.37	0.28	0.45	0.58	0.17	0.42	0.51	0.38	NA	NA
ENSMUST00000105032.3|ENSMUSG00000078235|Fam43b	50.8	138394853	chr4:138394091-138395017	NA	0.33	0.75	0.55	NA	0.53	0.91	0.81	NA	NA	0.70	0.89
ENSMUST00000044058.10|ENSMUSG00000041241|Mul1	49.1	138439828	chr4:138439677-138442265	0.06	0.12	0.44	0.37	0.12	0.09	0.06	0.25	0.24	0.21	0.07	0.22
ENSMUST00000050918.3|ENSMUSG00000046447|Camk2n1	1143773.6	138458038	chr4:138456785-138460123	0.05	0.04	0.05	0.06	0.06	0.04	0.07	0.05	0.06	0.08	0.04	0.05
ENSMUST00000097830.3|ENSMUSG00000041161|Otud3	28.2	138895577	chr4:138895378-138895740	0.37	0.40	0.38	0.54	0.64	0.34	0.23	0.26	0.02	0.16	0.52	0.45
ENSMUST00000043042.9|ENSMUSG00000041143|Tmco4	116.6	139058859	chr4:139058513-139059171	0.57	0.59	0.42	0.51	1.00	0.76	0.53	0.38	0.54	0.40	0.88	0.41
ENSMUST00000042844.6|ENSMUSG00000041120|Nbl1	102568.0	139082600	chr4:139082283-139083347	0.76	0.68	0.62	0.61	0.91	0.88	0.62	0.62	0.75	0.68	0.93	0.87
ENSMUST00000143971.1|ENSMUSG00000050608|Micos10	12151.0	139103855	chr4:139101813-139104006	0.05	0.06	0.11	0.12	0.02	0.02	0.08	0.11	0.08	0.08	0.04	0.06
ENSMUST00000102507.9|ENSMUSG00000028745|Capzb	793143.9	139289111	chr4:139288960-139291758	1.00	1.00	1.00	1.00	1.00	1.00	1.00	1.00	1.00	1.00	1.00	1.00
ENSMUST00000102503.9|ENSMUSG00000028741|Mrto4	1229.6	139347507	chr4:139347434-139347658	0.21	0.17	0.15	0.24	0.47	0.26	0.17	0.11	0.17	0.16	0.30	0.21
ENSMUST00000097822.9|ENSMUSG00000066036|Ubr4	264.8	139489379	chr4:139489228-139489588	0.44	0.28	0.09	0.21	0.25	0.47	0.24	0.32	0.35	0.10	0.36	0.37
ENSMUST00000174078.1|ENSMUSG00000041025|Iffo2	11.5	139616841	chr4:139616430-139620382	0.04	0.13	0.02	0.01	0.02	0.04	0.11	0.03	0.03	0.07	0.06	0.10
ENSMUST00000039818.9|ENSMUSG00000028737|Aldh4a1	385.5	139649037	chr4:139648267-139649690	0.86	0.80	0.61	0.59	0.92	0.82	0.74	0.71	0.67	0.64	0.85	0.76
ENSMUST00000071169.8|ENSMUSG00000040945|Rcc2	661.8	140721369	chr4:140721201-140723220	0.57	0.70	0.98	1.00	0.68	0.70	1.00	1.00	0.96	1.00	1.00	0.93
ENSMUST00000030765.6|ENSMUSG00000028927|Padi2	25.9	140950103	chr4:140949921-140952586	0.03	0.14	0.14	0.11	0.25	0.16	0.12	0.15	0.08	0.10	0.34	0.14
ENSMUST00000127833.2|ENSMUSG00000036622|Atp13a2	1262.9	141007138	chr4:141006987-141007330	0.30	0.42	0.37	0.39	0.58	0.40	0.46	0.35	0.39	0.37	0.49	0.49
ENSMUST00000071977.8|ENSMUSG00000060572|Mfap2	191429.4	141015740	chr4:141015577-141015984	0.35	0.26	0.27	0.32	0.73	0.41	0.29	0.30	0.33	0.32	0.43	0.25
ENSMUST00000102491.9|ENSMUSG00000040860|Crocc	16.3	141016830	chr4:141016636-141017048	NA	NA	0.00	0.39	0.82	NA	0.32	NA	0.14	0.27	0.48	0.41
ENSMUST00000148204.7|ENSMUSG00000040842|Szrd1	579.5	141115492	chr4:141113000-141115764	0.09	0.10	0.26	0.43	0.13	0.14	0.21	0.22	0.51	0.33	0.25	0.43
ENSMUST00000030757.9|ENSMUSG00000028920|Fbxo42	46.4	141200722	chr4:141200561-141204062	0.71	0.79	0.86	1.00	0.45	0.64	1.00	1.00	1.00	0.98	0.82	0.74
ENSMUST00000006618.8|ENSMUSG00000028919|Arhgef19	75.6	141257114	chr4:141256876-141257564	0.45	0.44	0.45	0.43	1.00	0.54	0.35	0.64	0.44	0.50	0.90	0.73
ENSMUST00000006614.2|ENSMUSG00000006445|Epha2	51.1	141329073	chr4:141328515-141329384	0.61	0.54	NA	0.67	0.99	0.58	0.60	0.40	0.48	0.38	NA	0.07
ENSMUST00000006381.10|ENSMUSG00000006219|Fblim1	590.8	141577293	chr4:141576061-141577832	0.84	0.85	0.65	0.79	1.00	0.80	0.99	0.85	0.95	0.80	NA	NA
ENSMUST00000038661.7|ENSMUSG00000040740|Slc25a34	23.0	141619438	chr4:141618823-141620414	NA	0.39	NA	NA	NA	0.64	NA	NA	NA	NA	0.58	0.89
ENSMUST00000084203.10|ENSMUSG00000028917|Plekhm2	1077.0	141626297	chr4:141625733-141626572	0.49	0.70	0.68	0.72	1.00	0.82	0.87	1.00	0.82	0.77	0.90	0.78
ENSMUST00000102484.4|ENSMUSG00000078515|Ddi2	747.6	141683632	chr4:141677548-141689317	0.28	0.23	0.56	0.61	0.36	0.38	1.00	0.44	0.63	0.53	NA	0.48
ENSMUST00000038014.10|ENSMUSG00000040697|Dnajc16	21.4	141762277	chr4:141760188-141763521	0.04	0.09	0.22	0.13	0.15	NA	NA	0.10	0.10	0.14	0.13	0.10
ENSMUST00000030747.10|ENSMUSG00000028914|Casp9	123.4	141814054	chr4:141813684-141815976	0.84	0.71	0.77	0.84	0.79	0.83	0.98	0.95	0.87	0.96	1.00	0.80
ENSMUST00000036854.3|ENSMUSG00000040659|Efhd2	31303.7	141858658	chr4:141858141-141859749	0.38	0.35	0.26	0.30	0.78	0.49	0.37	0.31	0.29	0.28	0.54	0.54
ENSMUST00000036572.3|ENSMUSG00000040616|Tmem51	536.3	142031288	chr4:142030991-142031688	0.54	0.49	0.42	0.39	0.84	0.51	0.41	0.36	0.50	0.36	0.65	0.51
ENSMUST00000129032.7|ENSMUSG00000040606|Kazn	99.0	142141016	chr4:142139242-142141782	0.60	0.57	0.76	0.73	0.70	0.47	1.00	0.76	0.68	0.57	0.86	0.89
ENSMUST00000030317.13|ENSMUSG00000028583|Pdpn	3772.7	143268271	chr4:143267430-143268422	1.00	1.00	1.00	1.00	1.00	1.00	1.00	1.00	1.00	1.00	0.72	NA
ENSMUST00000059790.10|ENSMUSG00000046862|Pramef8	51.4	143419617	chr4:143419402-143421091	0.88	0.58	1.00	0.76	0.68	0.97	NA	1.00	0.85	0.69	0.96	0.67
ENSMUST00000084184.6|ENSMUSG00000066026|Dhrs3	37887.1	144920079	chr4:144919259-144927639	NA	NA	0.05	0.05	0.05	0.05	0.05	0.05	0.04	0.05	NA	NA
ENSMUST00000030336.10|ENSMUSG00000028599|Tnfrsf1b	612.1	145214402	chr4:145213462-145215789	0.65	0.66	0.83	0.62	0.77	0.65	0.95	0.73	0.67	0.65	0.93	0.54
ENSMUST00000105733.2|ENSMUSG00000070605|Zfp992	11.9	146468302	chr4:146467542-146470292	NA	NA	0.24	0.33	NA	0.09	NA	NA	NA	0.26	NA	NA
ENSMUST00000084149.9|ENSMUSG00000067916|Zfp991	12.2	147180037	chr4:147179886-147180579	NA	NA	0.87	0.65	NA	1.00	NA	NA	NA	0.20	NA	NA
ENSMUST00000105720.7|ENSMUSG00000066000|Zfp979	48.1	147612480	chr4:147611936-147613029	0.83	1.00	0.61	NA	1.00	1.00	NA	0.66	0.79	0.78	NA	NA
ENSMUST00000105734.9|ENSMUSG00000078495|Zfp984	23.5	147754223	chr4:147753973-147754751	0.65	NA	0.35	0.59	1.00	0.55	NA	0.24	0.53	0.70	NA	NA
ENSMUST00000105718.7|ENSMUSG00000059423|Zfp933	16.9	147825085	chr4:147822985-147825733	NA	NA	NA	0.09	0.06	0.01	NA	0.10	0.11	NA	NA	NA
ENSMUST00000030886.14|ENSMUSG00000029022|Miip	153.3	147860865	chr4:147860777-147861016	0.26	0.12	0.53	0.29	0.32	0.32	0.20	0.25	0.08	0.06	0.00	0.28
ENSMUST00000105716.8|ENSMUSG00000029020|Mfn2	704.5	147874204	chr4:147873598-147875391	0.79	0.81	0.83	0.77	1.00	1.00	1.00	0.90	0.74	0.87	1.00	0.82
ENSMUST00000019199.13|ENSMUSG00000019055|Plod1	16963.5	147910290	chr4:147909752-147910721	0.16	0.17	0.16	0.16	0.40	0.19	0.21	0.15	0.18	0.16	0.27	0.27
ENSMUST00000103232.1|ENSMUSG00000044496|2510039O18Rik	1301.5	147946981	chr4:147946615-147947314	0.57	0.63	0.41	0.46	0.81	0.62	0.49	0.44	0.56	0.52	0.96	0.81
ENSMUST00000069604.14|ENSMUSG00000029009|Mthfr	55.8	148055950	chr4:148055585-148059551	0.47	0.37	1.00	0.83	0.71	NA	1.00	1.00	0.79	0.94	NA	1.00
ENSMUST00000030865.8|ENSMUSG00000029007|Agtrap	1092.6	148079972	chr4:148077060-148080485	0.27	0.32	0.44	0.47	0.35	0.26	0.42	0.43	0.38	0.42	0.29	0.62
ENSMUST00000030862.4|ENSMUSG00000029005|Draxin	406.4	148102172	chr4:148098436-148102472	NA	NA	0.81	1.00	NA	0.61	1.00	0.82	NA	NA	NA	NA
ENSMUST00000105707.1|ENSMUSG00000029003|Mad2l2	15226.7	148145549	chr4:148145158-148145696	0.62	0.57	0.58	0.53	1.00	0.69	0.53	0.61	0.62	0.53	0.65	0.95
ENSMUST00000105706.7|ENSMUSG00000055401|Fbxo6	784.0	148145767	chr4:148145715-148145918	0.00	0.00	0.04	0.14	0.00	0.00	0.02	0.00	0.06	0.10	0.00	0.00
ENSMUST00000172472.7|ENSMUSG00000029001|Fbxo44	5812.2	148156145	chr4:148153571-148156454	0.01	0.01	0.01	0.01	0.01	0.01	0.01	0.02	0.00	0.01	0.01	0.01
ENSMUST00000047951.8|ENSMUSG00000041556|Fbxo2	4894.3	148166247	chr4:148166096-148166424	0.30	0.27	0.16	0.26	0.52	0.34	0.24	0.24	0.36	0.27	0.44	0.40
ENSMUST00000051633.2|ENSMUSG00000047719|Ubiad1	109.8	148435048	chr4:148434494-148436157	0.77	0.81	0.53	0.89	1.00	0.80	1.00	0.87	0.94	0.70	1.00	1.00
ENSMUST00000103221.9|ENSMUSG00000028991|Mtor	61.0	148557427	chr4:148556857-148557683	0.54	0.69	0.57	0.44	1.00	1.00	0.52	0.41	0.53	0.35	0.61	0.79
ENSMUST00000030840.3|ENSMUSG00000028989|Angptl7	60.5	148495729	chr4:148495182-148496157	0.54	0.34	0.78	0.58	0.71	0.49	0.64	0.51	NA	NA	NA	NA
ENSMUST00000097781.10|ENSMUSG00000017264|Exosc10	3258.1	148573384	chr4:148573023-148582393	0.18	0.13	0.14	0.14	0.20	0.20	0.17	0.14	0.14	0.13	NA	NA
ENSMUST00000006611.8|ENSMUSG00000006442|Srm	7361.5	148594455	chr4:148594304-148594619	0.24	0.27	0.21	0.23	0.41	0.27	0.20	0.23	0.28	0.27	0.29	0.33
ENSMUST00000084125.9|ENSMUSG00000041459|Tardbp	364.2	148616987	chr4:148612381-148618263	0.08	0.05	0.06	0.06	0.06	0.04	0.04	0.06	0.03	0.02	0.13	0.19
ENSMUST00000030816.3|ENSMUSG00000028974|Dffa	61.0	149119461	chr4:149119288-149120647	1.00	1.00	1.00	1.00	1.00	1.00	1.00	1.00	0.88	0.63	1.00	1.00
ENSMUST00000084124.6|ENSMUSG00000028961|Pgd	3684.9	149150278	chr4:149149990-149150646	0.48	0.50	0.47	0.45	1.00	0.54	0.49	0.45	0.47	0.44	0.62	0.77
ENSMUST00000238956.1|ENSMUSG00000063077|Kif1b	1481.6	149180619	chr4:149176318-149180770	1.00	1.00	1.00	1.00	NA	1.00	1.00	1.00	1.00	1.00	1.00	1.00
ENSMUST00000174343.7|ENSMUSG00000028960|Ube4b	211.9	149360277	chr4:149329675-149360542	0.11	0.11	0.08	0.08	0.16	0.10	0.09	0.15	0.08	0.08	0.13	0.09
ENSMUST00000030842.7|ENSMUSG00000028990|Lzic	215.4	149496379	chr4:149496135-149496668	0.58	0.54	0.59	0.50	0.54	0.39	0.39	0.46	0.58	0.49	0.55	0.54
ENSMUST00000030839.12|ENSMUSG00000028988|Ctnnbip1	1777.4	149564639	chr4:149564260-149566437	0.52	0.55	0.48	0.60	0.42	0.37	0.48	0.61	0.40	0.54	0.33	0.63
ENSMUST00000105691.7|ENSMUSG00000039953|Clstn1	5495.2	149647712	chr4:149647561-149648899	1.00	1.00	0.93	0.97	1.00	1.00	1.00	1.00	1.00	0.90	1.00	1.00
ENSMUST00000038859.13|ENSMUSG00000039936|Pik3cd	152.8	149650491	chr4:149649167-149650642	1.00	0.99	0.87	1.00	1.00	1.00	1.00	0.64	0.86	1.00	1.00	1.00
ENSMUST00000105686.2|ENSMUSG00000028982|Slc25a33	558.0	149744581	chr4:149744035-149744740	0.18	0.22	0.35	0.21	0.17	0.17	0.23	0.29	0.43	0.21	0.18	0.17
ENSMUST00000038562.8|ENSMUSG00000039911|Spsb1	4982.1	149897044	chr4:149896282-149898216	0.82	0.67	0.60	0.53	1.00	0.88	0.62	0.63	0.56	0.54	0.90	0.64
ENSMUST00000084117.12|ENSMUSG00000028980|H6pd	933.9	149981409	chr4:149979474-149981560	1.00	0.89	1.00	0.99	1.00	0.96	1.00	1.00	1.00	0.96	NA	NA
ENSMUST00000094451.3|ENSMUSG00000047875|Gpr157	48.9	150104749	chr4:150102406-150105927	NA	NA	0.49	0.23	0.37	0.63	NA	NA	0.56	0.50	NA	NA
ENSMUST00000030826.3|ENSMUSG00000028976|Slc2a5	28.6	150143604	chr4:150143228-150144169	NA	NA	0.30	0.07	0.09	0.15	NA	NA	0.08	0.18	0.13	0.09
ENSMUST00000080926.12|ENSMUSG00000063524|Eno1	451241.0	150248703	chr4:150248552-150248879	0.27	0.28	0.26	0.23	0.53	0.30	0.23	0.23	0.23	0.24	0.44	0.40
ENSMUST00000105682.8|ENSMUSG00000039852|Rere	1183.6	150619637	chr4:150619486-150621966	1.00	1.00	1.00	1.00	NA	NA	1.00	1.00	NA	1.00	NA	1.00
ENSMUST00000073600.8|ENSMUSG00000028967|Errfi1	2390.2	150868532	chr4:150867499-150868892	0.92	0.90	0.78	0.80	1.00	0.71	1.00	0.76	1.00	0.82	1.00	1.00
ENSMUST00000105672.9|ENSMUSG00000028965|Tnfrsf9	54.5	150945181	chr4:150944867-150946102	0.95	0.87	NA	NA	0.65	1.00	NA	NA	NA	NA	NA	NA
ENSMUST00000169423.8|ENSMUSG00000014592|Camta1	2085.7	151047368	chr4:150917321-151062825	NA	0.01	0.01	0.02	NA	0.01	0.06	0.04	NA	NA	0.02	0.02
ENSMUST00000030797.3|ENSMUSG00000028955|Vamp3	3262.3	151048881	chr4:151047299-151049032	1.00	1.00	1.00	1.00	1.00	1.00	1.00	1.00	1.00	1.00	1.00	1.00
ENSMUST00000036680.7|ENSMUSG00000039759|Thap3	268.8	151982880	chr4:151982638-151983067	0.38	0.35	0.31	0.31	0.70	0.50	0.40	0.37	0.43	0.28	0.48	0.59
ENSMUST00000055688.9|ENSMUSG00000047777|Phf13	117.2	151991217	chr4:151989632-151991555	0.82	0.64	0.65	0.81	1.00	0.86	0.79	0.77	0.80	0.79	0.88	0.94
ENSMUST00000097773.3|ENSMUSG00000073700|Klhl21	121.9	152016789	chr4:152015625-152017680	0.61	0.52	0.71	0.67	0.96	0.90	1.00	0.64	0.61	0.62	0.90	0.78
ENSMUST00000155389.7|ENSMUSG00000028952|Zbtb48	285.9	152020505	chr4:152019773-152020656	0.44	0.55	0.42	0.47	0.53	0.27	0.42	0.41	0.38	0.29	0.46	0.58
ENSMUST00000131696.2|ENSMUSG00000028948|Nol9	174.5	152052058	chr4:152050588-152060042	0.28	0.25	0.28	0.22	0.15	0.23	0.17	0.16	0.26	0.22	0.18	0.25
ENSMUST00000167926.7|ENSMUSG00000028937|Acot7	3480.0	152271720	chr4:152271569-152271855	0.41	0.17	0.24	0.22	0.52	0.42	0.23	0.29	0.25	0.25	0.39	0.32
ENSMUST00000105650.7|ENSMUSG00000042804|Gpr153	885.6	152283818	chr4:152283586-152285337	1.00	0.74	0.79	0.90	1.00	1.00	1.00	1.00	0.83	0.92	0.96	0.90
ENSMUST00000151372.7|ENSMUSG00000039662|Icmt	1806.2	152299318	chr4:152299167-152307120	NA	NA	NA	1.00	NA	NA	NA	1.00	1.00	1.00	NA	1.00
ENSMUST00000139685.7|ENSMUSG00000028936|Rpl22	517.4	152332572	chr4:152332421-152334071	1.00	1.00	1.00	1.00	0.88	0.92	1.00	1.00	1.00	1.00	1.00	1.00
ENSMUST00000159840.7|ENSMUSG00000028931|Kcnab2	18116.4	152392886	chr4:152390741-152393037	1.00	1.00	1.00	1.00	1.00	1.00	1.00	1.00	1.00	1.00	1.00	1.00
ENSMUST00000081393.9|ENSMUSG00000039577|Nphp4	6.9	152562926	chr4:152562775-152563183	NA	NA	NA	NA	NA	NA	0.15	0.16	NA	NA	0.21	0.16
ENSMUST00000149177.1|ENSMUSG00000039546|Ajap1	41.4	153384805	chr4:153374230-153385018	0.01	0.01	0.01	0.01	0.01	0.01	0.01	0.01	NA	NA	0.01	0.01
ENSMUST00000147826.1|ENSMUSG00000047613|A430005L14Rik	8011.7	153960992	chr4:153960600-153961803	0.17	0.14	0.13	0.10	0.12	0.10	0.12	0.12	0.10	0.11	0.13	0.12
ENSMUST00000047497.14|ENSMUSG00000039523|Cep104	59.7	154007078	chr4:154006802-154008732	0.87	1.00	1.00	0.81	NA	0.93	0.97	0.91	0.75	0.65	0.81	0.80
ENSMUST00000169622.7|ENSMUSG00000029028|Lrrc47	1138.2	154020024	chr4:154019873-154021513	0.99	0.98	1.00	1.00	1.00	1.00	1.00	1.00	1.00	0.98	1.00	1.00
ENSMUST00000030896.14|ENSMUSG00000029030|Tprgl	19358.3	154157819	chr4:154157484-154158373	0.65	0.65	0.53	0.55	0.86	0.60	0.54	0.51	0.62	0.54	0.78	0.79
ENSMUST00000030897.14|ENSMUSG00000057751|Megf6	14.6	154274242	chr4:154273872-154275713	0.24	NA	0.16	0.20	NA	NA	0.04	0.11	0.30	0.17	0.03	0.22
ENSMUST00000070313.13|ENSMUSG00000039410|Prdm16	39.6	154320512	chr4:154316124-154320912	0.14	0.16	0.09	0.09	0.24	0.15	0.22	0.24	0.16	0.13	0.13	0.15
ENSMUST00000163732.7|ENSMUSG00000058183|Mmel1	21.1	154895373	chr4:154895222-154895528	NA	0.36	NA	NA	NA	0.72	0.07	NA	NA	NA	0.39	0.53
ENSMUST00000049621.6|ENSMUSG00000048001|Hes5	301.6	154962121	chr4:154961672-154962371	0.52	0.41	0.25	0.47	0.83	0.48	0.37	0.27	NA	NA	0.60	0.70
ENSMUST00000148934.7|ENSMUSG00000029056|Pank4	426.7	154979794	chr4:154978966-154980889	0.08	0.06	0.04	0.08	0.09	0.02	0.11	0.08	0.04	0.06	0.05	0.05
ENSMUST00000103180.3|ENSMUSG00000029047|Pex10	31.2	155072115	chr4:155071770-155072433	0.36	0.57	0.11	0.23	0.55	0.59	0.28	0.51	0.19	0.14	0.43	0.34
ENSMUST00000030914.3|ENSMUSG00000029048|Rer1	15665.3	155074623	chr4:155074109-155074941	0.32	0.37	0.33	0.33	0.35	0.33	0.25	0.25	0.30	0.30	0.30	0.34
ENSMUST00000132367.7|ENSMUSG00000029049|Morn1	119.9	155111589	chr4:155110945-155112181	NA	NA	0.00	0.02	NA	NA	0.00	0.07	NA	NA	0.00	0.00
ENSMUST00000084103.9|ENSMUSG00000029050|Ski	1322.6	155155713	chr4:155154074-155157343	0.53	0.61	0.49	0.48	0.68	0.59	1.00	0.51	0.36	0.35	0.78	0.58
ENSMUST00000148406.7|ENSMUSG00000073684|Faap20	2213.4	155251036	chr4:155250582-155256683	0.01	0.00	0.01	0.00	0.01	0.00	0.00	0.01	0.00	0.00	0.00	0.00
ENSMUST00000103178.10|ENSMUSG00000029053|Prkcz	3937.6	155262204	chr4:155260128-155262446	0.24	0.39	0.43	0.44	0.26	0.38	0.42	0.57	0.45	0.45	0.37	0.48
ENSMUST00000030925.2|ENSMUSG00000029054|Gabrd	83.7	155385197	chr4:155384979-155385403	0.22	0.27	0.30	0.55	0.38	NA	0.33	0.35	NA	NA	0.54	0.45
ENSMUST00000123952.8|ENSMUSG00000078490|Cfap74	27.9	155420753	chr4:155420346-155421992	0.54	0.63	0.45	NA	NA	0.78	0.55	0.66	NA	0.64	0.99	1.00
ENSMUST00000165335.7|ENSMUSG00000029064|Gnb1	113854.7	155557746	chr4:155557274-155559269	0.15	0.36	0.61	0.64	0.20	0.38	0.55	0.52	0.38	0.40	1.00	1.00
ENSMUST00000105613.9|ENSMUSG00000029063|Nadk	1672.6	155589665	chr4:155589472-155591001	0.73	0.69	0.68	0.73	0.69	0.68	0.97	0.75	0.75	0.65	0.85	0.83
ENSMUST00000105608.8|ENSMUSG00000042202|Slc35e2	20.2	155620687	chr4:155618746-155623340	NA	NA	0.33	0.30	NA	NA	NA	0.70	0.36	0.24	NA	NA
ENSMUST00000099265.2|ENSMUSG00000074738|Fndc10	204.1	155695813	chr4:155695169-155696481	0.62	0.56	0.90	0.75	0.68	0.85	0.88	0.83	0.86	0.89	0.83	0.86
ENSMUST00000030905.8|ENSMUSG00000029038|Ssu72	7313.2	155733722	chr4:155733571-155733879	0.10	0.09	0.12	0.09	0.19	0.13	0.09	0.04	0.08	0.10	0.12	0.09
ENSMUST00000184913.7|ENSMUSG00000029036|Atad3a	2213.3	155753566	chr4:155751517-155754837	0.00	0.00	0.00	0.02	0.02	0.00	0.00	0.00	0.00	0.00	0.01	0.00
ENSMUST00000042196.3|ENSMUSG00000042116|Vwa1	65927.6	155769539	chr4:155768148-155770330	0.05	0.05	0.04	0.03	0.10	0.05	0.05	0.05	0.04	0.05	0.06	0.05
ENSMUST00000097742.2|ENSMUSG00000073680|Tmem88b	44.3	155784119	chr4:155781590-155784270	0.80	1.00	0.50	0.68	0.74	1.00	NA	NA	NA	NA	0.72	0.87
ENSMUST00000137487.8|ENSMUSG00000029066|Mrpl20	2168.1	155808800	chr4:155808649-155809975	0.01	0.00	0.00	0.01	0.01	0.00	0.01	0.00	0.01	0.01	0.01	0.01
ENSMUST00000126346.1|ENSMUSG00000029068|Ccnl2	4326.2	155821114	chr4:155818557-155824303	0.23	0.23	0.35	0.33	0.26	0.19	0.34	0.20	0.38	0.34	0.11	0.13
ENSMUST00000030947.3|ENSMUSG00000029070|Mxra8	82179.8	155843784	chr4:155843327-155844088	0.60	0.64	0.50	0.55	0.92	0.61	0.56	0.52	0.62	0.55	0.72	0.68
ENSMUST00000030948.15|ENSMUSG00000029071|Dvl1	803.1	155858952	chr4:155858363-155859303	0.76	0.55	0.55	0.65	0.65	0.88	0.75	0.53	0.49	0.60	0.75	0.72
ENSMUST00000030950.7|ENSMUSG00000029073|Cptp	179.9	155865501	chr4:155864722-155866359	0.17	0.16	0.09	0.18	0.37	0.21	0.13	0.12	0.16	0.13	0.14	0.15
ENSMUST00000156460.1|ENSMUSG00000029034|Ints11	118.5	155875461	chr4:155875310-155886919	0.01	0.00	0.00	0.00	0.00	0.00	0.00	0.00	0.00	0.00	0.01	0.01
ENSMUST00000097737.4|ENSMUSG00000051557|Pusl1	281.6	155889006	chr4:155888861-155889157	0.57	0.35	0.56	0.44	0.76	0.38	0.45	0.66	0.57	0.58	0.41	0.52
ENSMUST00000079031.5|ENSMUSG00000029033|Acap3	885.0	155906690	chr4:155905957-155907251	0.64	0.88	0.51	0.53	0.82	0.77	0.80	0.57	0.51	0.54	0.87	0.82
ENSMUST00000166489.7|ENSMUSG00000023286|Ube2j2	918.3	155957543	chr4:155957362-155959604	0.02	0.02	0.03	0.02	0.03	0.02	0.04	0.02	0.02	0.01	0.03	0.03
ENSMUST00000052185.4|ENSMUSG00000050796|B3galt6	163.9	155990956	chr4:155989465-155991641	0.12	0.14	0.23	0.17	0.24	0.21	0.25	0.18	0.17	0.15	0.30	0.32
ENSMUST00000050078.12|ENSMUSG00000029076|Sdf4	4297.1	156010098	chr4:156009947-156013610	0.03	0.05	0.06	0.05	0.02	0.03	0.02	0.06	0.05	0.04	0.07	0.15
ENSMUST00000040274.12|ENSMUSG00000041954|Tnfrsf18	31.1	156028679	chr4:156028528-156028891	0.08	NA	NA	NA	0.23	NA	NA	0.12	NA	0.14	NA	NA
ENSMUST00000072554.12|ENSMUSG00000059939|9430015G10Rik	29.3	156125662	chr4:156125511-156127265	1.00	NA	NA	1.00	0.40	0.88	NA	1.00	0.84	1.00	0.62	NA
ENSMUST00000105574.8|ENSMUSG00000041936|Agrn	463.3	156165598	chr4:156165289-156166498	0.75	0.89	0.62	0.63	1.00	0.73	0.85	0.62	0.75	0.53	0.91	1.00
ENSMUST00000105569.3|ENSMUSG00000078485|Plekhn1	170.5	156229532	chr4:156229043-156230036	0.22	0.17	0.17	0.19	0.55	0.33	0.14	0.11	0.20	0.14	0.26	0.09
ENSMUST00000179543.7|ENSMUSG00000095567|Noc2l	1381.0	156247320	chr4:156247116-156247616	0.28	0.38	0.23	0.25	0.47	0.33	0.43	0.33	0.35	0.29	0.51	0.50
