Gene	fit_value	Predicted_Proximal_APA	Loci	/home/taylor/stroke_APA_work/bedgraph/day1_rep1_PDUI	/home/taylor/stroke_APA_work/bedgraph/day1_rep2_PDUI	/home/taylor/stroke_APA_work/bedgraph/day21_rep1_PDUI	/home/taylor/stroke_APA_work/bedgraph/day21_rep2_PDUI	/home/taylor/stroke_APA_work/bedgraph/day3_rep1_PDUI	/home/taylor/stroke_APA_work/bedgraph/day3_rep2_PDUI	/home/taylor/stroke_APA_work/bedgraph/day60_rep1_PDUI	/home/taylor/stroke_APA_work/bedgraph/day60_rep2_PDUI	/home/taylor/stroke_APA_work/bedgraph/day7_rep1_PDUI	/home/taylor/stroke_APA_work/bedgraph/day7_rep2_PDUI	/home/taylor/stroke_APA_work/bedgraph/sham1_PDUI	/home/taylor/stroke_APA_work/bedgraph/sham2_PDUI
ENSMUST00000176000.1|ENSMUSG00000040302|Rbm48	61.9	3590222	chr5:3584775-3591809	0.08	0.01	0.04	0.02	0.06	0.00	0.20	0.01	NA	NA	0.05	0.00
ENSMUST00000140871.1|ENSMUSG00000007415|Gatad1	167.2	3640108	chr5:3632931-3641392	0.18	0.14	0.12	0.11	0.06	0.11	0.32	0.21	0.15	0.15	0.08	0.15
ENSMUST00000043551.10|ENSMUSG00000040351|Ankib1	41.6	3692124	chr5:3689999-3692758	1.00	0.96	1.00	0.81	1.00	NA	NA	1.00	0.76	0.77	NA	0.72
ENSMUST00000001507.4|ENSMUSG00000001467|Cyp51	1225.9	4082457	chr5:4081144-4083127	0.24	0.25	0.31	0.33	0.31	0.23	0.34	0.28	0.35	0.37	0.18	0.25
ENSMUST00000054294.6|ENSMUSG00000044674|Fzd1	596.0	4755486	chr5:4753838-4755654	1.00	0.90	0.90	0.85	0.63	1.00	1.00	1.00	0.86	0.84	0.84	0.91
ENSMUST00000115451.7|ENSMUSG00000028926|Cdk14	25.3	4888716	chr5:4803390-4888867	NA	0.01	0.01	0.01	NA	0.00	0.03	0.01	0.01	0.01	0.00	0.00
ENSMUST00000179804.7|ENSMUSG00000046798|Cldn12	68.5	5506864	chr5:5505014-5507693	0.89	0.85	0.68	0.59	0.96	0.80	1.00	0.87	0.73	1.00	1.00	1.00
ENSMUST00000115426.8|ENSMUSG00000015653|Steap2	43.0	5671978	chr5:5664828-5673411	0.06	0.13	0.08	0.13	NA	0.10	0.24	0.10	0.08	0.08	0.21	NA
ENSMUST00000115421.2|ENSMUSG00000012428|Steap4	8106.0	7980800	chr5:7980555-7982213	0.99	0.85	0.91	0.92	1.00	1.00	1.00	0.97	1.00	1.00	NA	NA
ENSMUST00000088786.10|ENSMUSG00000003161|Sri	10817.7	8067716	chr5:8067556-8069379	0.40	0.42	0.34	0.39	0.42	0.45	0.25	0.42	0.36	0.37	0.47	0.59
ENSMUST00000168500.7|ENSMUSG00000002297|Dbf4	43.3	8397864	chr5:8397153-8398015	NA	0.95	NA	NA	1.00	0.68	NA	NA	0.97	1.00	NA	NA
ENSMUST00000196727.4|ENSMUSG00000054099|Slc25a40	30.4	8443785	chr5:8440730-8454789	0.17	0.22	0.24	0.26	0.18	0.18	NA	0.17	0.17	0.23	NA	NA
ENSMUST00000047753.4|ENSMUSG00000040584|Abcb1a	1363.6	8747950	chr5:8747558-8748575	0.72	0.70	0.72	0.80	0.54	0.42	0.91	0.73	0.63	0.67	0.77	0.83
ENSMUST00000199955.4|ENSMUSG00000028970|Abcb1b	65.2	8812846	chr5:8812695-8849821	0.09	0.12	0.13	0.13	0.05	0.06	NA	NA	0.09	0.07	NA	0.06
ENSMUST00000003720.4|ENSMUSG00000003623|Crot	557.3	8966386	chr5:8966032-8966854	0.52	0.59	0.45	0.53	0.70	0.52	0.42	0.39	0.50	0.41	0.76	0.82
ENSMUST00000196029.4|ENSMUSG00000079659|Tmem243	38.7	9153183	chr5:9153032-9158080	0.15	0.18	NA	0.26	0.23	NA	0.11	0.20	NA	NA	0.14	0.19
ENSMUST00000184888.7|ENSMUSG00000042508|Dmtf1	361.8	9130367	chr5:9118872-9130543	0.23	0.20	0.15	0.17	0.24	0.18	0.18	0.19	0.12	0.23	0.17	0.18
ENSMUST00000004076.4|ENSMUSG00000003974|Grm3	504.8	9485619	chr5:9485540-9485770	0.34	0.50	0.18	0.37	0.87	0.57	0.40	0.36	NA	NA	0.66	0.64
ENSMUST00000030868.10|ENSMUSG00000040254|Sema3d	19.4	12585660	chr5:12585299-12588948	NA	NA	0.64	0.49	NA	0.45	NA	0.55	0.35	NA	NA	NA
ENSMUST00000030714.7|ENSMUSG00000028883|Sema3a	35.8	13600701	chr5:13599600-13602565	0.38	0.51	0.20	0.39	NA	0.28	0.21	0.30	0.34	0.37	NA	NA
ENSMUST00000196384.1|ENSMUSG00000106445|Gm21190	107.1	15524669	chr5:15524455-15524820	NA	NA	0.34	0.57	NA	NA	0.32	0.35	NA	NA	NA	NA
ENSMUST00000167946.8|ENSMUSG00000040118|Cacna2d1	35.8	16370896	chr5:16370671-16374511	NA	0.38	0.45	0.59	NA	1.00	0.25	0.51	0.60	0.50	0.25	NA
ENSMUST00000199581.4|ENSMUSG00000028864|Hgf	35.0	16619436	chr5:16618990-16620152	NA	1.00	1.00	0.94	0.11	NA	1.00	0.75	1.00	0.71	NA	NA
ENSMUST00000170181.7|ENSMUSG00000028780|Sema3c	378.8	17670623	chr5:17670472-17682083	0.14	0.15	0.10	0.09	0.14	NA	0.12	0.10	0.14	0.07	0.12	0.11
ENSMUST00000074694.6|ENSMUSG00000057614|Gnai1	497.2	18266870	chr5:18265134-18267021	1.00	0.90	1.00	0.95	1.00	1.00	1.00	0.92	0.94	0.80	1.00	1.00
ENSMUST00000199514.1|ENSMUSG00000040003|Magi2	5.3	20661451	chr5:20661300-20702353	NA	0.00	0.00	NA	NA	NA	0.01	0.00	NA	NA	0.00	0.00
ENSMUST00000124431.7|ENSMUSG00000039987|Phtf2	10.7	20801901	chr5:20782387-20802061	0.04	0.03	0.03	0.02	0.03	0.03	0.07	0.03	0.03	0.03	0.01	NA
ENSMUST00000115259.2|ENSMUSG00000045435|Tmem60	445.7	20886788	chr5:20886637-20886870	0.27	0.22	0.26	0.20	0.49	0.40	0.13	0.09	0.24	0.16	0.31	0.36
ENSMUST00000035799.5|ENSMUSG00000039899|Fgl2	1272.1	21376127	chr5:21375957-21378374	0.71	0.66	0.69	0.66	0.80	0.76	0.71	0.69	0.66	0.72	NA	NA
ENSMUST00000056045.4|ENSMUSG00000047221|Fam185a	26.1	21481503	chr5:21480441-21482124	0.69	0.75	0.79	NA	NA	1.00	NA	0.76	0.97	0.84	0.58	0.97
ENSMUST00000035651.5|ENSMUSG00000039883|Lrrc17	885.8	21575616	chr5:21575358-21575904	NA	0.59	0.53	0.44	1.00	0.74	0.46	0.42	0.53	0.47	NA	NA
ENSMUST00000115217.7|ENSMUSG00000044968|Napepld	82.6	21665047	chr5:21662900-21665230	1.00	0.88	1.00	1.00	0.49	0.58	0.74	1.00	0.83	0.95	0.61	0.78
ENSMUST00000141022.1|ENSMUSG00000029017|Pmpcb	2792.2	21756960	chr5:21756809-21757152	0.60	0.63	0.71	0.48	1.00	0.70	0.57	0.55	0.57	0.46	0.63	0.82
ENSMUST00000030872.11|ENSMUSG00000029012|Orc5	153.5	22486771	chr5:22486488-22487174	0.59	0.56	0.53	0.44	0.93	0.47	0.52	0.50	0.43	0.54	0.49	0.94
ENSMUST00000196889.4|ENSMUSG00000029004|Kmt2e	672.1	23482553	chr5:23482402-23486400	0.05	0.05	0.06	0.07	0.10	0.08	0.07	0.06	0.05	0.05	0.08	0.07
ENSMUST00000196929.4|ENSMUSG00000062604|Srpk2	144.8	23524147	chr5:23505451-23525731	0.07	0.06	0.06	0.05	0.07	0.06	0.08	0.07	0.07	0.06	0.05	0.05
ENSMUST00000151449.1|ENSMUSG00000057541|Pus7	79.0	23768694	chr5:23760265-23768845	0.04	0.03	0.03	0.05	0.11	0.04	NA	0.02	0.03	0.03	0.03	0.03
ENSMUST00000030851.6|ENSMUSG00000028998|Tomm7	6747.2	23839664	chr5:23838943-23839815	0.04	0.02	0.01	0.01	0.00	0.01	0.00	0.00	0.03	0.02	0.01	0.01
ENSMUST00000030849.12|ENSMUSG00000028995|Fam126a	66.3	23962086	chr5:23960930-23964786	0.98	0.76	0.70	0.79	1.00	0.83	0.54	1.00	0.50	0.60	NA	0.97
ENSMUST00000115101.3|ENSMUSG00000048439|Nupl2	49.0	24178188	chr5:24178037-24182837	0.08	0.07	0.08	NA	0.08	0.07	0.08	0.09	0.09	0.08	0.07	0.07
ENSMUST00000115098.6|ENSMUSG00000038319|Kcnh2	12.7	24319848	chr5:24319588-24320002	NA	NA	0.48	0.33	0.48	NA	NA	NA	0.34	NA	0.51	0.15
ENSMUST00000030834.6|ENSMUSG00000028978|Nos3	2679.5	24384127	chr5:24383976-24384474	0.21	0.21	0.26	0.16	0.34	0.15	0.15	0.14	0.33	0.25	0.24	0.41
ENSMUST00000115077.7|ENSMUSG00000028973|Abcb8	483.3	24409730	chr5:24409491-24410054	0.18	0.25	0.13	0.20	0.50	0.22	0.22	0.23	0.23	0.20	0.39	0.30
ENSMUST00000030814.10|ENSMUSG00000028969|Cdk5	600.8	24419227	chr5:24418240-24419378	0.53	0.50	0.50	0.45	0.18	0.36	0.33	0.54	0.39	0.45	0.44	0.55
ENSMUST00000080067.12|ENSMUSG00000028962|Slc4a2	305.8	24440900	chr5:24440749-24440950	0.19	0.34	0.16	0.22	0.47	0.13	0.14	0.15	0.26	0.16	0.11	0.28
ENSMUST00000144389.7|ENSMUSG00000028959|Fastk	82033.1	24443862	chr5:24441038-24444013	0.54	0.49	0.50	0.49	0.50	0.52	0.54	0.57	0.47	0.52	0.47	0.50
ENSMUST00000030799.14|ENSMUSG00000028958|Tmub1	702.4	24445740	chr5:24445457-24445924	0.37	0.38	0.36	0.45	0.90	0.51	0.34	0.35	0.50	0.35	0.56	0.48
ENSMUST00000199856.1|ENSMUSG00000023353|Agap3	11800.7	24482845	chr5:24482325-24483184	0.64	0.50	0.50	0.51	1.00	0.55	0.59	0.46	0.55	0.53	0.72	0.66
ENSMUST00000030795.9|ENSMUSG00000028953|Abcf2	2479.3	24565621	chr5:24565344-24565868	0.40	0.43	0.36	0.40	0.82	0.59	0.42	0.39	0.38	0.45	0.65	0.61
ENSMUST00000088295.8|ENSMUSG00000038181|Chpf2	20492.9	24592512	chr5:24592361-24594395	1.00	1.00	1.00	1.00	0.98	1.00	1.00	1.00	1.00	1.00	NA	NA
ENSMUST00000068825.7|ENSMUSG00000028954|Nub1	242.1	24709438	chr5:24709164-24710378	0.56	0.57	0.48	0.53	0.86	0.64	0.78	0.62	0.55	0.55	0.64	0.74
ENSMUST00000068693.11|ENSMUSG00000055235|Wdr86	270.9	24712407	chr5:24711737-24712577	NA	NA	0.39	0.41	0.68	0.32	0.55	0.65	0.21	0.28	NA	NA
ENSMUST00000030787.8|ENSMUSG00000028945|Rheb	41159.6	24803442	chr5:24802822-24803666	0.07	0.07	0.05	0.06	0.20	0.11	0.05	0.05	0.07	0.05	0.12	0.10
ENSMUST00000030784.13|ENSMUSG00000028944|Prkag2	112.1	24863521	chr5:24862743-24863858	0.76	1.00	0.94	0.89	0.67	0.56	0.93	0.86	0.87	0.67	0.94	0.77
ENSMUST00000045737.13|ENSMUSG00000038072|Galnt11	297.5	25265636	chr5:25265378-25265918	0.37	0.50	0.30	0.41	1.00	0.44	0.36	0.47	0.44	0.37	0.47	0.63
ENSMUST00000174734.7|ENSMUSG00000038056|Kmt2c	29.3	25272684	chr5:25271797-25273668	NA	NA	0.57	0.40	NA	NA	0.52	0.77	NA	0.88	NA	1.00
ENSMUST00000030773.11|ENSMUSG00000028933|Xrcc2	28.8	25691964	chr5:25689811-25692115	0.81	1.00	0.55	NA	0.72	0.72	NA	0.67	NA	NA	1.00	NA
ENSMUST00000128727.7|ENSMUSG00000056367|Actr3b	561.0	25850366	chr5:25849943-25850688	0.85	0.54	0.29	0.57	1.00	0.72	0.53	0.47	0.69	0.32	0.73	0.60
ENSMUST00000059155.10|ENSMUSG00000045294|Insig1	143.5	28078023	chr5:28076817-28078662	0.63	0.62	0.92	0.66	0.62	0.51	1.00	0.85	0.71	0.41	0.53	0.64
ENSMUST00000059644.12|ENSMUSG00000048271|Rbm33	15.0	28415888	chr5:28413613-28419239	NA	NA	0.18	0.12	0.10	NA	NA	NA	0.04	NA	NA	NA
ENSMUST00000200149.1|ENSMUSG00000010721|Lmbr1	34.7	29252742	chr5:29235017-29258088	0.03	0.00	0.01	0.05	0.00	0.00	NA	0.01	NA	0.01	NA	NA
ENSMUST00000001611.10|ENSMUSG00000001569|Nom1	13.9	29451399	chr5:29451200-29457843	0.03	0.03	0.04	0.02	0.01	0.05	0.01	0.03	0.02	0.01	0.02	0.02
ENSMUST00000049453.8|ENSMUSG00000039000|Ube3c	237.6	29675203	chr5:29674566-29676092	0.67	0.64	0.64	0.69	0.65	0.53	1.00	0.70	0.51	0.52	0.89	0.78
ENSMUST00000008733.14|ENSMUSG00000029131|Dnajb6	254.7	29785670	chr5:29785110-29786478	0.85	0.92	0.74	0.66	1.00	0.88	1.00	0.73	0.82	0.95	1.00	0.95
ENSMUST00000199183.4|ENSMUSG00000025746|Il6	7044.2	30018461	chr5:30018310-30019981	1.00	NA	1.00	1.00	1.00	NA	1.00	NA	NA	NA	NA	NA
ENSMUST00000141630.7|ENSMUSG00000025747|Tyms	572.3	30068452	chr5:30058201-30068603	0.06	0.04	0.05	0.05	0.04	0.05	0.04	0.04	0.05	0.05	0.03	0.05
ENSMUST00000058045.4|ENSMUSG00000044576|Garem2	65.8	30117435	chr5:30117284-30118378	1.00	1.00	0.54	0.71	1.00	1.00	1.00	0.89	NA	NA	1.00	0.69
ENSMUST00000156859.2|ENSMUSG00000025745|Hadha	439.8	30119545	chr5:30118303-30119817	0.04	0.03	0.02	0.02	0.04	0.04	0.03	0.02	0.02	0.02	0.04	0.05
ENSMUST00000197109.1|ENSMUSG00000059447|Hadhb	41721.2	30168685	chr5:30168534-30176891	0.58	0.53	0.61	0.59	0.33	0.52	0.76	0.69	0.59	0.56	0.51	0.43
ENSMUST00000199129.4|ENSMUSG00000029182|Fam166c	4.3	30482223	chr5:30482072-30484044	NA	NA	0.00	0.02	NA	NA	NA	NA	NA	NA	0.00	0.01
ENSMUST00000066295.3|ENSMUSG00000049265|Kcnk3	23.0	30623224	chr5:30622834-30625271	NA	0.16	0.18	0.15	0.69	0.15	0.22	0.17	NA	NA	0.29	0.24
ENSMUST00000143867.7|ENSMUSG00000029175|Slc35f6	8371.0	30656100	chr5:30655582-30658191	0.57	0.43	0.51	0.57	0.50	0.51	0.53	0.59	0.53	0.44	0.41	0.48
ENSMUST00000031058.14|ENSMUSG00000029166|Mapre3	673.2	30865784	chr5:30865193-30866106	0.64	0.51	0.59	0.40	1.00	0.58	0.54	0.42	0.58	0.58	0.77	0.62
ENSMUST00000201203.3|ENSMUSG00000038828|Tmem214	2629.6	30877247	chr5:30876787-30879180	0.04	0.03	0.04	0.04	0.10	0.05	0.03	0.04	0.04	0.05	0.08	0.04
ENSMUST00000132253.4|ENSMUSG00000038803|Ost4	180071.2	30906559	chr5:30905884-30907424	0.15	0.16	0.17	0.15	0.04	0.06	0.16	0.14	0.11	0.06	0.08	0.11
ENSMUST00000031055.7|ENSMUSG00000029163|Emilin1	44703.3	30921100	chr5:30920949-30921277	0.34	0.29	0.29	0.27	0.51	0.36	0.31	0.28	0.31	0.29	NA	0.35
ENSMUST00000201621.3|ENSMUSG00000029162|Khk	217.1	30931195	chr5:30931044-30931248	NA	NA	0.26	0.17	0.27	0.16	0.38	0.55	0.16	NA	0.44	0.33
ENSMUST00000031051.7|ENSMUSG00000029161|Cgref1	166.7	30933342	chr5:30933142-30933493	0.33	0.38	NA	0.39	1.00	0.50	0.20	0.14	0.30	0.44	0.40	0.42
ENSMUST00000201821.3|ENSMUSG00000045302|Preb	856.8	30955214	chr5:30950852-30955686	0.06	0.09	0.07	0.07	0.05	0.03	0.05	0.06	0.05	0.06	0.07	0.09
ENSMUST00000202520.3|ENSMUSG00000006641|Slc5a6	112.2	31036360	chr5:31036035-31036809	0.57	0.72	0.33	0.44	1.00	0.72	0.37	0.55	0.57	0.54	0.63	0.73
ENSMUST00000200942.1|ENSMUSG00000013622|Atraid	207135.1	31052884	chr5:31052198-31054618	0.29	0.26	0.28	0.29	0.20	0.25	0.29	0.27	0.26	0.26	0.22	0.24
ENSMUST00000013773.11|ENSMUSG00000013629|Cad	46.2	31078343	chr5:31078192-31078479	0.39	0.31	0.26	0.23	0.17	0.23	0.36	0.15	0.23	0.43	0.40	0.29
ENSMUST00000031037.13|ENSMUSG00000029151|Slc30a3	421.1	31086417	chr5:31086105-31086772	NA	0.55	0.28	0.55	NA	0.39	0.36	0.55	NA	0.10	0.62	0.60
ENSMUST00000154241.7|ENSMUSG00000107283|Mpv17	6652.5	31141234	chr5:31140653-31141783	0.30	0.24	0.22	0.23	0.60	0.22	0.22	0.21	0.19	0.26	0.36	0.37
ENSMUST00000088010.11|ENSMUSG00000106864|Gtf3c2	415.8	31157102	chr5:31156004-31157551	0.32	0.26	0.16	0.16	0.34	0.16	0.16	0.16	0.13	0.13	0.16	0.29
ENSMUST00000200929.1|ENSMUSG00000029145|Eif2b4	11565.7	31190478	chr5:31190397-31190629	1.00	1.00	1.00	1.00	1.00	1.00	1.00	1.00	1.00	1.00	1.00	1.00
ENSMUST00000114590.7|ENSMUSG00000043059|Zfp513	116.2	31199172	chr5:31198980-31199323	0.29	0.44	0.38	0.41	0.53	0.57	0.33	0.41	0.31	0.36	0.49	0.38
ENSMUST00000202294.3|ENSMUSG00000029147|Ppm1g	1784.8	31202923	chr5:31202663-31203083	0.34	0.37	0.36	0.43	0.54	0.30	0.35	0.33	0.44	0.35	0.45	0.53
ENSMUST00000031034.11|ENSMUSG00000029148|Nrbp1	9397.0	31251295	chr5:31251126-31251566	0.40	0.43	0.30	0.44	0.91	0.54	0.42	0.40	0.45	0.36	0.56	0.54
ENSMUST00000172435.7|ENSMUSG00000038552|Fndc4	3121.4	31292985	chr5:31292241-31293453	0.45	0.50	0.39	0.38	0.48	0.53	0.26	0.40	0.53	0.42	0.34	0.41
ENSMUST00000076264.7|ENSMUSG00000062761|Zfp512	235.4	31480405	chr5:31480254-31481754	1.00	0.91	0.83	0.80	1.00	0.92	1.00	0.97	0.91	0.84	1.00	1.00
ENSMUST00000202214.3|ENSMUSG00000029141|Slc4a1ap	17.0	31553947	chr5:31553785-31554460	0.40	0.52	0.03	0.06	0.09	0.03	NA	0.01	NA	NA	0.08	0.18
ENSMUST00000031017.10|ENSMUSG00000029135|Fosl2	339.1	32153337	chr5:32153186-32157842	1.00	1.00	0.93	1.00	1.00	1.00	NA	NA	1.00	0.81	NA	NA
ENSMUST00000201360.3|ENSMUSG00000014956|Ppp1cb	218.2	32492596	chr5:32491055-32517433	0.00	0.00	0.00	0.00	0.01	0.00	0.00	0.00	0.00	0.00	0.01	0.00
ENSMUST00000072311.12|ENSMUSG00000014932|Yes1	83.0	32685238	chr5:32684756-32687057	0.73	0.75	0.41	0.87	1.00	1.00	0.59	0.72	0.73	0.68	0.83	0.81
ENSMUST00000142957.5|ENSMUSG00000023452|Pisd	264.4	32764694	chr5:32736321-32764845	0.04	0.03	0.04	0.04	0.10	0.03	0.03	0.03	0.05	0.05	0.01	0.01
ENSMUST00000019109.7|ENSMUSG00000018965|Ywhah	59002.4	33027677	chr5:33027192-33027966	0.58	0.50	0.44	0.44	0.93	0.64	0.46	0.44	0.52	0.42	0.67	0.63
ENSMUST00000046186.7|ENSMUSG00000037379|Spon2	206.1	33214201	chr5:33213926-33214470	0.39	0.55	0.27	0.48	0.64	0.41	0.38	0.36	0.47	0.36	NA	NA
ENSMUST00000201275.3|ENSMUSG00000037373|Ctbp1	1514.3	33259124	chr5:33250382-33259275	0.00	0.00	0.00	0.00	0.00	0.00	0.00	0.00	0.00	0.00	0.00	0.00
ENSMUST00000101354.9|ENSMUSG00000004642|Slbp	1409.6	33640407	chr5:33640054-33640814	0.49	0.56	0.35	0.48	0.91	0.64	0.57	0.49	0.61	0.43	0.68	0.66
ENSMUST00000019439.8|ENSMUSG00000019295|Tmem129	260.3	33653587	chr5:33653215-33654368	0.64	0.58	0.76	0.66	1.00	0.66	0.80	0.63	0.62	0.60	0.68	0.73
ENSMUST00000169212.8|ENSMUSG00000054252|Fgfr3	534.5	33735710	chr5:33735557-33737068	0.77	0.85	0.55	0.73	1.00	1.00	1.00	0.96	0.73	0.51	1.00	1.00
ENSMUST00000141416.4|ENSMUSG00000057406|Nsd2	32.3	33877169	chr5:33868769-33895495	0.36	0.25	0.37	0.28	NA	0.28	0.55	0.38	0.59	0.44	0.02	0.03
ENSMUST00000030993.7|ENSMUSG00000029111|Nelfa	607.4	33898469	chr5:33897915-33898727	0.27	0.30	0.10	0.14	0.37	0.34	0.29	0.25	0.29	0.23	0.14	0.20
ENSMUST00000142510.1|ENSMUSG00000070858|Gm1673	3173.5	33984230	chr5:33984079-33985010	0.00	0.00	0.00	0.00	0.00	0.00	0.00	0.00	0.00	0.00	0.00	0.00
ENSMUST00000056355.8|ENSMUSG00000048142|Nat8l	241.8	34002943	chr5:34001144-34005916	0.63	0.40	0.38	0.51	NA	0.45	NA	0.56	NA	NA	0.61	0.54
ENSMUST00000042701.12|ENSMUSG00000037235|Mxd4	2692.6	34176810	chr5:34173886-34176994	0.25	0.20	0.30	0.33	0.25	0.21	0.25	0.26	0.25	0.28	0.29	0.37
ENSMUST00000182709.7|ENSMUSG00000029110|Rnf4	913.0	34351947	chr5:34351377-34353439	1.00	0.90	1.00	0.88	1.00	1.00	1.00	1.00	0.96	0.98	1.00	0.93
ENSMUST00000030991.13|ENSMUSG00000059866|Tnip2	217.3	34496361	chr5:34496086-34496689	0.49	0.49	0.47	0.43	0.74	0.29	0.56	0.47	0.83	0.41	0.68	0.85
ENSMUST00000137150.7|ENSMUSG00000001082|Mfsd10	27764.1	34634422	chr5:34633724-34636060	0.59	0.67	0.70	0.63	0.75	0.62	0.66	0.65	0.63	0.70	NA	NA
ENSMUST00000080036.2|ENSMUSG00000029104|Htt	3.5	34909222	chr5:34908842-34912534	0.04	0.01	0.13	NA	NA	0.06	0.12	0.01	NA	0.05	0.03	NA
ENSMUST00000114280.7|ENSMUSG00000029101|Rgs12	182.6	35032362	chr5:35031930-35033104	0.88	1.00	0.73	0.92	0.90	0.86	1.00	0.76	0.60	0.83	0.97	0.98
ENSMUST00000101298.8|ENSMUSG00000044716|Dok7	66.7	35080116	chr5:35079770-35080964	0.62	0.67	NA	NA	NA	0.28	NA	NA	NA	NA	0.51	0.65
ENSMUST00000030986.14|ENSMUSG00000029103|Lrpap1	13740.9	35093151	chr5:35091500-35093326	0.32	0.32	0.25	0.24	0.19	0.19	0.21	0.33	0.19	0.20	0.34	0.36
ENSMUST00000049545.6|ENSMUSG00000045318|Adra2c	926.3	35281510	chr5:35281259-35281763	0.55	0.22	0.47	0.30	0.60	0.42	0.34	0.35	0.30	0.28	0.50	0.49
ENSMUST00000030980.11|ENSMUSG00000029097|Trmt44	8.4	35557434	chr5:35556202-35557828	0.26	NA	NA	0.53	0.15	NA	0.45	NA	0.30	0.49	NA	NA
ENSMUST00000068947.13|ENSMUSG00000029098|Acox3	157.9	35612392	chr5:35612131-35613801	0.98	1.00	0.72	1.00	0.72	0.67	1.00	1.00	1.00	1.00	1.00	0.80
ENSMUST00000201028.1|ENSMUSG00000029096|Htra3	11857.2	35663962	chr5:35653016-35665421	NA	NA	0.12	0.13	NA	0.18	0.22	0.15	0.15	0.13	NA	NA
ENSMUST00000127288.7|ENSMUSG00000036553|Sh3tc1	391.0	35705861	chr5:35697180-35718344	0.64	0.52	0.47	0.39	0.38	0.35	NA	NA	0.49	0.38	NA	0.33
ENSMUST00000064571.10|ENSMUSG00000029094|Afap1	3036.1	35999873	chr5:35999722-36003923	1.00	1.00	1.00	1.00	NA	NA	1.00	1.00	1.00	1.00	NA	1.00
ENSMUST00000037370.13|ENSMUSG00000029093|Sorcs2	42.8	36019176	chr5:36017179-36019330	NA	1.00	NA	NA	0.76	NA	NA	NA	1.00	0.58	NA	0.98
ENSMUST00000031099.3|ENSMUSG00000029198|Grpel1	1548.9	36471564	chr5:36471399-36474080	0.05	0.06	0.05	0.04	0.05	0.05	0.04	0.04	0.03	0.03	0.07	0.07
ENSMUST00000031097.7|ENSMUSG00000029196|Tada2b	106.6	36475821	chr5:36473669-36475972	0.70	1.00	1.00	1.00	1.00	0.90	1.00	1.00	1.00	1.00	1.00	1.00
ENSMUST00000031091.12|ENSMUSG00000029190|D5Ertd579e	87.6	36602475	chr5:36600484-36602626	1.00	1.00	0.83	0.92	NA	0.84	1.00	1.00	1.00	0.88	1.00	0.93
ENSMUST00000071949.4|ENSMUSG00000060708|Bloc1s4	1374.9	36747796	chr5:36747377-36748000	0.39	0.34	0.29	0.24	0.49	0.59	0.28	0.39	0.29	0.34	0.45	0.40
ENSMUST00000068795.3|ENSMUSG00000055302|Mrfap1	1773160.2	36795191	chr5:36794866-36796218	0.88	0.87	0.72	0.72	1.00	0.92	0.80	0.75	0.79	0.74	0.98	0.99
ENSMUST00000124711.1|ENSMUSG00000029119|Man2b2	463.9	36808904	chr5:36808811-36809055	NA	NA	0.03	0.11	NA	NA	0.21	0.16	0.08	0.17	NA	0.48
ENSMUST00000201156.1|ENSMUSG00000029120|Ppp2r2c	1762.3	36927741	chr5:36927590-36931257	NA	0.00	0.00	0.00	NA	0.00	0.00	0.00	0.00	0.00	0.00	0.00
ENSMUST00000114158.8|ENSMUSG00000029121|Crmp1	206.1	37291853	chr5:37291205-37292133	1.00	0.74	0.56	0.53	NA	0.90	0.80	0.67	0.86	0.63	0.73	0.73
ENSMUST00000031005.10|ENSMUSG00000029122|Evc	82.5	37299634	chr5:37299170-37300379	NA	NA	0.56	0.86	NA	0.73	1.00	0.65	1.00	0.94	NA	NA
ENSMUST00000056365.8|ENSMUSG00000050248|Evc2	65.7	37424845	chr5:37424673-37425055	0.30	NA	0.30	0.30	0.84	0.59	0.40	0.29	0.39	0.36	0.55	0.55
ENSMUST00000063116.9|ENSMUSG00000048450|Msx1	40613.9	37820905	chr5:37820484-37821260	0.39	0.33	0.34	0.31	0.60	0.39	0.28	0.29	0.34	0.31	0.51	0.39
ENSMUST00000114126.8|ENSMUSG00000029125|Stx18	1934.4	38136593	chr5:38136355-38137765	0.22	0.20	0.39	0.25	0.22	0.22	0.28	0.34	0.18	0.21	0.26	0.38
ENSMUST00000031009.7|ENSMUSG00000029126|Nsg1	29431.0	38137952	chr5:38137191-38138674	0.25	0.28	0.27	0.23	0.47	0.32	0.24	0.24	0.22	0.26	0.34	0.33
ENSMUST00000138820.7|ENSMUSG00000029127|Zbtb49	9.6	38213307	chr5:38200633-38214021	0.07	0.06	0.06	0.05	NA	NA	NA	0.05	0.04	0.06	NA	NA
ENSMUST00000087511.9|ENSMUSG00000067365|Tmem128	2655.2	38267426	chr5:38267275-38269634	0.84	1.00	1.00	1.00	1.00	1.00	1.00	0.99	NA	0.91	NA	NA
ENSMUST00000005234.12|ENSMUSG00000005103|Wdr1	7640.4	38527275	chr5:38526812-38527808	0.54	0.54	0.48	0.42	0.91	0.71	0.59	0.54	0.52	0.45	0.77	0.74
ENSMUST00000117944.1|ENSMUSG00000051022|Hs3st1	198.2	39614161	chr5:39613934-39614365	0.23	0.17	0.28	0.31	0.42	0.24	0.24	0.30	0.38	0.21	0.27	0.52
ENSMUST00000050556.10|ENSMUSG00000061755|Bod1l	23.1	41788493	chr5:41787537-41788834	0.44	NA	0.40	0.59	0.27	NA	0.67	1.00	NA	0.60	NA	0.88
ENSMUST00000169035.7|ENSMUSG00000039782|Cpeb2	83.1	43286843	chr5:43285943-43289724	1.00	0.87	0.77	0.81	1.00	0.57	1.00	0.66	0.59	0.70	1.00	0.82
ENSMUST00000076939.9|ENSMUSG00000061535|C1qtnf7	149.7	43616409	chr5:43616248-43618803	NA	NA	0.14	0.14	0.13	0.09	0.10	0.17	0.21	0.19	NA	NA
ENSMUST00000087465.10|ENSMUSG00000039753|Fbxl5	9.4	43758033	chr5:43755904-43758199	0.07	0.05	NA	NA	0.03	0.03	NA	NA	NA	NA	NA	NA
ENSMUST00000126976.5|ENSMUSG00000029082|Bst1	79.2	43821794	chr5:43821643-43826270	0.05	0.04	0.03	0.08	0.08	0.04	0.03	0.08	0.03	0.04	NA	NA
ENSMUST00000030964.5|ENSMUSG00000029084|Cd38	1839.0	43910515	chr5:43910340-43912375	0.82	0.86	0.84	0.78	1.00	1.00	1.00	0.73	0.75	0.76	1.00	0.78
ENSMUST00000199894.1|ENSMUSG00000048373|Fgfbp1	24.6	43979044	chr5:43978857-43979195	0.36	0.18	0.14	0.35	NA	0.36	0.24	NA	NA	NA	0.54	NA
ENSMUST00000198347.1|ENSMUSG00000029086|Prom1	271.7	44029573	chr5:44026794-44029724	0.00	0.00	0.00	0.00	0.01	0.00	0.00	0.00	0.00	0.00	0.01	0.00
ENSMUST00000199374.4|ENSMUSG00000046985|Tapt1	302.2	44194226	chr5:44175158-44194377	0.07	0.04	0.07	0.06	0.13	0.05	0.05	0.06	0.05	0.06	0.08	0.08
ENSMUST00000198258.4|ENSMUSG00000015806|Qdpr	39676.9	45434342	chr5:45434020-45434575	0.40	0.39	0.35	0.32	0.82	0.56	0.33	0.34	0.35	0.37	0.53	0.50
ENSMUST00000046122.10|ENSMUSG00000039682|Lap3	1930.7	45512348	chr5:45512067-45512691	0.38	0.44	0.43	0.51	0.46	0.38	0.40	0.42	0.44	0.44	0.48	0.46
ENSMUST00000156481.7|ENSMUSG00000015804|Med28	3027.1	45525498	chr5:45525347-45529276	0.01	0.02	0.03	0.02	0.01	0.02	0.02	0.01	0.01	0.02	0.02	0.03
ENSMUST00000117396.2|ENSMUSG00000015880|Ncapg	23.9	45700178	chr5:45699959-45700546	1.00	NA	NA	0.67	0.30	0.52	NA	NA	NA	0.28	0.69	1.00
ENSMUST00000187615.6|ENSMUSG00000015882|Lcorl	9.7	45795192	chr5:45747275-45795343	0.09	0.05	NA	NA	0.05	0.03	NA	NA	NA	NA	0.02	0.03
ENSMUST00000033967.14|ENSMUSG00000031558|Slit2	12.5	48249987	chr5:48249836-48304396	NA	NA	0.06	0.04	0.04	NA	NA	0.07	0.08	0.04	NA	NA
ENSMUST00000195960.4|ENSMUSG00000029089|5730480H06Rik	322.4	48379484	chr5:48379333-48395617	0.07	0.07	0.06	0.06	0.15	0.09	0.06	0.06	0.05	0.05	0.15	0.19
ENSMUST00000166924.7|ENSMUSG00000029088|Kcnip4	45.3	48390291	chr5:48389501-48390911	0.28	0.96	NA	NA	NA	NA	NA	NA	NA	NA	0.99	0.85
ENSMUST00000030971.6|ENSMUSG00000029090|Adgra3	72.4	49960123	chr5:49959955-49960274	0.41	0.23	0.22	0.19	0.38	0.79	0.17	0.24	0.27	0.22	0.10	0.51
ENSMUST00000031059.13|ENSMUSG00000029167|Ppargc1a	84.3	51489960	chr5:51457652-51490111	NA	0.13	0.15	0.07	NA	0.09	NA	0.11	NA	NA	0.09	0.08
ENSMUST00000200186.4|ENSMUSG00000029169|Dhx15	959.3	52157380	chr5:52150692-52157531	0.08	0.07	0.08	0.07	0.11	0.09	0.09	0.08	0.08	0.07	0.08	0.08
ENSMUST00000101208.5|ENSMUSG00000072941|Sod3	19556.2	52369248	chr5:52368713-52371418	0.04	0.04	0.03	0.03	0.09	0.04	0.03	0.03	0.04	0.03	0.04	0.04
ENSMUST00000198008.4|ENSMUSG00000045790|Ccdc149	183.6	52376428	chr5:52374650-52376579	0.77	0.98	0.94	0.93	1.00	1.00	1.00	1.00	1.00	1.00	1.00	1.00
ENSMUST00000150709.7|ENSMUSG00000029173|Sepsecs	28.8	52664167	chr5:52640086-52666035	0.16	0.20	0.15	0.13	0.09	NA	NA	0.20	NA	NA	NA	0.18
ENSMUST00000031081.10|ENSMUSG00000029186|Pi4k2b	51.8	52768261	chr5:52767753-52769340	0.96	1.00	1.00	0.82	0.91	0.60	NA	0.96	0.96	1.00	NA	NA
ENSMUST00000037618.12|ENSMUSG00000039191|Rbpj	100.4	53655876	chr5:53653617-53657362	0.33	0.42	0.31	0.38	0.97	0.33	0.73	0.53	0.38	0.44	0.46	0.72
ENSMUST00000201958.3|ENSMUSG00000039178|Tbc1d19	250.6	53838237	chr5:53833002-53903963	0.24	0.22	0.26	0.26	0.18	0.20	0.36	0.26	0.23	0.23	0.25	0.18
ENSMUST00000117661.8|ENSMUSG00000039156|Stim2	130.8	54119531	chr5:54118746-54121057	0.08	0.12	0.08	0.06	0.10	0.10	0.12	0.06	0.15	0.07	0.14	0.07
ENSMUST00000076623.7|ENSMUSG00000037999|Arap2	54.8	62604094	chr5:62602444-62604272	0.41	1.00	1.00	0.46	1.00	1.00	0.55	NA	0.67	0.83	1.00	0.83
ENSMUST00000081747.7|ENSMUSG00000060512|0610040J01Rik	57.9	63899243	chr5:63898861-63899625	0.34	0.59	0.36	0.36	1.00	0.63	NA	0.52	0.68	0.62	0.80	0.52
ENSMUST00000147348.5|ENSMUSG00000029174|Tbc1d1	12.3	64282045	chr5:64281778-64284739	0.04	0.01	0.04	0.04	0.10	0.02	0.05	0.03	0.02	0.02	0.06	0.03
ENSMUST00000165536.7|ENSMUSG00000029178|Klf3	366.9	64829891	chr5:64829155-64832901	0.20	0.20	0.22	0.21	0.47	0.21	0.16	0.28	0.22	0.25	0.15	0.17
ENSMUST00000031080.14|ENSMUSG00000029185|Fam114a1	775.7	65040888	chr5:65040737-65041886	0.75	0.85	0.77	0.70	0.81	0.78	0.86	0.70	0.91	0.81	0.72	0.77
ENSMUST00000203581.2|ENSMUSG00000029191|Rfc1	51.0	65262765	chr5:65261849-65263065	0.87	0.47	0.72	0.45	0.72	0.84	1.00	0.77	0.96	0.51	0.88	0.80
ENSMUST00000031101.9|ENSMUSG00000029199|Lias	141.8	65409047	chr5:65408790-65410693	0.13	0.03	0.14	0.07	0.11	0.11	0.21	0.15	0.10	0.11	0.07	0.08
ENSMUST00000031103.13|ENSMUSG00000029201|Ugdh	916.6	65413528	chr5:65413220-65413958	0.52	0.51	0.47	0.37	0.77	0.47	0.60	0.48	0.50	0.45	1.00	0.70
ENSMUST00000139122.7|ENSMUSG00000037822|Smim14	18541.9	65450021	chr5:65446843-65450407	0.06	0.09	0.11	0.10	0.06	0.07	0.03	0.09	0.10	0.09	0.09	0.16
ENSMUST00000202601.3|ENSMUSG00000029203|Ube2k	3340.6	65581550	chr5:65581399-65595145	0.02	0.02	0.02	0.02	0.02	0.02	0.02	0.02	0.02	0.02	0.02	0.02
ENSMUST00000031106.7|ENSMUSG00000029204|Rhoh	11.9	65893269	chr5:65892961-65896700	NA	NA	0.05	0.05	0.03	0.02	0.01	0.08	0.05	0.06	NA	NA
ENSMUST00000113726.7|ENSMUSG00000070780|Rbm47	20.4	66019042	chr5:66016548-66019208	NA	NA	0.46	0.37	NA	0.28	0.18	0.40	0.33	0.40	NA	NA
ENSMUST00000031131.10|ENSMUSG00000029223|Uchl1	12231.5	66687076	chr5:66686925-66687234	0.33	0.31	0.29	0.27	0.53	0.34	0.24	0.22	0.29	0.31	0.39	0.38
ENSMUST00000201979.3|ENSMUSG00000037720|Tmem33	1945.2	67268644	chr5:67267353-67286659	0.01	0.01	0.00	0.00	0.01	0.01	0.00	0.00	0.00	0.00	0.01	0.01
ENSMUST00000087241.6|ENSMUSG00000050010|Shisa3	426.7	67612189	chr5:67611472-67613992	0.36	0.25	0.59	0.52	NA	0.45	0.63	0.54	0.55	0.59	NA	NA
ENSMUST00000200955.3|ENSMUSG00000037685|Atp8a1	25.2	67747176	chr5:67620576-67747327	0.05	0.06	0.08	0.08	NA	0.04	NA	NA	0.05	NA	0.08	0.05
ENSMUST00000154728.7|ENSMUSG00000029208|Guf1	224.9	69564696	chr5:69564545-69571730	0.21	0.17	0.13	0.18	0.30	0.24	0.19	0.24	0.21	0.19	0.15	0.18
ENSMUST00000031119.5|ENSMUSG00000001260|Gabrg1	60.3	70752164	chr5:70751046-70754024	0.26	0.13	NA	0.01	NA	0.15	NA	NA	NA	NA	0.42	0.37
ENSMUST00000198625.4|ENSMUSG00000000560|Gabra2	33.3	71014415	chr5:70959480-71014569	NA	0.02	0.01	NA	0.02	0.01	0.01	NA	NA	NA	0.02	0.02
ENSMUST00000031122.8|ENSMUSG00000029212|Gabrb1	44.4	72137091	chr5:72136806-72149037	0.04	0.05	0.08	0.08	0.15	0.06	0.05	0.05	NA	NA	0.06	0.05
ENSMUST00000199767.4|ENSMUSG00000029213|Commd8	22694.9	72159083	chr5:72157184-72162809	0.10	0.25	0.33	0.40	0.31	0.13	0.13	0.44	0.41	0.34	0.24	0.37
ENSMUST00000135318.7|ENSMUSG00000072889|Nfxl1	37.3	72529011	chr5:72513303-72529477	0.23	NA	0.12	0.07	0.14	0.12	0.09	0.10	0.11	0.10	NA	NA
ENSMUST00000138842.7|ENSMUSG00000029217|Tec	218.7	72785878	chr5:72755737-72786029	0.06	0.06	0.08	0.06	0.06	0.06	0.08	0.07	0.07	0.08	NA	0.03
ENSMUST00000144843.7|ENSMUSG00000036087|Slain2	194.3	72976255	chr5:72976060-72978829	0.55	0.56	0.58	0.52	0.95	0.63	0.91	0.66	0.64	0.64	1.00	0.98
ENSMUST00000202697.3|ENSMUSG00000070733|Fryl	164.4	73021400	chr5:73019986-73022041	0.96	0.70	0.68	0.67	1.00	0.68	0.87	0.86	NA	0.97	0.77	0.65
ENSMUST00000201739.1|ENSMUSG00000029152|Ociad1	15336.5	73306833	chr5:73306682-73313941	0.06	0.05	0.06	0.05	0.05	0.06	0.05	0.05	0.05	0.06	0.05	0.06
ENSMUST00000201908.3|ENSMUSG00000029153|Ociad2	1253.5	73323652	chr5:73322212-73323803	0.46	0.55	0.68	0.63	0.26	0.42	0.68	0.49	0.48	0.78	0.34	0.43
ENSMUST00000081170.8|ENSMUSG00000029156|Sgcb	357.0	73633859	chr5:73632748-73635497	0.41	0.38	0.48	0.51	0.44	0.47	0.62	0.36	0.48	0.42	0.60	0.63
ENSMUST00000119154.7|ENSMUSG00000054814|Usp46	264.2	74000387	chr5:73998452-74002038	0.49	0.54	0.55	0.61	0.82	0.69	0.71	0.62	0.62	0.68	0.71	0.63
ENSMUST00000051937.8|ENSMUSG00000049907|Rasl11b	360.1	74199176	chr5:74198576-74199481	0.99	0.60	0.50	0.52	0.71	0.62	0.54	0.55	0.52	0.53	0.66	0.68
ENSMUST00000113536.7|ENSMUSG00000029227|Fip1l1	108.2	74596134	chr5:74595983-74598800	0.31	0.57	0.67	0.63	0.63	0.57	0.63	0.87	1.00	0.72	1.00	0.70
ENSMUST00000075452.6|ENSMUSG00000029229|Chic2	590.0	75006532	chr5:74997987-75006715	0.05	0.06	0.05	0.05	0.03	0.05	0.03	0.05	0.06	0.06	0.07	0.10
ENSMUST00000000476.14|ENSMUSG00000029231|Pdgfra	2450.8	75195573	chr5:75195097-75198215	0.43	0.72	0.81	0.82	0.94	0.86	1.00	0.88	0.76	0.89	0.76	1.00
ENSMUST00000144270.7|ENSMUSG00000005672|Kit	133.5	75654716	chr5:75654542-75656722	0.88	0.95	0.94	0.83	0.86	1.00	1.00	1.00	0.98	0.98	NA	NA
ENSMUST00000113516.1|ENSMUSG00000062960|Kdr	782.2	75933367	chr5:75932826-75934425	0.84	0.63	0.38	0.44	1.00	0.71	0.58	0.39	0.41	0.37	0.63	0.66
ENSMUST00000031143.12|ENSMUSG00000029233|Srd5a3	968.5	76155067	chr5:76154779-76155479	0.24	0.34	0.34	0.34	0.43	0.31	0.33	0.27	0.40	0.27	0.31	0.22
ENSMUST00000031144.13|ENSMUSG00000029234|Tmem165	3040.5	76208916	chr5:76208583-76209245	0.58	0.45	0.52	0.52	0.65	0.46	0.47	0.45	0.51	0.50	0.58	0.67
ENSMUST00000202651.3|ENSMUSG00000029238|Clock	41.4	76212312	chr5:76209867-76216701	0.09	0.62	0.34	0.32	NA	NA	NA	0.52	0.52	0.27	1.00	0.94
ENSMUST00000087133.10|ENSMUSG00000036435|Exoc1	89.5	76570031	chr5:76569767-76570294	0.47	0.38	0.62	0.22	0.84	0.58	0.37	0.36	0.42	0.36	0.69	0.44
ENSMUST00000101087.9|ENSMUSG00000036323|Srp72	103.8	76999219	chr5:76998366-76999937	0.70	0.75	0.77	0.65	0.63	0.66	0.98	0.80	0.80	0.71	1.00	0.54
ENSMUST00000120827.8|ENSMUSG00000059325|Hopx	17988.0	77087371	chr5:77086987-77087741	0.18	0.17	0.21	0.19	0.15	0.18	0.20	0.19	0.20	0.15	0.15	0.17
ENSMUST00000046746.9|ENSMUSG00000036256|Igfbp7	3167055.4	77349331	chr5:77349239-77349482	0.22	0.23	0.20	0.21	0.44	0.30	0.19	0.19	0.22	0.23	0.34	0.31
ENSMUST00000039373.13|ENSMUSG00000035898|Uba6	42.3	86110484	chr5:86109286-86112652	0.14	0.06	NA	0.39	1.00	0.20	0.31	0.60	0.36	0.11	NA	0.07
ENSMUST00000031229.10|ENSMUSG00000029291|Rufy3	202.2	88641385	chr5:88640658-88642696	0.14	0.35	0.36	0.74	0.17	0.31	0.39	0.66	NA	NA	0.33	0.38
ENSMUST00000078945.11|ENSMUSG00000044221|Grsf1	4381.9	88662412	chr5:88659447-88662563	1.00	1.00	0.74	1.00	1.00	1.00	1.00	0.89	0.89	1.00	1.00	1.00
ENSMUST00000113229.7|ENSMUSG00000006262|Mob1b	67.2	88757477	chr5:88756169-88764220	0.52	0.44	0.53	0.74	0.76	0.39	0.99	0.35	0.36	0.53	NA	0.60
ENSMUST00000031311.9|ENSMUSG00000029366|Dck	143.2	88781394	chr5:88781243-88783281	1.00	0.70	1.00	1.00	1.00	0.86	NA	0.87	0.93	0.99	1.00	0.93
ENSMUST00000148750.7|ENSMUSG00000060961|Slc4a4	190.7	89234988	chr5:89234837-89239653	0.82	1.00	1.00	1.00	NA	1.00	1.00	1.00	1.00	1.00	0.87	1.00
ENSMUST00000148480.1|ENSMUSG00000035505|Cox18	139.2	90222136	chr5:90218934-90222287	0.04	0.00	0.04	0.03	0.00	0.00	0.01	0.02	0.04	0.00	0.00	0.01
ENSMUST00000014421.14|ENSMUSG00000055204|Ankrd17	104.1	90228901	chr5:90227165-90229284	0.22	0.25	0.19	0.28	0.18	0.35	0.35	0.28	0.39	0.36	0.22	0.18
ENSMUST00000031318.5|ENSMUSG00000029371|Cxcl5	33276.5	90760680	chr5:90760510-90761624	0.75	0.80	0.58	0.71	0.61	1.00	0.57	0.55	NA	NA	NA	NA
ENSMUST00000031319.7|ENSMUSG00000029372|Ppbp	36.2	90769733	chr5:90769404-90770063	0.43	0.40	NA	NA	0.62	0.48	NA	NA	NA	NA	0.75	0.56
ENSMUST00000031326.9|ENSMUSG00000029379|Cxcl3	840.8	90787834	chr5:90787445-90788093	0.52	0.41	0.07	0.20	0.89	0.63	NA	NA	NA	NA	NA	NA
ENSMUST00000031327.8|ENSMUSG00000029380|Cxcl1	16397.4	90892828	chr5:90892520-90893115	0.46	0.42	0.46	0.45	0.85	0.47	0.46	0.47	0.55	0.59	NA	NA
ENSMUST00000200681.3|ENSMUSG00000058427|Cxcl2	76526.7	90904592	chr5:90904441-90905938	1.00	1.00	1.00	1.00	1.00	1.00	1.00	1.00	1.00	1.00	NA	NA
ENSMUST00000071652.5|ENSMUSG00000029376|Mthfd2l	43.0	91021002	chr5:91020261-91021368	0.66	0.70	0.61	0.70	0.94	0.57	0.95	0.66	0.82	0.28	0.85	0.95
ENSMUST00000040576.9|ENSMUSG00000034981|Parm1	25063.4	91623764	chr5:91623014-91626894	NA	0.22	0.14	0.14	0.16	0.11	0.12	0.17	0.15	0.17	0.09	0.16
ENSMUST00000031345.14|ENSMUSG00000029397|Rchy1	3427.2	91949396	chr5:91948903-91949738	0.37	0.33	0.26	0.36	0.63	0.32	0.33	0.35	0.42	0.33	0.32	0.34
ENSMUST00000167918.7|ENSMUSG00000029405|G3bp2	969.7	92054632	chr5:92052145-92054783	0.56	0.55	0.56	0.54	0.58	0.42	0.41	0.56	0.52	0.63	0.31	0.72
ENSMUST00000201642.1|ENSMUSG00000029407|Uso1	943.0	92188124	chr5:92187800-92202796	0.11	0.09	0.11	0.10	0.05	0.09	NA	0.09	0.10	0.09	0.08	0.11
ENSMUST00000031364.4|ENSMUSG00000029415|Sdad1	12.7	92285152	chr5:92284009-92286825	1.00	NA	0.88	0.66	NA	NA	NA	NA	NA	0.32	NA	NA
ENSMUST00000113093.4|ENSMUSG00000029417|Cxcl9	73.1	92323180	chr5:92321346-92323801	NA	NA	0.12	0.14	NA	NA	0.15	0.12	0.15	NA	NA	NA
ENSMUST00000146470.1|ENSMUSG00000034826|Nup54	66.3	92430724	chr5:92428291-92430875	0.03	0.00	0.00	0.03	0.05	0.00	0.04	0.03	0.02	0.01	0.00	0.00
ENSMUST00000031377.8|ENSMUSG00000029426|Scarb2	455.2	92444097	chr5:92441313-92444248	0.13	0.30	0.40	0.42	0.18	0.19	0.32	0.39	0.22	0.22	0.69	0.65
ENSMUST00000074733.10|ENSMUSG00000058013|Septin11	6125.1	93173017	chr5:93171351-93174958	0.87	0.81	0.69	0.68	1.00	0.81	0.70	0.65	0.67	0.71	0.86	0.98
ENSMUST00000058550.14|ENSMUSG00000063015|Ccni	8313.3	93182366	chr5:93181932-93182979	0.73	0.65	0.52	0.66	1.00	0.91	0.66	0.54	0.66	0.63	0.81	0.75
ENSMUST00000031331.12|ENSMUSG00000029385|Ccng2	389.4	93275752	chr5:93274994-93276231	0.99	0.48	0.52	0.57	1.00	1.00	0.50	0.58	0.54	0.61	0.69	0.58
ENSMUST00000023840.6|ENSMUSG00000023078|Cxcl13	144737.1	95960762	chr5:95960265-95961068	NA	NA	0.50	0.51	0.82	0.70	0.57	0.50	0.60	0.55	NA	NA
ENSMUST00000036646.13|ENSMUSG00000034724|Cnot6l	6.8	96131058	chr5:96075588-96131230	0.02	0.01	0.02	0.02	0.02	NA	0.03	0.01	0.02	0.01	0.02	0.01
ENSMUST00000117766.7|ENSMUSG00000029486|Mrpl1	31.3	96264693	chr5:96264334-96266727	0.86	0.81	0.71	1.00	0.35	0.66	NA	1.00	1.00	1.00	0.90	0.88
ENSMUST00000198631.1|ENSMUSG00000029484|Anxa3	32.8	96825520	chr5:96825023-96825908	0.45	1.00	NA	0.99	0.65	NA	0.39	0.32	NA	NA	NA	NA
ENSMUST00000035635.9|ENSMUSG00000034663|Bmp2k	29.6	97088571	chr5:97088133-97091867	0.04	0.21	0.23	0.14	0.27	0.18	0.25	0.38	0.21	0.15	0.11	NA
ENSMUST00000031281.13|ENSMUSG00000029338|Antxr2	1287.1	97884918	chr5:97882782-97886564	0.03	0.09	0.05	0.06	0.08	0.04	0.08	0.05	0.04	0.05	NA	NA
ENSMUST00000112959.3|ENSMUSG00000035456|Prdm8	22.1	98187275	chr5:98186639-98188991	NA	NA	0.04	NA	NA	0.07	NA	0.00	NA	NA	0.02	0.03
ENSMUST00000161490.7|ENSMUSG00000029334|Prkg2	53.8	98931528	chr5:98929772-98932012	NA	0.38	0.12	0.23	0.27	0.20	NA	0.28	NA	NA	0.28	0.30
ENSMUST00000172361.7|ENSMUSG00000000568|Hnrnpd	2583.4	99961084	chr5:99955934-99962547	0.05	0.17	0.10	0.10	0.06	0.07	0.06	0.13	0.04	0.03	0.30	0.47
ENSMUST00000169390.7|ENSMUSG00000029326|Enoph1	235.3	100068498	chr5:100067932-100068760	0.53	0.55	0.44	0.38	0.70	0.58	0.64	0.42	0.51	0.46	0.68	0.69
ENSMUST00000094578.10|ENSMUSG00000035325|Sec31a	5116.7	100361896	chr5:100361648-100362053	0.31	0.35	0.33	0.29	0.86	0.40	0.28	0.31	0.30	0.27	0.57	0.53
ENSMUST00000139234.1|ENSMUSG00000035310|Lin54	47.7	100475635	chr5:100443551-100475786	0.05	0.06	0.05	0.05	0.05	0.05	0.05	0.07	0.06	0.06	0.06	0.06
ENSMUST00000031264.11|ENSMUSG00000029322|Plac8	427.3	100556342	chr5:100553724-100556493	NA	NA	0.01	0.03	NA	NA	0.00	0.00	0.00	0.00	NA	NA
ENSMUST00000135146.1|ENSMUSG00000029319|Coq2	22971.7	100663471	chr5:100655254-100663622	0.25	0.26	0.23	0.26	0.21	0.28	0.31	0.25	0.22	0.27	0.25	0.24
ENSMUST00000045617.14|ENSMUSG00000035273|Hpse	278.7	100679897	chr5:100679483-100680873	NA	NA	0.75	0.97	0.59	0.83	NA	0.76	0.88	0.84	NA	NA
ENSMUST00000151201.1|ENSMUSG00000035266|Helq	7.0	100791776	chr5:100783179-100791933	0.16	0.06	NA	0.06	NA	NA	NA	0.07	NA	NA	NA	NA
ENSMUST00000198453.1|ENSMUSG00000016833|Mrps18c	8235.0	100802093	chr5:100801942-100804468	0.12	0.09	0.10	0.09	0.10	0.10	0.11	0.11	0.12	0.10	0.09	0.09
ENSMUST00000153302.7|ENSMUSG00000035234|Abraxas1	52.7	100815063	chr5:100805191-100815214	0.18	0.17	0.20	NA	0.10	0.25	0.20	NA	NA	0.14	NA	NA
ENSMUST00000092990.3|ENSMUSG00000029314|Gpat3	24.3	100897976	chr5:100897825-100899102	0.54	0.83	0.41	0.59	0.74	NA	0.60	0.60	NA	0.72	NA	NA
ENSMUST00000031273.8|ENSMUSG00000029330|Cds1	40.7	101821976	chr5:101821560-101823858	NA	NA	0.63	0.73	0.91	0.53	NA	1.00	0.66	0.74	0.62	0.93
ENSMUST00000053177.13|ENSMUSG00000043940|Wdfy3	120.0	101835993	chr5:101832955-101836160	1.00	1.00	1.00	0.69	NA	NA	0.35	1.00	0.90	1.00	0.99	0.72
ENSMUST00000094559.8|ENSMUSG00000057315|Arhgap24	71.4	102897595	chr5:102897324-102897937	0.47	0.36	0.11	0.24	0.84	0.56	0.27	0.35	0.13	0.17	0.64	0.36
ENSMUST00000141573.7|ENSMUSG00000046709|Mapk10	343.8	102989619	chr5:102913128-102989771	0.01	0.01	0.01	0.01	0.00	0.01	0.01	0.01	0.01	0.01	0.01	0.01
ENSMUST00000196014.4|ENSMUSG00000034573|Ptpn13	44.5	103501912	chr5:103501390-103529740	NA	NA	0.03	0.03	NA	0.03	0.05	0.03	0.03	0.03	NA	NA
ENSMUST00000031263.1|ENSMUSG00000029321|Slc10a6	33.0	103606075	chr5:103605710-103606544	0.70	0.37	0.21	0.64	0.68	NA	0.66	0.33	NA	NA	NA	NA
ENSMUST00000054979.9|ENSMUSG00000029313|Aff1	48.3	103851159	chr5:103850820-103855322	0.81	0.52	0.86	0.77	1.00	NA	NA	0.64	0.65	1.00	NA	0.68
ENSMUST00000131843.1|ENSMUSG00000029312|Klhl8	110.6	103867492	chr5:103862079-103872072	0.39	0.66	0.52	0.51	NA	NA	NA	0.44	0.52	NA	0.54	0.46
ENSMUST00000031250.13|ENSMUSG00000029310|Nudt9	5467.6	104065263	chr5:104065112-104065379	0.22	0.18	0.20	0.19	0.43	0.23	0.14	0.12	0.16	0.13	0.33	0.24
ENSMUST00000031249.7|ENSMUSG00000029309|Sparcl1	145698.1	104079337	chr5:104079110-104079551	0.35	0.35	0.28	0.33	0.60	0.42	0.36	0.28	0.35	0.36	0.51	0.48
ENSMUST00000066708.6|ENSMUSG00000029307|Dmp1	55.8	104213119	chr5:104212968-104214102	1.00	0.89	NA	0.78	1.00	0.86	0.70	0.88	0.94	1.00	0.90	0.98
ENSMUST00000031243.14|ENSMUSG00000029304|Spp1	78510026.2	104440815	chr5:104440615-104441050	0.39	0.37	0.29	0.34	0.61	0.46	0.30	0.31	0.37	0.34	0.46	0.36
ENSMUST00000086831.3|ENSMUSG00000034462|Pkd2	573.7	104504090	chr5:104503685-104505819	1.00	1.00	1.00	1.00	1.00	1.00	1.00	0.89	0.83	1.00	1.00	0.97
ENSMUST00000031235.12|ENSMUSG00000034438|Gbp8	92.1	105014455	chr5:105014152-105014951	NA	NA	0.42	0.50	NA	0.75	0.44	0.47	0.60	0.41	NA	NA
ENSMUST00000031238.12|ENSMUSG00000029298|Gbp9	69.7	105079523	chr5:105077629-105080057	0.39	0.50	0.62	0.54	0.73	0.45	0.35	0.61	0.60	0.76	0.49	0.35
ENSMUST00000196204.4|ENSMUSG00000079363|Gbp4	847.5	105125134	chr5:105115766-105125624	0.55	0.41	0.51	0.41	0.47	0.43	0.61	0.46	0.44	0.44	0.48	0.38
ENSMUST00000050011.9|ENSMUSG00000079362|Gm43302	4845.7	105217156	chr5:105214906-105217307	NA	NA	1.00	1.00	1.00	NA	1.00	1.00	1.00	1.00	NA	NA
ENSMUST00000065588.6|ENSMUSG00000105096|Gbp10	3569.5	105216201	chr5:105215698-105217307	NA	NA	0.36	0.40	0.33	NA	0.36	0.34	0.42	0.36	NA	NA
ENSMUST00000200045.4|ENSMUSG00000104713|Gbp6	26321.6	105280074	chr5:105270701-105280562	0.37	0.26	0.32	0.31	0.45	0.31	0.47	0.32	0.37	0.32	NA	NA
ENSMUST00000112707.2|ENSMUSG00000070639|Lrrc8b	54.0	105487247	chr5:105486072-105490074	0.61	0.65	0.61	0.80	0.76	0.85	NA	0.85	0.42	0.51	0.89	0.67
ENSMUST00000067924.12|ENSMUSG00000054720|Lrrc8c	77.7	105608920	chr5:105608769-105613018	0.34	0.52	0.89	0.53	0.33	0.39	0.41	0.79	1.00	0.53	0.59	0.77
ENSMUST00000060531.15|ENSMUSG00000046079|Lrrc8d	264.6	105814482	chr5:105814302-105815215	0.46	0.48	0.40	0.43	0.64	0.52	0.55	0.35	0.45	0.47	0.53	0.50
ENSMUST00000138615.7|ENSMUSG00000029290|Zfp326	12.3	105891289	chr5:105891125-105915177	0.01	0.01	0.01	0.01	0.00	0.01	0.01	0.01	0.01	0.01	0.01	0.01
ENSMUST00000112696.7|ENSMUSG00000049606|Zfp644	70.8	106618087	chr5:106616738-106618238	0.80	0.61	0.84	0.84	1.00	1.00	1.00	0.81	0.91	0.67	0.41	0.41
ENSMUST00000031224.14|ENSMUSG00000029287|Tgfbr3	660.3	107109464	chr5:107106569-107109641	1.00	0.99	1.00	0.83	1.00	1.00	1.00	1.00	1.00	0.88	NA	0.79
ENSMUST00000031215.14|ENSMUSG00000029279|Brdt	38.2	107386030	chr5:107385523-107387058	NA	NA	NA	NA	NA	0.37	1.00	0.57	NA	NA	0.63	0.30
ENSMUST00000124546.7|ENSMUSG00000029276|Glmn	50.8	107575204	chr5:107549023-107575355	0.15	0.07	0.08	0.06	0.05	0.06	0.04	0.06	NA	0.08	0.05	0.12
ENSMUST00000112642.7|ENSMUSG00000011831|Evi5	51.8	107747664	chr5:107744794-107748148	0.88	1.00	1.00	0.97	NA	0.65	1.00	0.97	NA	1.00	NA	1.00
ENSMUST00000082223.12|ENSMUSG00000058558|Rpl5	559.8	107908144	chr5:107907993-107909005	1.00	0.99	1.00	1.00	0.43	0.84	1.00	1.00	1.00	1.00	0.53	0.70
ENSMUST00000031198.10|ENSMUSG00000029270|Dipk1a	350.1	107909221	chr5:107908052-107909406	0.37	0.54	0.29	0.27	0.40	0.42	0.28	0.26	0.34	0.30	0.68	0.70
ENSMUST00000124195.7|ENSMUSG00000029267|Mtf2	191.3	108081322	chr5:108081171-108107458	0.13	0.12	0.12	0.10	0.10	0.11	0.16	0.11	0.12	0.09	0.15	0.09
ENSMUST00000002837.10|ENSMUSG00000063406|Tmed5	1389.8	108124165	chr5:108121626-108124543	0.12	0.10	0.11	0.13	0.12	0.09	0.12	0.09	0.08	0.12	0.09	0.12
ENSMUST00000031190.4|ENSMUSG00000029265|Dr1	185.5	108278813	chr5:108278662-108280526	0.92	0.91	0.70	0.88	1.00	1.00	0.94	0.86	1.00	0.90	0.74	0.83
ENSMUST00000119014.7|ENSMUSG00000029263|Pigg	14.4	108348304	chr5:108348047-108349355	0.62	1.00	0.52	0.39	0.73	0.67	NA	0.98	NA	NA	NA	0.52
ENSMUST00000197216.2|ENSMUSG00000105867|Gm42517	163.2	108366392	chr5:108366072-108366561	0.47	0.69	0.53	0.68	1.00	0.64	0.43	0.52	0.50	NA	0.79	0.76
ENSMUST00000046892.9|ENSMUSG00000033615|Cplx1	68625.2	108519100	chr5:108518553-108520131	0.94	0.85	0.77	0.66	1.00	1.00	1.00	0.93	0.77	1.00	1.00	1.00
ENSMUST00000199048.4|ENSMUSG00000062234|Gak	1437.4	108616837	chr5:108571430-108616988	0.12	0.14	0.18	0.18	0.18	0.19	0.37	0.17	0.14	0.19	0.19	0.17
ENSMUST00000063272.12|ENSMUSG00000013495|Tmem175	160.5	108647008	chr5:108646502-108648782	0.73	0.15	0.16	0.16	0.24	0.10	0.19	0.14	0.15	0.12	0.33	0.37
ENSMUST00000140620.7|ENSMUSG00000033540|Idua	1721.3	108681077	chr5:108680122-108684552	0.71	0.63	0.57	0.58	0.46	0.53	0.45	0.59	0.54	0.52	0.53	0.51
ENSMUST00000112560.7|ENSMUSG00000008090|Fgfrl1	307.5	108706624	chr5:108706342-108706924	0.47	0.47	0.30	0.44	1.00	0.55	0.42	0.38	0.52	0.48	0.68	0.56
ENSMUST00000112544.7|ENSMUSG00000090015|Gm15446	11.7	109943703	chr5:109943542-109943936	1.00	NA	0.52	NA	NA	0.55	0.31	NA	NA	0.39	0.75	0.80
ENSMUST00000112540.7|ENSMUSG00000066613|Zfp932	11.9	110010217	chr5:110010015-110010411	NA	0.41	NA	NA	0.99	0.25	NA	0.38	0.31	NA	NA	0.53
ENSMUST00000112512.7|ENSMUSG00000029502|Golga3	18.6	110223227	chr5:110223076-110226470	NA	NA	1.00	0.84	NA	NA	NA	NA	0.93	NA	NA	0.71
ENSMUST00000086674.9|ENSMUSG00000029501|Ankle2	73.9	110254811	chr5:110254517-110256651	0.91	0.74	0.78	1.00	0.70	0.67	1.00	0.76	1.00	1.00	NA	0.44
ENSMUST00000112505.8|ENSMUSG00000029500|Pgam5	692.8	110259453	chr5:110259129-110260289	0.54	0.56	0.67	0.48	0.98	0.78	0.66	0.57	0.55	0.53	0.80	0.76
ENSMUST00000155266.1|ENSMUSG00000029499|Pxmp2	143.0	110277592	chr5:110274294-110277743	0.01	0.00	0.01	0.00	0.00	0.00	0.00	0.00	0.00	0.03	0.00	0.00
ENSMUST00000196801.4|ENSMUSG00000043323|Fbrsl1	310.0	110378037	chr5:110362790-110378258	0.14	0.12	0.08	0.08	NA	0.07	0.11	0.07	0.11	0.11	0.09	0.08
ENSMUST00000042147.5|ENSMUSG00000033294|Noc4l	184.8	110648715	chr5:110648417-110648866	0.18	0.19	0.03	0.16	0.13	0.14	0.09	0.11	0.18	0.16	0.19	0.10
ENSMUST00000031478.5|ENSMUSG00000029504|Ddx51	31.6	110658009	chr5:110657604-110660496	0.06	0.05	0.04	0.05	0.10	0.10	0.01	0.13	0.08	0.12	0.08	0.13
ENSMUST00000112426.7|ENSMUSG00000029507|Pus1	64.9	110773783	chr5:110773666-110773934	0.31	0.21	0.37	0.24	0.31	0.19	0.18	0.15	0.32	0.29	0.57	0.36
ENSMUST00000031490.10|ENSMUSG00000029512|Ulk1	232.6	110785794	chr5:110784487-110786174	1.00	1.00	0.95	0.74	1.00	0.89	1.00	1.00	0.71	0.77	1.00	1.00
ENSMUST00000144850.7|ENSMUSG00000043510|Hscb	35.2	110834647	chr5:110829079-110834798	0.00	0.01	0.00	0.01	0.00	0.01	0.01	0.01	0.01	0.01	0.01	0.01
ENSMUST00000199937.4|ENSMUSG00000029521|Chek2	178.9	110855892	chr5:110855741-110874133	0.11	NA	0.12	0.11	0.12	0.08	0.38	0.16	0.19	0.18	NA	NA
ENSMUST00000156290.8|ENSMUSG00000033209|Ttc28	114.3	111287122	chr5:111286544-111289780	0.17	0.06	0.06	0.12	0.66	0.12	0.27	0.06	0.09	0.07	0.19	0.27
ENSMUST00000086635.8|ENSMUSG00000050017|Pitpnb	32409.7	111385715	chr5:111385564-111388359	1.00	1.00	1.00	1.00	1.00	1.00	1.00	1.00	1.00	1.00	1.00	1.00
ENSMUST00000031287.11|ENSMUSG00000029344|Tpst2	3611.7	112313431	chr5:112313280-112315361	0.61	0.65	0.59	0.55	0.58	0.56	0.57	0.61	0.59	0.56	0.62	0.60
ENSMUST00000031288.13|ENSMUSG00000029345|Tfip11	1107.1	112337741	chr5:112337338-112338073	0.38	0.44	0.32	0.26	0.52	0.27	0.33	0.45	0.28	0.32	0.24	0.27
ENSMUST00000031289.6|ENSMUSG00000029346|Srrd	242.4	112337586	chr5:112337391-112337737	0.68	0.65	0.98	0.78	0.69	0.75	0.54	0.86	0.80	0.77	0.61	0.79
ENSMUST00000112359.8|ENSMUSG00000042328|Hps4	61.7	112378278	chr5:112378127-112378414	0.23	0.36	NA	0.28	0.51	0.49	0.15	0.24	0.12	0.13	0.39	0.03
ENSMUST00000031291.8|ENSMUSG00000029348|Asphd2	685.0	112385585	chr5:112384353-112385754	0.38	0.36	0.50	0.40	0.41	0.33	0.42	0.54	0.51	0.49	0.35	0.39
ENSMUST00000200332.4|ENSMUSG00000042249|Grk3	76.1	112969145	chr5:112912598-112969296	NA	NA	0.05	NA	NA	NA	0.07	0.05	NA	0.02	0.03	0.04
ENSMUST00000048112.12|ENSMUSG00000042216|Sgsm1	49.1	113244856	chr5:113243219-113245007	NA	NA	0.71	0.94	NA	1.00	NA	NA	NA	NA	1.00	1.00
ENSMUST00000065698.6|ENSMUSG00000053334|Ficd	88.4	113739949	chr5:113739139-113740600	1.00	0.77	0.78	0.76	0.75	1.00	0.84	0.93	0.71	0.63	0.68	0.90
ENSMUST00000197041.1|ENSMUSG00000018974|Sart3	940.9	113753511	chr5:113742447-113753662	0.35	0.26	0.37	0.28	0.44	0.32	0.25	0.26	0.29	0.30	0.37	0.34
ENSMUST00000145778.7|ENSMUSG00000025825|Iscu	101721.6	113775328	chr5:113774365-113778014	0.44	0.53	0.54	0.55	0.39	0.62	0.50	0.50	0.51	0.54	0.44	0.42
ENSMUST00000067853.5|ENSMUSG00000054675|Tmem119	10055.0	113794444	chr5:113793728-113794898	0.70	0.83	0.82	0.72	1.00	0.97	0.77	0.71	0.76	0.73	0.89	1.00
ENSMUST00000100874.5|ENSMUSG00000048163|Selplg	2474.9	113818777	chr5:113818546-113818992	0.53	0.33	0.32	0.31	0.84	0.56	0.32	0.34	0.39	0.39	0.47	0.45
ENSMUST00000164980.7|ENSMUSG00000004530|Coro1c	22885.6	113848451	chr5:113842435-113848602	0.56	0.59	0.53	0.45	0.63	0.56	0.47	0.53	0.52	0.55	0.64	0.65
ENSMUST00000159510.1|ENSMUSG00000042121|Ssh1	34.8	113966179	chr5:113961392-113966772	0.06	NA	0.00	0.00	0.03	0.04	0.01	0.01	0.01	0.00	0.09	0.04
ENSMUST00000058472.12|ENSMUSG00000042078|Svop	423.3	114027265	chr5:114026909-114028260	0.45	0.75	0.58	0.46	1.00	0.66	0.60	0.60	0.70	NA	0.80	0.78
ENSMUST00000031588.11|ENSMUSG00000029592|Usp30	72.0	114122761	chr5:114121785-114124720	0.25	0.29	0.18	0.22	0.45	0.21	0.42	0.21	0.25	0.20	0.22	0.24
ENSMUST00000102582.7|ENSMUSG00000042010|Acacb	22.2	114249829	chr5:114249617-114250761	0.54	NA	NA	0.89	0.54	NA	1.00	1.00	NA	NA	NA	NA
ENSMUST00000134532.8|ENSMUSG00000001098|Kctd10	63148.0	114368793	chr5:114364461-114368944	1.00	1.00	1.00	1.00	1.00	NA	NA	1.00	1.00	1.00	NA	NA
ENSMUST00000031560.13|ENSMUSG00000029575|Mmab	95.2	114433075	chr5:114431033-114433273	0.78	0.85	0.83	1.00	0.72	0.63	1.00	0.95	0.98	1.00	0.74	0.76
ENSMUST00000043760.14|ENSMUSG00000041939|Mvk	305.3	114460361	chr5:114460188-114460591	0.46	0.32	0.41	0.29	0.60	0.40	0.29	0.30	0.24	0.45	0.43	0.43
ENSMUST00000071968.8|ENSMUSG00000014158|Trpv4	90.3	114622432	chr5:114622151-114622655	0.46	0.52	0.30	0.39	0.87	0.43	0.64	0.49	0.33	0.37	NA	0.61
ENSMUST00000012028.13|ENSMUSG00000011884|Gltp	7162.7	114669829	chr5:114669397-114670409	0.52	0.48	0.46	0.45	0.77	0.55	0.40	0.47	0.51	0.39	0.57	0.52
ENSMUST00000094441.10|ENSMUSG00000002486|Tchp	14.8	114721656	chr5:114721137-114722327	1.00	0.78	0.65	1.00	0.85	NA	NA	1.00	0.44	0.97	NA	0.46
ENSMUST00000112185.8|ENSMUSG00000041890|Git2	133.5	114729834	chr5:114727406-114730184	0.26	0.42	0.45	0.55	0.35	0.32	0.93	0.41	0.50	0.45	0.53	0.57
ENSMUST00000102578.10|ENSMUSG00000041870|Ankrd13a	2190.9	114804650	chr5:114804421-114805822	1.00	0.82	0.96	0.66	1.00	1.00	1.00	0.86	0.67	0.79	0.82	0.95
ENSMUST00000112160.3|ENSMUSG00000072694|1500011B03Rik	2224.1	114808541	chr5:114808195-114809248	0.71	0.73	0.70	0.84	0.87	0.75	0.55	0.67	0.69	0.55	0.71	0.71
ENSMUST00000144064.4|ENSMUSG00000029561|Oasl2	7788.0	114901438	chr5:114901287-114912226	0.07	0.06	0.06	0.06	0.05	0.05	0.08	0.06	0.06	0.06	0.05	0.04
ENSMUST00000112143.3|ENSMUSG00000041827|Oasl1	41.8	114937646	chr5:114937415-114937915	0.38	0.49	0.36	0.37	0.70	0.16	0.30	0.41	0.46	0.34	0.59	NA
ENSMUST00000128590.2|ENSMUSG00000029550|Sppl3	2615.5	115082384	chr5:115082233-115084885	0.07	0.07	0.06	0.05	0.08	0.06	0.05	0.06	0.06	0.06	0.07	0.05
ENSMUST00000100848.2|ENSMUSG00000072693|Gm10401	303.3	115097815	chr5:115097688-115097966	1.00	0.89	0.80	0.95	1.00	1.00	0.82	1.00	0.89	1.00	1.00	1.00
ENSMUST00000031524.10|ENSMUSG00000029545|Acads	132.0	115110597	chr5:115110298-115110856	0.24	0.29	0.28	0.30	0.51	0.27	0.20	0.21	0.30	0.30	0.30	0.29
ENSMUST00000060798.5|ENSMUSG00000046562|Unc119b	578.1	115125239	chr5:115122549-115125390	1.00	1.00	1.00	1.00	1.00	1.00	1.00	1.00	1.00	0.89	1.00	1.00
ENSMUST00000112121.5|ENSMUSG00000048578|Mlec	915.4	115147325	chr5:115142980-115147917	0.28	0.35	0.81	0.85	0.30	0.26	0.62	0.64	0.74	0.88	0.76	0.84
ENSMUST00000135455.1|ENSMUSG00000060152|Pop5	95871.0	115242691	chr5:115240748-115245351	0.31	0.39	0.40	0.50	0.29	0.39	0.41	0.47	0.47	0.51	0.38	0.40
ENSMUST00000139853.1|ENSMUSG00000041740|Rnf10	49485.7	115242392	chr5:115241778-115242550	0.11	0.14	0.13	0.14	0.14	0.15	0.14	0.13	0.14	0.13	0.16	0.14
ENSMUST00000040421.10|ENSMUSG00000041733|Coq5	491.8	115296481	chr5:115295963-115296972	0.43	0.59	0.41	0.47	0.58	0.49	0.34	0.40	0.65	0.31	0.55	0.42
ENSMUST00000009157.3|ENSMUSG00000009013|Dynll1	80364.2	115298541	chr5:115297109-115298698	0.05	0.05	0.07	0.07	0.04	0.05	0.06	0.06	0.05	0.05	0.07	0.08
ENSMUST00000209604.1|ENSMUSG00000029538|Srsf9	52080.4	115330658	chr5:115328425-115333080	0.41	0.37	0.39	0.36	0.33	0.34	0.41	0.34	0.33	NA	0.38	0.37
ENSMUST00000139167.2|ENSMUSG00000029536|Gatc	375.8	115334155	chr5:115333238-115334541	0.84	0.76	0.76	0.68	0.84	0.69	0.64	0.69	1.00	0.81	0.82	0.86
ENSMUST00000031508.4|ENSMUSG00000029535|Triap1	909.4	115343270	chr5:115342755-115343569	0.50	0.51	0.48	0.42	0.91	0.67	0.46	0.45	0.45	0.52	0.82	0.83
ENSMUST00000040154.8|ENSMUSG00000041697|Cox6a1	7088330.0	115345694	chr5:115345641-115345845	0.18	0.16	0.17	0.15	0.18	0.17	0.17	0.15	0.18	0.17	0.21	0.21
ENSMUST00000112067.7|ENSMUSG00000029524|Sirt4	60.9	115478252	chr5:115478009-115478403	0.44	0.72	0.28	0.46	0.88	0.62	0.35	0.28	0.25	0.29	NA	0.58
ENSMUST00000067268.14|ENSMUSG00000029528|Pxn	479.6	115554421	chr5:115554132-115555987	0.85	0.91	0.86	0.71	1.00	0.84	1.00	0.99	0.78	0.84	1.00	0.76
ENSMUST00000086519.11|ENSMUSG00000067274|Rplp0	12903.1	115563592	chr5:115563441-115563727	0.02	0.08	0.04	0.01	0.05	0.01	0.00	0.06	0.06	0.00	0.05	0.09
ENSMUST00000064454.11|ENSMUSG00000041638|Gcn1	121.0	115622425	chr5:115622147-115622654	0.56	0.41	0.49	0.43	1.00	0.25	0.57	0.44	0.57	0.44	0.57	0.71
ENSMUST00000138885.1|ENSMUSG00000029518|Rab35	49.4	115640296	chr5:115640145-115646119	NA	NA	0.18	NA	0.36	NA	NA	NA	0.15	NA	NA	0.18
ENSMUST00000141976.1|ENSMUSG00000041609|Bicdl1	177.8	115651065	chr5:115649266-115651216	NA	0.00	0.02	0.01	NA	0.00	0.00	0.10	NA	NA	0.00	0.00
ENSMUST00000133098.8|ENSMUSG00000029513|Prkab1	326.2	116017819	chr5:116014434-116017970	0.02	0.01	0.02	0.02	0.05	0.00	0.08	0.00	0.01	0.00	NA	0.12
ENSMUST00000036991.4|ENSMUSG00000041548|Hspb8	3676.8	116408830	chr5:116408490-116409333	0.70	0.63	0.50	0.55	1.00	0.53	0.52	0.46	0.62	0.53	0.59	0.62
ENSMUST00000086471.11|ENSMUSG00000066900|Suds3	2809.1	117092606	chr5:117091679-117092935	0.11	0.13	0.19	0.25	0.17	0.14	0.13	0.14	0.28	0.19	0.23	0.22
ENSMUST00000092889.11|ENSMUSG00000061288|Taok3	15.6	117274040	chr5:117273831-117275219	NA	NA	0.12	0.11	NA	0.21	0.31	0.07	0.13	NA	0.24	0.27
ENSMUST00000111967.7|ENSMUSG00000066894|Vsig10	49.5	117352965	chr5:117352803-117355005	0.83	NA	1.00	0.80	NA	NA	NA	1.00	0.67	1.00	NA	NA
ENSMUST00000031309.15|ENSMUSG00000029364|Wsb2	54582.8	117378240	chr5:117377549-117378601	0.64	0.62	0.58	0.55	0.89	0.74	0.63	0.58	0.57	0.54	0.71	0.66
ENSMUST00000086461.12|ENSMUSG00000029363|Rfc5	20790.9	117379614	chr5:117378102-117379812	0.75	0.86	0.56	0.60	0.54	0.39	0.50	0.64	0.46	0.49	1.00	1.00
ENSMUST00000202447.3|ENSMUSG00000032898|Fbxo21	305.5	118009690	chr5:118008194-118010201	0.70	1.00	0.79	0.86	0.41	0.92	1.00	0.86	0.72	0.77	0.87	0.86
ENSMUST00000124648.7|ENSMUSG00000029359|Tesc	2628.5	118056760	chr5:118056609-118061845	NA	0.07	0.06	0.05	0.08	0.04	0.05	0.04	NA	NA	0.05	0.05
ENSMUST00000049474.8|ENSMUSG00000032867|Fbxw8	967.1	118066842	chr5:118064964-118068087	0.14	0.09	0.13	0.15	0.09	0.09	0.08	0.09	0.10	0.12	0.18	0.25
ENSMUST00000054836.6|ENSMUSG00000046607|Hrk	797.8	118170209	chr5:118170058-118189478	NA	0.24	0.23	0.30	NA	0.21	NA	NA	NA	NA	0.17	0.16
ENSMUST00000049138.7|ENSMUSG00000032840|2410131K14Rik	138.6	118261904	chr5:118261180-118266093	0.12	0.15	0.17	0.10	0.32	0.11	0.14	0.13	0.16	0.21	0.12	0.16
ENSMUST00000100816.7|ENSMUSG00000018076|Med13l	289.4	118763894	chr5:118762830-118765438	0.95	0.42	0.41	0.32	1.00	0.65	0.37	0.42	0.41	0.42	0.50	0.60
ENSMUST00000121021.7|ENSMUSG00000018604|Tbx3	75.2	119683697	chr5:119683089-119684724	0.71	0.45	0.57	0.61	1.00	1.00	0.82	0.72	0.54	0.44	1.00	0.62
ENSMUST00000202777.1|ENSMUSG00000029594|Rbm19	3.1	120186391	chr5:120186240-120198979	0.00	0.00	0.00	0.00	0.00	0.00	0.00	0.00	0.00	0.00	NA	0.00
ENSMUST00000031597.6|ENSMUSG00000029598|Plbd2	1935.8	120485296	chr5:120483281-120485673	0.39	0.32	0.21	0.22	0.31	0.26	0.22	0.20	0.18	0.20	0.42	0.48
ENSMUST00000068326.13|ENSMUSG00000032754|Slc8b1	298.3	120533774	chr5:120533054-120534024	0.87	0.69	0.46	0.70	1.00	0.53	0.68	0.61	0.70	0.78	0.56	0.95
ENSMUST00000031598.10|ENSMUSG00000029599|Ddx54	569.2	120627470	chr5:120627289-120628592	0.09	0.09	0.10	0.11	0.10	0.07	0.04	0.13	0.06	0.09	0.17	0.09
ENSMUST00000031606.9|ENSMUSG00000029602|Rasal1	173.9	120679334	chr5:120679025-120679597	0.63	0.31	0.53	0.32	0.45	0.64	0.32	0.45	NA	0.26	0.56	0.63
ENSMUST00000031607.6|ENSMUSG00000029603|Dtx1	167.8	120680525	chr5:120680201-120681250	0.77	0.60	0.53	0.49	0.69	0.69	0.70	0.57	0.59	0.47	0.71	0.83
ENSMUST00000080322.7|ENSMUSG00000052776|Oas1a	853.6	120896843	chr5:120896255-120896994	0.09	0.09	0.07	0.09	0.10	0.06	0.06	0.04	0.06	0.05	0.06	0.12
ENSMUST00000079204.8|ENSMUSG00000029608|Rph3a	3342.9	120941991	chr5:120940498-120942170	0.51	0.45	0.60	0.65	0.61	0.47	0.42	0.44	0.35	0.76	0.46	0.48
ENSMUST00000201155.1|ENSMUSG00000029614|Rpl6	228435.1	121208646	chr5:121208495-121208965	0.37	0.35	0.34	0.34	0.55	0.40	0.35	0.34	0.37	0.36	0.47	0.45
ENSMUST00000042614.12|ENSMUSG00000042744|Hectd4	1474.2	121366753	chr5:121366602-121368577	NA	1.00	1.00	1.00	1.00	1.00	1.00	1.00	1.00	1.00	1.00	1.00
ENSMUST00000173895.7|ENSMUSG00000042719|Naa25	479.2	121409204	chr5:121408273-121438820	0.56	0.54	0.76	0.51	0.41	0.43	0.52	0.52	0.60	0.55	0.69	0.35
ENSMUST00000124247.7|ENSMUSG00000029452|Tmem116	2.1	121468033	chr5:121467882-121494445	NA	0.02	NA	NA	NA	0.02	NA	NA	NA	NA	0.01	0.01
ENSMUST00000200170.1|ENSMUSG00000072647|Adam1a	4.1	121524996	chr5:121518612-121525147	0.05	NA	NA	NA	0.02	0.04	0.22	NA	NA	NA	0.02	NA
ENSMUST00000125946.7|ENSMUSG00000105340|Gm42878	4.1	121524996	chr5:121518612-121525147	0.05	NA	NA	NA	0.02	0.04	0.22	NA	NA	NA	0.02	NA
ENSMUST00000151352.2|ENSMUSG00000029454|Mapkapk5	406.3	121534269	chr5:121533122-121534420	0.03	0.01	0.01	0.02	0.01	0.02	0.02	0.01	0.01	0.01	0.01	0.02
ENSMUST00000031411.14|ENSMUSG00000029455|Aldh2	3990.3	121567842	chr5:121566026-121567993	0.02	0.03	0.03	0.02	0.03	0.02	0.02	0.01	0.01	0.02	0.03	0.04
ENSMUST00000041252.12|ENSMUSG00000042647|Acad12	23.2	121598532	chr5:121596774-121598809	0.56	0.25	0.47	0.61	0.10	0.28	0.56	0.31	0.43	0.62	NA	0.56
ENSMUST00000140996.5|ENSMUSG00000029458|Brap	135.3	121665288	chr5:121665103-121687243	0.02	0.02	0.03	0.04	0.02	0.02	0.02	0.02	0.03	0.03	0.02	0.02
ENSMUST00000160462.1|ENSMUSG00000042605|Atxn2	104.1	121811632	chr5:121811481-121813455	0.07	0.02	0.02	0.04	0.00	0.04	0.11	0.01	0.02	0.03	0.01	0.02
ENSMUST00000136960.7|ENSMUSG00000042594|Sh2b3	1826.4	121817431	chr5:121815487-121818586	0.79	0.61	0.56	0.58	0.84	0.48	1.00	0.50	0.68	0.75	0.16	0.20
ENSMUST00000198271.4|ENSMUSG00000044134|Pheta1	143.3	121854172	chr5:121853374-121854632	0.81	0.88	0.77	0.67	1.00	0.91	0.70	0.73	0.76	0.63	0.69	0.75
ENSMUST00000111752.9|ENSMUSG00000042589|Cux2	44.2	121860393	chr5:121856365-121860597	NA	0.13	NA	0.10	0.12	0.18	0.08	0.05	NA	NA	0.17	0.11
ENSMUST00000133568.5|ENSMUSG00000004455|Ppp1cc	75617.8	122172955	chr5:122172776-122175265	0.39	0.37	0.40	0.39	0.36	0.32	0.36	0.36	0.43	0.36	0.40	0.36
ENSMUST00000072602.13|ENSMUSG00000064267|Hvcn1	413.6	122240881	chr5:122240669-122242297	1.00	1.00	0.77	0.83	0.99	0.94	0.99	0.94	0.89	0.98	NA	1.00
ENSMUST00000141281.3|ENSMUSG00000038593|Tctn1	304.3	122246423	chr5:122241286-122246574	NA	0.07	0.13	0.11	0.04	0.22	0.13	0.12	0.14	0.09	NA	NA
ENSMUST00000053426.14|ENSMUSG00000038582|Pptc7	135.3	122321022	chr5:122320871-122324281	0.68	0.78	1.00	0.65	0.42	0.88	0.69	0.80	0.70	0.56	0.39	0.43
ENSMUST00000111729.9|ENSMUSG00000029462|Vps29	79989.9	122362271	chr5:122360184-122363211	0.00	0.00	0.00	0.01	0.03	0.00	0.00	0.00	0.00	0.00	0.00	0.00
ENSMUST00000031419.5|ENSMUSG00000029463|Fam216a	408.5	122364646	chr5:122364579-122364797	0.63	0.62	0.63	0.66	0.56	0.61	0.61	0.73	0.74	0.75	0.79	0.86
ENSMUST00000102525.10|ENSMUSG00000029465|Arpc3	50767.6	122406079	chr5:122405928-122406179	0.20	0.12	0.16	0.19	0.34	0.19	0.16	0.20	0.18	0.17	0.22	0.24
ENSMUST00000179939.7|ENSMUSG00000029467|Atp2a2	2313.9	122456498	chr5:122453512-122457153	0.06	0.10	0.11	0.13	0.08	0.06	0.12	0.12	0.09	0.09	0.19	0.20
ENSMUST00000196452.4|ENSMUSG00000029469|Ift81	652.1	122609172	chr5:122602346-122610129	0.12	0.10	0.09	0.08	0.07	0.06	0.07	0.08	0.08	0.09	0.13	0.07
ENSMUST00000100737.9|ENSMUSG00000029468|P2rx7	42.0	122681452	chr5:122681301-122684289	NA	NA	1.00	0.92	NA	0.95	NA	1.00	0.93	1.00	NA	NA
ENSMUST00000198560.1|ENSMUSG00000029470|P2rx4	4369.1	122718573	chr5:122718334-122725366	0.04	0.04	0.04	0.04	0.04	0.04	0.04	0.04	0.04	0.04	0.04	0.04
ENSMUST00000199179.4|ENSMUSG00000029471|Camkk2	3364.6	122758836	chr5:122746442-122758987	0.17	0.11	0.12	0.12	0.07	0.13	0.12	0.13	0.11	0.10	0.11	0.12
ENSMUST00000031434.7|ENSMUSG00000029474|Rnf34	360.3	122868747	chr5:122868224-122871291	0.03	0.03	0.02	0.03	0.06	0.04	0.01	0.04	0.03	0.04	0.04	0.04
ENSMUST00000121652.7|ENSMUSG00000049686|Orai1	3058.3	123029886	chr5:123029677-123030456	0.20	0.18	0.17	0.16	0.30	0.26	0.15	0.16	0.18	0.16	0.28	0.22
ENSMUST00000161059.7|ENSMUSG00000054434|Tmem120b	26.4	123102349	chr5:123101632-123115127	0.08	0.04	0.08	NA	0.06	0.07	NA	0.07	0.07	0.08	NA	NA
ENSMUST00000186469.6|ENSMUSG00000029449|Rhof	71.4	123118367	chr5:123103043-123119432	NA	0.08	0.09	0.09	0.16	0.11	NA	0.04	0.24	0.20	0.01	0.01
ENSMUST00000100729.8|ENSMUSG00000029440|Psmd9	1170.5	123248690	chr5:123248317-123250131	0.08	0.08	0.08	0.07	0.10	0.09	0.05	0.11	0.09	0.09	0.16	0.17
ENSMUST00000139398.7|ENSMUSG00000029433|Diablo	1274.6	123517736	chr5:123511704-123517903	0.03	0.01	0.02	0.01	0.03	0.01	0.02	0.03	0.01	0.01	0.02	0.03
ENSMUST00000144121.1|ENSMUSG00000049550|Clip1	2818.6	123647803	chr5:123617656-123647954	0.10	0.09	0.08	0.07	0.08	0.09	0.11	0.07	0.08	0.08	0.10	0.08
ENSMUST00000196001.1|ENSMUSG00000029427|Zcchc8	163.7	123714065	chr5:123710743-123719513	0.04	NA	NA	NA	0.00	0.00	NA	NA	0.00	NA	NA	NA
ENSMUST00000182584.7|ENSMUSG00000029422|Rsrc2	1306.3	123739491	chr5:123729083-123742835	0.19	0.13	0.22	0.22	0.17	0.12	0.16	0.20	0.14	0.18	0.10	0.12
ENSMUST00000057145.6|ENSMUSG00000045502|Hcar2	62.5	123863873	chr5:123863569-123864358	0.66	0.49	0.37	0.45	0.52	0.32	NA	0.38	0.63	NA	NA	NA
ENSMUST00000164267.1|ENSMUSG00000049241|Hcar1	25.5	123877968	chr5:123876735-123878573	0.34	0.87	0.85	1.00	0.90	NA	0.86	0.99	0.96	0.65	NA	NA
ENSMUST00000023869.14|ENSMUSG00000023106|Denr	1489.0	123927456	chr5:123927291-123928835	0.09	0.16	0.20	0.15	0.08	0.16	0.09	0.14	0.15	0.20	0.11	0.14
ENSMUST00000000939.14|ENSMUSG00000000915|Hip1r	305.5	124003017	chr5:124002162-124005558	0.15	0.08	0.09	0.09	0.17	0.13	0.07	0.08	0.30	0.19	0.08	0.09
ENSMUST00000040967.8|ENSMUSG00000066278|Vps37b	420.9	124006023	chr5:124004640-124006249	1.00	0.88	0.77	0.96	1.00	1.00	1.00	1.00	0.83	1.00	1.00	1.00
ENSMUST00000119269.5|ENSMUSG00000023707|Ogfod2	436.5	124115079	chr5:124114727-124115476	0.47	0.49	0.47	0.44	0.64	0.53	0.38	0.41	0.40	0.33	0.47	0.54
ENSMUST00000086123.10|ENSMUSG00000029406|Pitpnm2	1054.2	124121114	chr5:124118689-124121265	NA	NA	0.84	1.00	NA	0.94	NA	0.72	NA	NA	1.00	1.00
ENSMUST00000031341.10|ENSMUSG00000029394|Cdk2ap1	32084.1	124345706	chr5:124345416-124346089	0.48	0.45	0.39	0.38	0.62	0.52	0.36	0.35	0.41	0.43	0.53	0.53
ENSMUST00000199798.4|ENSMUSG00000049327|Kmt5a	1745.5	124451373	chr5:124447317-124461511	0.11	0.09	0.10	0.12	0.08	0.08	0.19	0.10	0.09	0.12	0.10	0.09
ENSMUST00000031347.7|ENSMUSG00000029401|Rilpl2	966.0	124463538	chr5:124463264-124463783	0.40	0.40	0.42	0.30	0.55	0.44	0.26	0.30	0.44	0.35	0.31	0.48
ENSMUST00000031349.8|ENSMUSG00000029402|Snrnp35	105.9	124491008	chr5:124490857-124491124	0.42	0.24	0.54	0.30	0.49	0.48	0.41	0.44	0.19	0.43	0.48	0.45
ENSMUST00000200202.1|ENSMUSG00000029392|Rilpl1	134.5	124501773	chr5:124493536-124501924	0.01	0.01	0.01	0.01	0.01	0.00	0.00	0.00	0.00	0.00	0.01	0.01
ENSMUST00000200031.1|ENSMUSG00000029390|Tmed2	135710.0	124543243	chr5:124543092-124549192	0.06	0.06	0.06	0.06	0.05	0.06	0.06	0.06	0.06	0.06	0.05	0.05
ENSMUST00000198318.4|ENSMUSG00000029388|Eif2b1	1893.4	124576749	chr5:124573080-124576900	0.10	0.07	0.09	0.08	0.06	0.07	0.11	0.07	0.07	0.08	0.08	0.07
ENSMUST00000031333.3|ENSMUSG00000029387|Gtf2h3	395.9	124596604	chr5:124595984-124597680	0.08	0.06	0.05	0.05	0.12	0.13	0.06	0.06	0.04	0.08	0.14	0.10
ENSMUST00000100706.9|ENSMUSG00000029386|Tctn2	89.5	124627387	chr5:124627229-124627738	0.37	0.38	0.32	0.72	0.25	0.23	0.42	0.38	0.39	0.38	0.20	0.45
ENSMUST00000036206.13|ENSMUSG00000037979|Ccdc92	421.0	124835144	chr5:124834417-124835521	0.55	0.44	0.59	0.49	0.26	0.39	0.38	0.59	0.83	0.68	0.43	0.53
ENSMUST00000111417.8|ENSMUSG00000079215|Zfp664	337.9	124886477	chr5:124886326-124888630	1.00	1.00	1.00	1.00	0.98	1.00	NA	1.00	1.00	1.00	1.00	1.00
ENSMUST00000036109.7|ENSMUSG00000037962|Rflna	129.5	125012261	chr5:125011602-125012547	0.28	1.00	1.00	NA	1.00	1.00	NA	0.34	0.57	0.51	NA	NA
ENSMUST00000200297.4|ENSMUSG00000029478|Ncor2	25.7	125023500	chr5:125018134-125024205	NA	NA	NA	0.14	NA	0.14	NA	NA	0.11	0.17	NA	NA
ENSMUST00000169485.5|ENSMUSG00000029480|Dhx37	28.4	125414589	chr5:125413857-125415083	0.06	0.14	0.19	0.18	NA	0.24	0.13	0.04	0.08	0.20	0.06	0.19
ENSMUST00000049040.13|ENSMUSG00000037905|Bri3bp	105.8	125454933	chr5:125454750-125460370	0.01	0.05	0.04	0.04	0.02	0.04	0.07	0.03	0.03	0.03	0.19	0.23
ENSMUST00000031445.4|ENSMUSG00000029482|Aacs	191.8	125517009	chr5:125516350-125517410	0.75	0.62	0.55	0.55	0.90	0.61	0.64	0.64	0.64	0.62	0.75	0.61
ENSMUST00000031446.6|ENSMUSG00000070498|Tmem132b	20.8	125789088	chr5:125788065-125792583	NA	NA	0.21	0.48	NA	NA	NA	NA	NA	NA	0.53	0.44
ENSMUST00000119026.7|ENSMUSG00000034324|Tmem132c	84.4	127564267	chr5:127564087-127565793	NA	NA	0.33	0.43	NA	0.72	0.21	0.48	0.36	0.40	NA	NA
ENSMUST00000153832.7|ENSMUSG00000029416|Slc15a4	727.5	127603692	chr5:127595666-127604605	0.18	0.14	0.16	0.17	0.23	0.15	0.20	0.14	0.18	0.17	0.15	0.19
ENSMUST00000031378.13|ENSMUSG00000029428|Stx2	3257.8	128987613	chr5:128984556-128987764	1.00	1.00	1.00	1.00	1.00	1.00	1.00	1.00	1.00	1.00	1.00	1.00
ENSMUST00000031383.13|ENSMUSG00000029430|Ran	34139.5	129023011	chr5:129022815-129024323	0.16	0.16	0.16	0.12	0.13	0.12	0.12	0.17	0.12	0.14	0.22	0.25
ENSMUST00000196698.4|ENSMUSG00000029439|Sfswap	37.5	129504935	chr5:129504784-129569648	0.13	0.05	0.05	0.09	0.11	0.05	0.06	0.12	0.06	0.06	0.03	0.08
ENSMUST00000031390.9|ENSMUSG00000029436|Mmp17	114.1	129608020	chr5:129606535-129611099	NA	0.05	0.05	0.05	NA	0.06	0.03	0.04	0.05	0.06	0.06	0.06
ENSMUST00000049778.6|ENSMUSG00000051034|Zfp11	15.6	129655304	chr5:129654592-129656454	NA	0.50	0.76	0.87	0.30	NA	NA	0.55	NA	NA	NA	0.57
ENSMUST00000119576.7|ENSMUSG00000034211|Mrps17	591.5	129718330	chr5:129718152-129722556	0.02	0.04	0.04	0.04	0.03	0.03	0.01	0.04	0.02	0.03	0.10	0.13
ENSMUST00000195946.4|ENSMUSG00000029432|Nipsnap2	1228.7	129746467	chr5:129744774-129757373	0.13	0.12	0.17	0.15	0.27	0.15	0.24	0.14	0.13	0.14	0.12	0.12
ENSMUST00000118268.8|ENSMUSG00000029446|Psph	1467.7	129765719	chr5:129765557-129765870	0.26	0.26	0.15	0.17	0.54	0.32	0.25	0.26	0.16	0.19	0.37	0.37
ENSMUST00000137357.4|ENSMUSG00000025538|Sumf2	2401.3	129854893	chr5:129854742-129863432	0.06	0.07	0.07	0.07	0.06	0.06	0.07	0.07	0.06	0.07	0.07	0.05
ENSMUST00000026617.12|ENSMUSG00000025537|Phkg1	39.6	129864242	chr5:129863420-129864443	0.63	0.58	0.91	0.31	1.00	0.99	0.94	0.57	NA	NA	1.00	0.72
ENSMUST00000094280.3|ENSMUSG00000070493|Chchd2	637001.6	129881237	chr5:129881155-129881388	0.19	0.18	0.18	0.16	0.33	0.25	0.16	0.18	0.21	0.19	0.27	0.26
ENSMUST00000201801.3|ENSMUSG00000025534|Gusb	33548.2	129997779	chr5:129989022-130000033	0.08	0.11	0.10	0.09	0.09	0.10	0.09	0.10	0.10	0.10	0.05	0.08
ENSMUST00000026608.10|ENSMUSG00000025532|Crcp	508.7	130060491	chr5:130059851-130060789	0.75	0.63	0.42	0.55	1.00	0.60	0.52	0.56	0.49	0.47	0.70	0.75
ENSMUST00000118993.7|ENSMUSG00000034118|Tpst1	46309.9	130134624	chr5:130134473-130135729	1.00	1.00	1.00	1.00	1.00	1.00	1.00	1.00	1.00	1.00	1.00	1.00
ENSMUST00000119797.7|ENSMUSG00000025340|Rabgef1	130.5	130213390	chr5:130213229-130214342	0.93	0.60	0.54	0.68	1.00	0.82	0.75	0.79	0.67	0.50	0.92	0.79
ENSMUST00000065329.12|ENSMUSG00000053094|Tmem248	485.9	130241446	chr5:130241295-130243765	0.75	0.78	0.87	0.84	0.60	0.73	1.00	0.82	0.76	0.83	1.00	0.75
ENSMUST00000111288.3|ENSMUSG00000060371|Caln1	650.7	130839998	chr5:130839407-130847412	0.02	0.01	0.02	0.02	NA	0.01	0.02	0.01	0.01	0.04	0.02	0.02
ENSMUST00000016088.8|ENSMUSG00000015944|Castor2	566.6	134141597	chr5:134138291-134144343	0.38	0.22	0.26	0.27	1.00	0.37	NA	0.32	0.19	0.26	0.32	0.26
ENSMUST00000076228.2|ENSMUSG00000061979|Rcc1l	156.9	134148328	chr5:134148053-134148931	0.59	0.65	0.49	0.49	1.00	0.77	0.54	0.46	0.59	0.69	0.73	0.73
ENSMUST00000146354.7|ENSMUSG00000015950|Ncf1	428.0	134220688	chr5:134220052-134221752	0.60	0.53	0.43	0.41	0.93	0.47	0.94	0.26	0.52	0.37	NA	0.48
ENSMUST00000202321.3|ENSMUSG00000023079|Gtf2ird1	200.6	134383684	chr5:134360237-134383835	0.04	0.04	0.05	0.05	0.06	0.04	0.07	0.05	0.04	0.04	0.03	0.04
ENSMUST00000036999.9|ENSMUSG00000063146|Clip2	8.5	134490531	chr5:134489382-134490783	NA	NA	0.58	0.98	NA	NA	NA	NA	0.97	NA	NA	1.00
ENSMUST00000201258.3|ENSMUSG00000023104|Rfc2	6381.9	134593385	chr5:134593234-134597955	0.09	0.10	0.09	0.10	0.13	0.11	0.10	0.09	0.09	0.10	0.09	0.11
ENSMUST00000077636.7|ENSMUSG00000040751|Lat2	10781.9	134602438	chr5:134600021-134602589	0.86	0.91	1.00	1.00	1.00	1.00	1.00	1.00	1.00	0.99	NA	NA
ENSMUST00000202622.3|ENSMUSG00000040731|Eif4h	23907.7	134620210	chr5:134619720-134621511	0.62	0.66	0.59	0.53	1.00	0.82	0.67	0.57	0.61	0.51	0.80	0.73
ENSMUST00000201856.1|ENSMUSG00000029675|Eln	17065419.1	134705287	chr5:134702837-134712443	NA	0.00	0.00	0.00	0.00	0.00	0.02	0.00	0.00	0.00	NA	NA
ENSMUST00000047196.13|ENSMUSG00000040557|Mettl27	26.8	134941032	chr5:134940689-134942637	NA	0.10	0.19	0.14	0.23	0.33	0.16	0.17	0.07	0.09	0.13	0.32
ENSMUST00000150838.1|ENSMUSG00000007207|Stx1a	162969.4	135049151	chr5:135049000-135051100	0.98	0.98	0.88	0.94	1.00	0.85	1.00	0.95	0.94	0.99	1.00	0.93
ENSMUST00000202478.3|ENSMUSG00000005378|Bud23	6654.9	135056027	chr5:135053284-135060748	0.03	0.00	0.01	0.03	0.00	0.00	0.00	0.00	0.00	0.00	0.00	0.00
ENSMUST00000071263.6|ENSMUSG00000061118|Dnajc30	2496.7	135065196	chr5:135064907-135065862	0.18	0.15	0.14	0.11	0.23	0.16	0.13	0.11	0.11	0.13	0.22	0.21
ENSMUST00000067935.10|ENSMUSG00000043614|Vps37d	138.8	135073144	chr5:135072899-135073593	0.99	0.62	0.44	0.51	0.92	0.60	0.54	0.51	0.80	0.56	0.73	0.63
ENSMUST00000031692.11|ENSMUSG00000029681|Bcl7b	1059.8	135181498	chr5:135180927-135181855	0.66	0.73	0.52	0.55	0.86	0.69	0.60	0.49	0.51	0.63	0.79	0.76
ENSMUST00000002825.5|ENSMUSG00000002748|Baz1b	409.3	135244611	chr5:135244460-135246129	0.96	1.00	1.00	1.00	1.00	1.00	1.00	1.00	0.91	0.83	1.00	1.00
ENSMUST00000062572.2|ENSMUSG00000049551|Fzd9	33.3	135249102	chr5:135248937-135249253	0.09	0.29	0.16	0.27	NA	0.14	0.32	0.27	NA	NA	0.34	0.28
ENSMUST00000202422.1|ENSMUSG00000000916|Nsun5	133.7	135371697	chr5:135371546-135374065	0.02	0.00	0.01	0.00	0.05	0.02	0.06	0.00	0.03	0.01	0.02	0.01
ENSMUST00000111171.5|ENSMUSG00000053293|Pom121	111.4	135377330	chr5:135376140-135378079	1.00	0.67	1.00	0.70	1.00	0.98	1.00	0.58	0.72	0.53	1.00	0.62
ENSMUST00000060311.11|ENSMUSG00000039959|Hip1	162.1	135409207	chr5:135406530-135411219	0.78	0.58	0.47	0.59	0.84	0.91	0.71	0.51	0.47	0.51	0.87	0.64
ENSMUST00000122113.7|ENSMUSG00000005514|Por	113575.1	135735110	chr5:135734669-135735326	0.58	0.60	0.53	0.54	1.00	0.75	0.52	0.51	0.59	0.51	0.81	0.82
ENSMUST00000043378.8|ENSMUSG00000039886|Tmem120a	1852.3	135735543	chr5:135735484-135735694	0.40	0.31	0.19	0.25	0.28	0.31	0.30	0.39	0.35	0.36	0.08	0.27
ENSMUST00000138101.1|ENSMUSG00000019179|Mdh2	496723.3	135786358	chr5:135785931-135790398	0.12	0.12	0.11	0.12	0.11	0.11	0.12	0.12	0.12	0.12	0.12	0.12
ENSMUST00000111155.1|ENSMUSG00000004951|Hspb1	1706290.0	135889421	chr5:135889113-135889561	0.57	NA	0.52	0.48	0.87	NA	0.50	0.48	0.49	0.53	NA	0.69
ENSMUST00000198270.1|ENSMUSG00000051391|Ywhag	19176.7	135910846	chr5:135908408-135910997	1.00	1.00	1.00	1.00	1.00	1.00	1.00	1.00	1.00	1.00	1.00	1.00
ENSMUST00000041048.5|ENSMUSG00000039747|Orai2	161.4	136148523	chr5:136147458-136150427	0.52	0.75	0.79	0.79	0.69	0.85	1.00	0.96	0.66	0.76	0.87	0.78
ENSMUST00000123921.7|ENSMUSG00000039737|Prkrip1	172.2	136191803	chr5:136181421-136191954	0.03	0.03	0.03	0.03	0.03	0.03	0.03	0.04	0.03	0.03	0.02	0.02
ENSMUST00000196397.4|ENSMUSG00000005057|Sh2b2	130.5	136218528	chr5:136218146-136218832	0.70	0.74	0.48	0.58	1.00	0.45	0.39	0.74	0.60	0.49	0.87	0.42
ENSMUST00000057497.12|ENSMUSG00000004415|Col26a1	1241.8	136742382	chr5:136741758-136743048	NA	NA	0.80	0.75	1.00	0.98	0.98	0.98	0.75	0.83	NA	NA
ENSMUST00000200157.4|ENSMUSG00000007987|Ift22	1021.3	136913159	chr5:136912970-136915404	0.21	0.21	0.20	0.16	0.12	0.14	0.15	0.24	0.12	0.16	0.22	0.29
ENSMUST00000019198.6|ENSMUSG00000019054|Fis1	209423.2	136966162	chr5:136966011-136966234	0.22	0.22	0.27	0.21	0.38	0.24	0.19	0.18	0.19	0.19	0.25	0.23
ENSMUST00000034953.13|ENSMUSG00000059518|Znhit1	9390.9	136982310	chr5:136982193-136982516	0.39	NA	NA	0.54	0.69	NA	0.42	0.45	NA	NA	NA	NA
ENSMUST00000004968.10|ENSMUSG00000004846|Plod3	1916.8	136996409	chr5:136996258-136996648	0.19	0.19	0.17	0.13	0.26	0.24	0.12	0.14	0.20	0.23	0.17	0.16
ENSMUST00000190827.6|ENSMUSG00000037428|Vgf	285.5	137033175	chr5:137032836-137033351	NA	0.68	0.49	NA	0.49	0.84	0.49	0.60	NA	NA	0.81	0.60
ENSMUST00000111080.7|ENSMUSG00000004849|Ap1s1	93721.8	137035278	chr5:137034992-137035746	0.50	0.50	0.40	0.44	0.98	0.63	0.43	0.40	0.53	0.42	0.67	0.65
ENSMUST00000041388.10|ENSMUSG00000037411|Serpine1	57.4	137062599	chr5:137061503-137063176	0.18	0.34	NA	NA	0.70	0.79	NA	NA	0.03	0.29	NA	NA
ENSMUST00000052825.6|ENSMUSG00000051502|Ufsp1	24.8	137295591	chr5:137295440-137295665	0.46	0.08	NA	NA	0.13	0.35	0.17	NA	NA	NA	0.15	0.38
ENSMUST00000198526.4|ENSMUSG00000037364|Srrt	6238.3	137296466	chr5:137295716-137298286	0.78	0.83	0.70	0.89	0.97	0.80	1.00	0.68	0.78	0.76	0.77	0.70
ENSMUST00000024119.10|ENSMUSG00000023348|Trip6	483.1	137309894	chr5:137309653-137310045	0.00	0.00	0.00	0.07	0.04	0.00	0.03	0.00	0.00	0.00	NA	NA
ENSMUST00000039991.13|ENSMUSG00000037344|Slc12a9	104.0	137314783	chr5:137314557-137314953	0.56	0.28	0.35	0.39	0.62	0.55	0.22	0.38	0.27	0.44	0.27	0.42
ENSMUST00000144296.7|ENSMUSG00000029710|Ephb4	398.7	137374300	chr5:137373638-137378669	0.02	0.01	0.01	0.01	0.03	0.03	0.01	0.01	0.01	0.01	0.01	0.01
ENSMUST00000111035.1|ENSMUSG00000029715|Pop7	1133.0	137501498	chr5:137501437-137501649	0.26	0.19	0.23	0.17	0.22	0.25	0.12	0.22	0.30	0.23	0.28	0.23
ENSMUST00000031727.9|ENSMUSG00000029714|Gigyf1	11.0	137525920	chr5:137525701-137527935	0.08	0.07	0.12	0.10	NA	0.03	0.03	0.13	0.11	0.07	0.10	0.05
ENSMUST00000031726.14|ENSMUSG00000029713|Gnb2	11976.7	137528351	chr5:137528126-137528505	0.39	0.47	0.33	0.35	0.79	0.51	0.42	0.36	0.35	0.39	0.51	0.53
ENSMUST00000031725.9|ENSMUSG00000029712|Actl6b	829.1	137567418	chr5:137567267-137569557	0.01	0.00	0.00	0.00	0.00	0.00	0.00	0.00	NA	0.00	0.00	0.00
ENSMUST00000031729.12|ENSMUSG00000029716|Tfr2	21.7	137587263	chr5:137587101-137587481	NA	NA	0.38	0.39	0.32	0.56	0.33	0.38	0.40	0.46	0.58	0.31
ENSMUST00000111007.7|ENSMUSG00000037221|Mospd3	2515.6	137596873	chr5:137596644-137597024	0.27	0.35	0.28	0.30	0.67	0.31	0.22	0.22	0.29	0.23	0.34	0.24
ENSMUST00000177477.1|ENSMUSG00000093445|Lrch4	2104.7	137634249	chr5:137633925-137637614	0.11	0.10	0.12	0.10	0.09	0.11	0.13	0.11	0.11	0.10	0.05	0.12
ENSMUST00000177545.1|ENSMUSG00000029720|Gm20605	393.1	137640943	chr5:137640142-137642899	0.19	0.06	0.18	0.22	0.32	0.12	0.36	0.17	0.16	0.21	0.06	0.12
ENSMUST00000031736.15|ENSMUSG00000029722|Agfg2	121.1	137651143	chr5:137650462-137651771	0.63	0.44	0.39	0.25	0.94	0.50	0.58	0.37	0.33	0.40	0.37	0.44
ENSMUST00000118326.7|ENSMUSG00000045348|Nyap1	45.4	137731077	chr5:137729898-137731684	NA	0.06	0.05	0.02	NA	0.05	NA	0.06	0.00	NA	0.03	0.05
ENSMUST00000100539.9|ENSMUSG00000029723|Tsc22d4	20851.1	137759562	chr5:137759273-137761408	0.02	0.02	0.02	0.02	0.03	0.03	0.02	0.02	0.02	0.02	0.03	0.03
ENSMUST00000031740.15|ENSMUSG00000029726|Mepce	160.6	137782142	chr5:137781905-137782434	0.33	0.63	0.32	0.33	0.98	0.45	0.38	0.44	0.22	0.64	0.54	0.75
ENSMUST00000058897.10|ENSMUSG00000046245|Pilra	42.9	137823323	chr5:137821951-137823474	0.44	0.28	NA	NA	0.15	0.17	NA	NA	NA	NA	NA	NA
ENSMUST00000019660.10|ENSMUSG00000029729|Zkscan1	38.2	138104169	chr5:138101479-138107822	0.33	0.44	0.40	0.54	NA	0.36	NA	0.31	0.37	0.33	0.33	0.60
ENSMUST00000110961.8|ENSMUSG00000037017|Zscan21	107.1	138134031	chr5:138133880-138134265	0.41	0.29	0.21	0.24	0.27	0.36	0.26	0.14	0.31	0.19	0.38	0.38
ENSMUST00000049393.14|ENSMUSG00000037007|Zfp113	26.2	138143464	chr5:138139701-138144669	0.17	NA	0.26	0.30	NA	NA	0.39	0.15	0.39	0.38	NA	0.48
ENSMUST00000019638.14|ENSMUSG00000019494|Cops6	3768.5	138164024	chr5:138163873-138164646	0.24	0.31	0.37	0.26	0.10	0.23	0.18	0.25	0.20	0.16	0.29	0.27
ENSMUST00000143241.7|ENSMUSG00000019518|Ap4m1	71.2	138175024	chr5:138174786-138178681	0.19	NA	0.21	0.24	NA	0.17	NA	0.35	0.21	0.25	0.23	NA
ENSMUST00000153117.7|ENSMUSG00000036980|Taf6	5843.1	138181907	chr5:138178627-138183361	0.49	0.37	0.42	0.41	0.50	0.44	0.45	0.45	0.48	0.42	0.43	0.43
ENSMUST00000110934.8|ENSMUSG00000036968|Cnpy4	1940.4	138193397	chr5:138192898-138193918	0.21	0.20	0.22	0.22	0.48	0.32	0.18	0.24	0.22	0.22	0.41	0.44
ENSMUST00000057773.4|ENSMUSG00000049285|Mblac1	29.3	138195335	chr5:138195177-138195621	0.28	0.25	0.18	0.71	1.00	0.60	0.50	0.40	0.39	0.45	0.58	0.68
ENSMUST00000062067.7|ENSMUSG00000050552|Lamtor4	2803.8	138259285	chr5:138259134-138259395	0.29	0.30	0.30	0.36	0.57	0.42	0.32	0.32	0.25	0.39	0.41	0.38
ENSMUST00000161647.7|ENSMUSG00000075593|Gal3st4	259.8	138265144	chr5:138264920-138265295	0.27	0.40	0.20	0.26	1.00	0.31	0.26	0.24	0.32	0.32	0.83	1.00
ENSMUST00000085856.11|ENSMUSG00000036898|Zfp157	11.9	138458417	chr5:138457242-138460694	0.17	0.06	0.04	0.12	NA	NA	0.08	0.09	0.10	0.13	0.14	NA
ENSMUST00000110905.8|ENSMUSG00000058291|Zfp68	45.2	138604875	chr5:138603651-138606241	0.31	0.32	0.07	0.16	0.29	0.20	NA	0.26	0.15	0.29	0.14	0.26
ENSMUST00000069862.10|ENSMUSG00000056014|A430033K04Rik	18.9	138648089	chr5:138647894-138648836	1.00	0.56	0.94	0.78	0.50	0.83	NA	1.00	NA	0.93	NA	0.75
ENSMUST00000026973.13|ENSMUSG00000025855|Prkar1b	8240.7	139017666	chr5:139017305-139018661	0.67	0.68	0.75	0.75	1.00	0.90	0.81	0.73	0.65	0.64	0.89	0.85
ENSMUST00000026975.10|ENSMUSG00000025857|Dnaaf5	56.1	139186239	chr5:139185643-139186510	0.52	0.66	0.45	0.66	0.75	0.89	0.45	0.39	0.47	0.64	NA	0.46
ENSMUST00000127310.1|ENSMUSG00000036817|Sun1	960.8	139246974	chr5:139246823-139248506	0.34	0.32	0.33	0.35	0.29	0.27	0.34	0.33	0.34	0.33	0.31	0.33
ENSMUST00000026976.11|ENSMUSG00000025858|Get4	4494.3	139269254	chr5:139269066-139270051	0.46	0.47	0.56	0.56	0.39	0.42	0.63	0.56	0.54	0.61	0.53	0.63
ENSMUST00000110865.1|ENSMUSG00000056413|Adap1	3165.0	139272180	chr5:139271875-139273050	0.88	0.72	0.61	0.79	1.00	0.77	0.71	0.62	0.64	0.70	0.86	0.81
ENSMUST00000049630.12|ENSMUSG00000045438|Cox19	1558.8	139337954	chr5:139336188-139338293	0.06	0.07	0.07	0.06	0.08	0.05	0.06	0.06	0.04	0.04	0.14	0.18
ENSMUST00000051293.7|ENSMUSG00000044197|Gpr146	288.4	139393707	chr5:139393443-139396415	0.51	0.55	0.52	0.66	0.56	0.50	0.42	0.56	0.49	0.55	0.53	0.49
ENSMUST00000066211.4|ENSMUSG00000053647|Gper1	345.1	139427491	chr5:139427026-139427800	0.53	0.54	0.43	0.41	1.00	1.00	0.69	0.51	0.57	0.43	0.93	0.75
ENSMUST00000079996.12|ENSMUSG00000053581|Zfand2a	1026.3	139472153	chr5:139471210-139473541	0.94	0.87	0.81	0.89	0.91	1.00	1.00	0.90	0.93	0.69	0.93	0.85
ENSMUST00000072607.8|ENSMUSG00000029547|Ints1	97.7	139751369	chr5:139751281-139751520	0.12	0.32	0.19	0.21	0.67	0.20	0.23	0.26	NA	0.19	0.44	0.34
ENSMUST00000018287.9|ENSMUSG00000018143|Mafk	627.0	139801489	chr5:139800516-139802653	0.89	0.89	0.90	0.81	1.00	0.90	0.88	0.88	0.93	0.85	0.99	0.82
ENSMUST00000031531.13|ENSMUSG00000029551|Psmg3	817.7	139823772	chr5:139823591-139823923	0.27	0.20	0.26	0.30	0.57	0.28	0.17	0.20	0.20	0.25	0.35	0.31
ENSMUST00000110829.6|ENSMUSG00000029554|Mad1l1	28.0	140088629	chr5:140008688-140088800	0.00	0.00	0.00	0.00	0.00	0.00	0.00	0.00	0.00	0.00	0.00	0.00
ENSMUST00000071881.9|ENSMUSG00000036639|Nudt1	134.5	140337913	chr5:140337762-140338137	0.36	0.25	0.23	0.44	0.68	0.38	0.30	0.24	0.41	0.29	0.60	0.55
ENSMUST00000031536.7|ENSMUSG00000029557|Mrm2	95.4	140327942	chr5:140327673-140328340	0.51	0.61	0.25	0.46	0.57	0.53	0.38	0.40	0.72	0.50	0.60	0.64
ENSMUST00000197880.4|ENSMUSG00000029560|Snx8	518.3	140355959	chr5:140340298-140356150	0.13	0.13	0.16	0.13	0.13	0.11	0.12	0.13	0.11	0.12	0.12	NA
ENSMUST00000100507.7|ENSMUSG00000056076|Eif3b	82163.0	140442571	chr5:140442420-140443360	1.00	1.00	1.00	1.00	1.00	1.00	1.00	1.00	1.00	1.00	1.00	1.00
ENSMUST00000043050.8|ENSMUSG00000036599|Chst12	372.9	140525056	chr5:140524876-140525724	0.06	0.04	0.06	0.05	0.09	0.07	0.04	0.04	0.06	0.06	0.12	0.08
ENSMUST00000031555.2|ENSMUSG00000029570|Lfng	22.0	140615075	chr5:140614470-140615545	NA	0.36	0.85	0.22	0.89	0.31	NA	0.29	0.27	0.46	0.19	0.29
ENSMUST00000197452.4|ENSMUSG00000036565|Ttyh3	66.5	140623367	chr5:140620577-140623518	NA	0.65	1.00	1.00	NA	0.55	0.64	NA	1.00	0.91	0.67	1.00
ENSMUST00000041783.13|ENSMUSG00000036555|Iqce	31.0	140663751	chr5:140661826-140665368	NA	0.06	0.05	0.08	0.23	0.06	0.04	0.05	0.07	0.04	NA	0.08
ENSMUST00000153440.7|ENSMUSG00000000148|Brat1	888.4	140714946	chr5:140714588-140719173	0.37	0.32	0.29	0.29	0.49	0.26	0.35	0.25	0.34	0.29	0.41	0.33
ENSMUST00000176035.1|ENSMUSG00000050022|Amz1	66851.6	140752643	chr5:140752492-140761439	NA	1.00	1.00	1.00	1.00	1.00	1.00	1.00	1.00	1.00	1.00	1.00
ENSMUST00000000153.8|ENSMUSG00000000149|Gna12	4914.1	140760400	chr5:140758407-140760551	1.00	1.00	1.00	1.00	1.00	1.00	1.00	1.00	1.00	1.00	1.00	1.00
ENSMUST00000197173.4|ENSMUSG00000039623|Ap5z1	258.6	142466729	chr5:142466578-142468992	0.20	0.46	0.26	0.26	0.20	0.18	NA	0.37	0.27	0.33	0.32	0.31
ENSMUST00000037048.8|ENSMUSG00000039533|Mmd2	8836.4	142563643	chr5:142562357-142564740	0.04	0.04	0.03	0.04	0.10	0.04	0.04	0.04	0.05	0.03	0.06	0.07
ENSMUST00000036872.15|ENSMUSG00000029578|Wipi2	1224.2	142669438	chr5:142666969-142670588	0.15	0.10	0.11	0.10	0.37	0.15	0.13	0.10	0.10	0.08	0.27	0.18
ENSMUST00000058418.7|ENSMUSG00000050822|Slc29a4	54.7	142721960	chr5:142721487-142722490	NA	1.00	0.79	0.56	1.00	0.61	NA	0.47	NA	1.00	0.78	0.73
ENSMUST00000110766.7|ENSMUSG00000066640|Fbxl18	74.0	142871960	chr5:142866945-142872366	0.00	0.03	0.05	0.05	0.05	0.03	0.03	0.04	0.01	0.08	0.05	0.05
ENSMUST00000100497.10|ENSMUSG00000029580|Actb	187766.3	142903649	chr5:142903114-142903800	1.00	1.00	0.91	1.00	1.00	0.80	1.00	1.00	0.77	1.00	1.00	1.00
ENSMUST00000031565.14|ENSMUSG00000029581|Fscn1	1624.9	142972360	chr5:142972095-142973185	0.51	0.53	0.50	0.55	0.95	0.44	0.74	0.50	0.47	0.55	0.64	0.61
ENSMUST00000197296.4|ENSMUSG00000045078|Rnf216	77.1	143087464	chr5:142992616-143087615	0.02	0.02	0.02	0.02	0.04	0.02	0.02	0.02	0.03	0.03	0.02	0.03
ENSMUST00000049861.10|ENSMUSG00000061898|Rbak	25.4	143172609	chr5:143172185-143173163	1.00	NA	0.65	0.26	0.75	NA	NA	0.40	0.30	0.41	NA	NA
ENSMUST00000075916.7|ENSMUSG00000029587|Zfp12	231.3	143240474	chr5:143240323-143247956	0.73	0.70	0.82	1.00	0.60	NA	0.67	0.76	0.86	1.00	NA	0.83
ENSMUST00000161448.7|ENSMUSG00000046658|Zfp316	29.0	143251897	chr5:143249696-143253211	NA	0.07	0.04	0.02	NA	0.07	0.05	0.06	0.07	0.12	0.11	0.03
ENSMUST00000046418.2|ENSMUSG00000039244|E130309D02Rik	514.5	143301566	chr5:143301206-143301804	0.60	0.53	0.44	0.34	0.63	0.48	0.61	0.58	0.33	0.46	0.73	0.62
ENSMUST00000159813.7|ENSMUSG00000001844|Zdhhc4	22.5	143320230	chr5:143316489-143320427	0.00	0.00	0.00	0.00	0.00	0.00	0.00	0.00	0.00	0.00	0.00	0.00
ENSMUST00000110731.3|ENSMUSG00000079111|Kdelr2	3956.6	143421029	chr5:143420832-143421901	0.37	0.51	0.45	0.55	0.42	0.55	0.43	0.54	0.55	0.45	0.54	0.73
ENSMUST00000045593.11|ENSMUSG00000039206|Daglb	392.1	143504026	chr5:143503396-143505942	0.06	0.04	0.05	0.06	0.08	0.04	0.06	0.04	0.03	0.03	0.04	0.07
ENSMUST00000080537.13|ENSMUSG00000001847|Rac1	57685.1	143505681	chr5:143503633-143506977	0.03	0.03	0.02	0.02	0.05	0.03	0.03	0.02	0.03	0.03	0.04	0.04
ENSMUST00000101434.4|ENSMUSG00000118332|Fam220a	1.5	143551769	chr5:143551426-143564525	NA	0.02	NA	NA	NA	0.03	NA	NA	NA	NA	0.01	0.01
ENSMUST00000200267.1|ENSMUSG00000083012|Fam220a	68.0	143564268	chr5:143563614-143564531	0.74	0.48	0.37	0.56	1.00	0.94	0.41	0.61	0.36	0.50	0.51	0.54
ENSMUST00000116456.9|ENSMUSG00000018001|Cyth3	3092.7	143708114	chr5:143707902-143710250	0.96	0.87	0.96	0.83	1.00	0.96	1.00	0.94	0.85	0.85	1.00	0.86
ENSMUST00000100487.5|ENSMUSG00000029613|Eif2ak1	6092.2	143903190	chr5:143901886-143904251	0.02	0.06	0.09	0.04	0.09	0.03	0.10	0.08	0.07	0.10	0.09	0.24
ENSMUST00000148011.7|ENSMUSG00000079109|Pms2	5.7	143931321	chr5:143931156-143933968	0.07	NA	NA	NA	0.03	0.09	0.29	NA	0.07	NA	0.20	0.14
ENSMUST00000031621.10|ENSMUSG00000029617|Ccz1	525.5	143988045	chr5:143987908-143988196	0.22	0.30	0.24	0.24	0.41	0.32	0.35	0.23	0.27	0.14	0.28	0.22
ENSMUST00000041804.7|ENSMUSG00000038970|Lmtk2	165.7	144184892	chr5:144184741-144188204	NA	1.00	NA	NA	NA	NA	NA	1.00	0.71	0.85	1.00	1.00
ENSMUST00000085701.6|ENSMUSG00000066621|Tecpr1	378.1	144195571	chr5:144194441-144195918	0.26	0.19	0.25	0.20	0.31	0.33	0.19	0.20	0.18	0.16	0.35	0.22
ENSMUST00000055190.7|ENSMUSG00000038859|Baiap2l1	21.7	144265760	chr5:144264525-144265959	0.61	0.60	0.69	0.64	0.78	NA	0.86	0.51	NA	NA	NA	NA
ENSMUST00000071782.7|ENSMUSG00000059991|Nptx2	40.1	144556784	chr5:144556391-144557478	0.57	0.45	0.51	0.16	NA	NA	NA	NA	NA	NA	0.65	0.44
ENSMUST00000061446.7|ENSMUSG00000043388|Tmem130	92.9	144737165	chr5:144735914-144737345	NA	1.00	1.00	0.67	NA	NA	NA	0.90	NA	NA	1.00	0.75
ENSMUST00000100467.9|ENSMUSG00000045482|Trrap	215.4	144859360	chr5:144858955-144859778	0.71	0.82	0.82	0.53	1.00	0.91	0.60	0.56	0.43	0.57	0.65	0.55
ENSMUST00000110677.7|ENSMUSG00000038780|Smurf1	224.4	144879208	chr5:144876494-144879359	1.00	0.58	0.85	0.68	0.55	0.56	1.00	1.00	0.65	0.69	0.79	0.80
ENSMUST00000085679.12|ENSMUSG00000029622|Arpc1b	39642.5	145128007	chr5:145127856-145129699	0.01	0.01	0.01	0.01	0.03	0.01	0.01	0.01	0.01	0.01	0.03	0.02
ENSMUST00000031627.8|ENSMUSG00000029623|Pdap1	137.0	145129799	chr5:145128768-145130319	0.30	0.11	0.20	0.09	0.20	0.08	0.08	0.10	0.09	0.11	0.10	0.09
ENSMUST00000031628.9|ENSMUSG00000029624|Ptcd1	12068.0	145147834	chr5:145147513-145148334	0.27	0.21	0.36	0.33	0.27	0.12	0.20	0.37	0.18	0.31	0.12	0.25
ENSMUST00000162360.7|ENSMUSG00000038690|Atp5j2	113760.8	145184493	chr5:145183705-145184644	0.04	0.00	0.01	0.01	0.00	0.00	0.01	0.03	0.00	0.00	0.00	0.00
ENSMUST00000161859.7|ENSMUSG00000029634|Rnf6	300.9	146209534	chr5:146209191-146210205	0.79	0.74	0.68	0.60	0.91	0.75	0.56	0.51	0.84	0.45	0.82	0.69
ENSMUST00000162494.7|ENSMUSG00000029635|Cdk8	21.4	146286294	chr5:146286143-146302874	0.08	0.06	0.10	0.11	0.14	0.07	0.13	0.13	0.09	0.06	NA	0.06
ENSMUST00000016143.8|ENSMUSG00000029636|Wasf3	102.9	146470525	chr5:146470374-146473615	NA	1.00	0.83	0.97	NA	1.00	NA	NA	NA	NA	1.00	1.00
ENSMUST00000085614.5|ENSMUSG00000029640|Usp12	79.4	146736902	chr5:146734808-146737681	0.91	1.00	0.89	1.00	0.71	0.82	NA	1.00	1.00	0.98	1.00	0.93
ENSMUST00000035983.11|ENSMUSG00000041453|Rpl21	598.5	146836101	chr5:146835950-146837032	0.17	0.19	0.30	NA	0.17	0.34	0.25	0.56	0.23	0.49	0.09	0.22
ENSMUST00000031646.7|ENSMUSG00000029641|Rasl11a	844.6	146847623	chr5:146847472-146847726	0.21	0.15	0.19	0.11	0.81	0.26	0.19	0.19	0.22	0.12	0.32	0.30
ENSMUST00000132102.1|ENSMUSG00000016503|Gtf3a	3730.3	146955499	chr5:146955282-146955606	1.00	0.88	0.79	0.89	0.81	0.83	0.91	0.74	0.92	0.90	0.71	0.77
ENSMUST00000066675.9|ENSMUSG00000016510|Mtif3	12006.6	146955123	chr5:146951572-146955596	0.23	0.28	0.28	0.27	0.24	0.32	0.26	0.28	0.30	0.28	0.35	0.29
ENSMUST00000016664.7|ENSMUSG00000016520|Lnx2	101.1	147017532	chr5:147016654-147018923	0.47	0.35	0.53	0.37	0.33	0.35	NA	0.32	0.32	0.27	NA	0.40
ENSMUST00000110529.5|ENSMUSG00000029648|Flt1	5801.0	147637504	chr5:147635158-147639132	0.05	0.05	0.06	0.06	0.15	0.06	0.12	0.06	0.03	0.03	0.08	0.07
ENSMUST00000118527.7|ENSMUSG00000029650|Slc46a3	203.1	147878726	chr5:147878436-147879135	0.53	0.56	0.51	0.61	1.00	0.47	0.46	0.54	0.52	0.38	0.92	1.00
ENSMUST00000146425.1|ENSMUSG00000029651|Mtus2	177.8	148289096	chr5:148288945-148313552	NA	0.03	0.02	0.03	NA	0.04	0.03	0.04	NA	NA	0.03	0.03
ENSMUST00000079324.13|ENSMUSG00000001687|Ubl3	8731.2	148505379	chr5:148504634-148506137	0.69	0.67	0.53	0.51	1.00	1.00	0.50	0.54	0.62	0.55	0.81	0.78
ENSMUST00000047257.14|ENSMUSG00000041298|Katnal1	200.9	148874349	chr5:148871583-148876140	0.46	0.19	0.14	0.19	NA	0.21	0.21	0.34	0.26	0.26	0.15	0.17
ENSMUST00000085546.12|ENSMUSG00000066551|Hmgb1	81336.0	149048439	chr5:149046701-149048739	0.10	0.13	0.12	0.12	0.14	0.11	0.08	0.12	0.14	0.13	0.16	0.16
ENSMUST00000126168.7|ENSMUSG00000041264|Uspl1	97.4	149194440	chr5:149194020-149215430	0.03	0.03	0.03	0.03	0.04	0.04	0.02	0.03	0.04	0.03	0.03	0.03
ENSMUST00000071130.4|ENSMUSG00000060063|Alox5ap	1423.2	149287926	chr5:149287731-149288153	0.46	0.11	0.18	0.41	0.64	0.30	0.28	0.17	0.27	0.25	0.28	0.28
ENSMUST00000093110.11|ENSMUSG00000029659|Medag	75.2	149430900	chr5:149429908-149431723	0.60	0.50	0.56	0.58	0.44	0.54	0.87	0.59	0.37	0.25	0.76	0.80
ENSMUST00000201452.3|ENSMUSG00000029657|Hsph1	561.8	149617033	chr5:149614286-149617509	0.02	0.02	0.01	0.02	0.05	0.02	0.02	0.01	0.02	0.02	0.03	0.03
ENSMUST00000100404.5|ENSMUSG00000051950|B3glct	28.5	149759806	chr5:149759603-149762599	0.17	0.33	0.52	0.43	0.08	0.26	0.18	0.27	0.30	0.47	NA	0.53
ENSMUST00000087204.8|ENSMUSG00000056602|Fry	178.4	150496674	chr5:150496422-150497753	1.00	0.86	0.56	0.84	1.00	NA	0.82	0.64	0.67	0.56	1.00	0.98
ENSMUST00000118316.7|ENSMUSG00000029655|N4bp2l2	17.0	150641784	chr5:150635971-150643116	0.22	0.19	0.40	0.22	0.64	0.52	0.50	0.27	NA	0.26	NA	NA
ENSMUST00000016569.10|ENSMUSG00000034021|Pds5b	69.2	150808549	chr5:150807845-150810690	0.50	0.78	0.35	0.51	0.39	0.74	0.35	0.52	0.54	0.38	1.00	0.91
ENSMUST00000078856.7|ENSMUSG00000058488|Kl	90.6	150993260	chr5:150991851-150993817	0.10	NA	0.52	0.62	NA	NA	0.39	0.35	0.53	0.39	NA	0.51
ENSMUST00000110483.8|ENSMUSG00000016128|Stard13	118.6	151039370	chr5:151037509-151039657	1.00	0.93	0.68	0.71	0.78	0.73	0.82	0.97	0.89	1.00	0.41	0.85
